10 -1075404.993703
10 -1072888.879428
10 -1075324.738975
10 -1074761.526691
10 -1074189.564143
10 -1074720.765879
10 -1074829.958043
10 -1079709.912762
10 -1076021.478536
10 -1076652.136494
10 -1073541.903668
10 -1075409.976357
10 -1074673.496953
10 -1074194.765184
10 -1073368.764488
10 -1072027.978429
10 -1074698.431072
10 -1075426.383901
10 -1072108.023714
10 -1074961.535384
10 -1073364.564368
10 -1073494.885009
10 -1073435.756924
10 -1075124.307238
10 -1078329.186443
10 -1073458.397042
10 -1073435.485092
10 -1076294.999495
10 -1074875.530805
10 -1074217.280468
10 -1076944.715774
10 -1073400.85955
10 -1075856.832397
10 -1080323.72513
10 -1073454.184488
10 -1069825.15124
10 -1074694.053243
10 -1079112.013525
10 -1076463.365093
10 -1079749.153449
10 -1074074.155691
10 -1075281.639433
10 -1073425.830091
10 -1079194.497667
10 -1073726.579066
10 -1075123.526391
10 -1077374.682172
10 -1074695.872059
10 -1077289.741268
10 -1075346.858396
11 -1068107.153267
11 -1066334.89311
11 -1066254.310245
11 -1070620.665845
11 -1071457.921694
11 -1066599.230143
11 -1071798.120966
11 -1072199.598793
11 -1066357.077158
11 -1065823.210039
11 -1067508.118295
11 -1066994.234656
11 -1065813.200756
11 -1066352.474424
11 -1067521.39441
11 -1069661.761707
11 -1066207.364686
11 -1067001.867022
11 -1069546.030566
11 -1070066.115153
11 -1065640.810548
11 -1065839.705709
11 -1068095.335119
11 -1071191.337434
11 -1067197.73903
11 -1063986.375461
11 -1065693.038175
11 -1073282.515337
11 -1070565.137849
11 -1063110.025423
11 -1070731.055142
11 -1066023.850217
11 -1067238.618856
11 -1071187.688128
11 -1068445.238221
11 -1072390.289669
11 -1065966.386095
11 -1068952.018369
11 -1067992.148791
11 -1068415.829027
11 -1065803.569067
11 -1069561.998317
11 -1071563.273176
11 -1066187.810943
11 -1071029.47386
11 -1068795.403695
11 -1070408.348813
11 -1069441.3911
11 -1067200.685759
11 -1068656.995348
12 -1061776.277501
12 -1067551.502716
12 -1058619.547571
12 -1059471.935101
12 -1061796.197578
12 -1060690.200481
12 -1063724.002123
12 -1064072.188314
12 -1061850.957733
12 -1058732.716308
12 -1062772.178002
12 -1066138.860468
12 -1061709.162754
12 -1059828.054823
12 -1058879.551056
12 -1062643.762758
12 -1062064.495428
12 -1059060.187887
12 -1058966.979798
12 -1058784.595692
12 -1062525.834876
12 -1061806.898554
12 -1064999.491232
12 -1061860.283671
12 -1062412.197492
12 -1062198.715252
12 -1058296.391861
12 -1060297.522052
12 -1063769.682008
12 -1059155.102222
12 -1064398.818442
12 -1058769.635829
12 -1063481.763851
12 -1063142.502778
12 -1062933.149239
12 -1058863.100367
12 -1059710.509624
12 -1064995.152596
12 -1066018.45029
12 -1064866.693592
12 -1060040.179773
12 -1058797.153496
12 -1063078.686228
12 -1063701.377348
12 -1063342.701126
12 -1066878.191184
12 -1061150.249742
12 -1060670.924818
12 -1059478.342929
12 -1057974.354903
13 -1054110.205466
13 -1055579.013906
13 -1056400.662877
13 -1058137.322984
13 -1054610.391275
13 -1056607.641502
13 -1051378.91124
13 -1056221.884038
13 -1057185.234281
13 -1054057.151001
13 -1054465.132903
13 -1059276.826337
13 -1052002.318552
13 -1055950.541141
13 -1055393.389975
13 -1055016.207002
13 -1055282.725278
13 -1057139.078968
13 -1057254.228022
13 -1055572.44089
13 -1057189.107491
13 -1058402.48616
13 -1055382.938436
13 -1059033.852071
13 -1057970.455601
13 -1055350.369909
13 -1056421.822348
13 -1058817.567146
13 -1055606.782696
13 -1052720.292109
13 -1051446.822058
13 -1054596.218513
13 -1054088.106164
13 -1055226.264177
13 -1052055.671872
13 -1051546.081959
13 -1058817.381991
13 -1054316.914347
13 -1052139.074915
13 -1055550.759541
13 -1051664.789519
13 -1056860.985666
13 -1058874.090191
13 -1054951.140048
13 -1058567.754763
13 -1053753.462609
13 -1057629.286915
13 -1051411.721744
13 -1052078.975903
13 -1054662.591764
14 -1044668.371067
14 -1051219.907551
14 -1049644.274657
14 -1047603.517398
14 -1044726.554147
14 -1047209.279403
14 -1052104.033834
14 -1047784.497134
14 -1047184.133495
14 -1047851.020543
14 -1047983.825881
14 -1053267.164189
14 -1050694.821831
14 -1053157.866716
14 -1045339.212426
14 -1048288.598615
14 -1047557.143822
14 -1045742.786022
14 -1048312.417335
14 -1049824.173279
14 -1045044.659196
14 -1048033.803352
14 -1047521.7353
14 -1047702.361156
14 -1047929.601337
14 -1050452.332754
14 -1047971.885889
14 -1048038.63401
14 -1048696.604778
14 -1051466.645292
14 -1047287.795743
14 -1044862.612131
14 -1045178.13676
14 -1048704.845812
14 -1047612.158489
14 -1047668.034387
14 -1045011.082151
14 -1047656.487324
14 -1044758.943691
14 -1047448.314183
14 -1052560.908301
14 -1053207.287921
14 -1044556.117734
14 -1048507.038949
14 -1053455.329523
14 -1047926.830448
14 -1051447.648579
14 -1047695.330305
14 -1048731.890684
14 -1051169.472383
15 -1043859.1359
15 -1038971.481103
15 -1040964.085914
15 -1042793.815382
15 -1043975.166372
15 -1041968.510792
15 -1038166.464899
15 -1042181.475842
15 -1042369.391531
15 -1045511.377083
15 -1038665.333318
15 -1041824.410893
15 -1044909.832363
15 -1040827.2774
15 -1040900.711396
15 -1044115.026677
15 -1043185.596312
15 -1043899.740967
15 -1043610.198911
15 -1044904.33775
15 -1042704.37998
15 -1045665.509967
15 -1043594.863009
15 -1040897.961488
15 -1041259.191905
15 -1040814.339593
15 -1043642.315318
15 -1049623.416409
15 -1042091.499359
15 -1042942.80307
15 -1042999.776304
15 -1043473.12118
15 -1040870.729385
15 -1044404.71603
15 -1038882.708734
15 -1043787.833857
15 -1040603.748598
15 -1045252.477036
15 -1041968.029338
15 -1040792.132756
15 -1040796.523903
15 -1040920.676693
15 -1043840.367685
15 -1044845.618773
15 -1043997.889666
15 -1040654.710588
15 -1041200.559213
15 -1041219.790366
15 -1045504.311527
15 -1043805.917641
16 -1038186.202545
16 -1040020.170973
16 -1036637.257203
16 -1037005.253594
16 -1034733.286709
16 -1037113.056738
16 -1032347.199517
16 -1037160.449329
16 -1037039.444999
16 -1039566.822383
16 -1036591.842946
16 -1038707.243411
16 -1036816.13538
16 -1036649.444973
16 -1041779.155752
16 -1034845.10022
16 -1039773.670152
16 -1034717.691042
16 -1040535.91136
16 -1041559.507288
16 -1039860.051054
16 -1037497.823711
16 -1034812.981083
16 -1034244.932413
16 -1034318.369128
16 -1038281.235972
16 -1037349.848147
16 -1037665.315916
16 -1034207.196947
16 -1038254.577586
16 -1039677.300432
16 -1037225.79325
16 -1036927.250333
16 -1032551.995431
16 -1034909.280993
16 -1035930.865451
16 -1039301.366135
16 -1040833.933369
16 -1037199.787534
16 -1040973.89672
16 -1038148.649079
16 -1034780.828825
16 -1041482.144435
16 -1038882.210418
16 -1038400.098791
16 -1034726.086001
16 -1037559.887874
16 -1036775.801589
16 -1042094.945628
16 -1037982.214883
17 -1030578.080062
17 -1033742.651614
17 -1033019.130177
17 -1027256.065062
17 -1031247.135005
17 -1033227.244834
17 -1034329.087024
17 -1030815.536814
17 -1030581.876581
17 -1034275.54065
17 -1027759.188216
17 -1030820.711742
17 -1030623.995945
17 -1033080.706607
17 -1028829.018079
17 -1028508.348702
17 -1036297.50043
17 -1033057.031654
17 -1030611.070977
17 -1028469.971831
17 -1030031.738994
17 -1028743.838171
17 -1030831.868807
17 -1031209.44033
17 -1031881.481755
17 -1030000.243152
17 -1032826.220834
17 -1030069.966295
17 -1030610.67283
17 -1032236.93901
17 -1035178.685421
17 -1032908.856968
17 -1033379.764382
17 -1030089.360006
17 -1027652.464652
17 -1036090.742062
17 -1033543.178057
17 -1031531.367229
17 -1028286.401344
17 -1030966.41421
17 -1031025.429707
17 -1036363.305513
17 -1030346.022814
17 -1031970.520441
17 -1030843.635955
17 -1028147.740033
17 -1032394.379235
17 -1028381.518285
17 -1028133.022854
17 -1032518.066082
18 -1026381.669676
18 -1024950.627168
18 -1027042.043179
18 -1028035.630794
18 -1024243.256871
18 -1025265.300001
18 -1021809.4013
18 -1021227.494563
18 -1025889.571112
18 -1024818.623419
18 -1024619.780903
18 -1029624.006879
18 -1024201.510604
18 -1024683.410245
18 -1027179.9137
18 -1030053.871646
18 -1025269.121268
18 -1024091.45833
18 -1025072.222397
18 -1023978.282469
18 -1024219.258144
18 -1021935.620799
18 -1025540.109477
18 -1024101.344456
18 -1026991.342117
18 -1024559.215589
18 -1032714.421186
18 -1024577.764324
18 -1029393.546742
18 -1024573.674024
18 -1024161.821134
18 -1023651.96093
18 -1024792.998339
18 -1024410.05652
18 -1022430.685663
18 -1025556.826586
18 -1021403.519692
18 -1024911.213466
18 -1024365.199039
18 -1027719.202286
18 -1027072.679419
18 -1030717.193299
18 -1026912.447943
18 -1025078.919241
18 -1027916.139597
18 -1023785.2287
18 -1026881.853175
18 -1026875.134321
18 -1022321.327789
18 -1027468.714983
19 -1022000.397098
19 -1020521.88911
19 -1019005.727179
19 -1018087.782822
19 -1020194.487294
19 -1018295.22552
19 -1019763.274206
19 -1018384.900904
19 -1018585.410397
19 -1017532.980362
19 -1022571.196927
19 -1019631.778645
19 -1020018.697469
19 -1020705.947689
19 -1017414.115015
19 -1020861.057858
19 -1016908.175381
19 -1020870.053954
19 -1016949.359791
19 -1019748.164778
19 -1016858.246207
19 -1024144.447734
19 -1020251.891756
19 -1020217.675163
19 -1023380.317456
19 -1018513.18748
19 -1021163.49893
19 -1022356.389292
19 -1023474.102791
19 -1015439.637563
19 -1019860.283464
19 -1017507.987008
19 -1025506.884043
19 -1020776.695308
19 -1018955.354592
19 -1019436.231768
19 -1017839.777415
19 -1019755.196933
19 -1024710.970893
19 -1020364.847047
19 -1018831.48096
19 -1022390.72309
19 -1017721.797551
19 -1017691.449338
19 -1017843.609764
19 -1018159.057466
19 -1020221.371993
19 -1019039.63219
19 -1020068.405795
19 -1017737.208132
1 -1379863.929091
1 -1379863.929091
1 -1379863.929091
1 -1379863.929091
1 -1379863.929091
1 -1379863.929091
1 -1379863.929091
1 -1379863.929091
1 -1379863.929091
1 -1379863.929091
1 -1379863.929091
1 -1379863.929091
1 -1379863.929091
1 -1379863.929091
1 -1379863.929091
1 -1379863.929091
1 -1379863.929091
1 -1379863.929091
1 -1379863.929091
1 -1379863.929091
1 -1379863.929091
1 -1379863.929091
1 -1379863.929091
1 -1379863.929091
1 -1379863.929091
1 -1379863.929091
1 -1379863.929091
1 -1379863.929091
1 -1379863.929091
1 -1379863.929091
1 -1379863.929091
1 -1379863.929091
1 -1379863.929091
1 -1379863.929091
1 -1379863.929091
1 -1379863.929091
1 -1379863.929091
1 -1379863.929091
1 -1379863.929091
1 -1379863.929091
1 -1379863.929091
1 -1379863.929091
1 -1379863.929091
1 -1379863.929091
1 -1379863.929091
1 -1379863.929091
1 -1379863.929091
1 -1379863.929091
1 -1379863.929091
1 -1379863.929091
20 -1011827.555986
20 -1016878.954813
20 -1014147.676189
20 -1017024.020511
20 -1011462.611259
20 -1012255.429215
20 -1016318.749352
20 -1014174.864408
20 -1016861.504458
20 -1014235.983583
20 -1018392.413844
20 -1012806.021178
20 -1012274.217437
20 -1014418.588698
20 -1017473.794995
20 -1013876.500801
20 -1012272.698413
20 -1012515.186544
20 -1017355.680776
20 -1016673.757213
20 -1013920.095668
20 -1019641.338848
20 -1014592.809554
20 -1014490.220193
20 -1012646.574995
20 -1013668.868792
20 -1014854.689589
20 -1018627.851137
20 -1014041.232724
20 -1012816.413958
20 -1015021.587975
20 -1022192.65579
20 -1016130.836995
20 -1013998.083283
20 -1017460.11248
20 -1017490.395279
20 -1011725.898848
20 -1016787.837868
20 -1015633.669482
20 -1013718.184072
20 -1014594.174565
20 -1014002.537317
20 -1014264.374476
20 -1013867.587596
20 -1014471.550181
20 -1016018.384448
20 -1014960.89797
20 -1017031.704349
20 -1017397.452151
20 -1014940.977749
21 -1005609.815624
21 -1008053.721205
21 -1013614.01634
21 -1007862.590853
21 -1007991.277684
21 -1006382.489721
21 -1008497.023353
21 -1005260.030089
21 -1010577.554421
21 -1010254.751276
21 -1011192.719631
21 -1005867.980612
21 -1008312.81819
21 -1008196.472945
21 -1008553.627661
21 -1008143.164417
21 -1008909.237351
21 -1006717.486736
21 -1012023.253846
21 -1008915.846312
21 -1014840.152507
21 -1005908.136326
21 -1005875.495625
21 -1005974.981066
21 -1010330.892112
21 -1010532.597841
21 -1008473.634927
21 -1007607.39521
21 -1007981.490366
21 -1009042.767623
21 -1008774.289893
21 -1006277.544388
21 -1005730.504279
21 -1013758.384308
21 -1003909.429174
21 -1010413.352193
21 -1008446.876405
21 -1013477.680221
21 -1013944.951465
21 -1005277.085242
21 -1008711.453949
21 -1010804.430363
21 -1007937.754475
21 -1013321.376225
21 -1008679.321771
21 -1008733.631354
21 -1008987.552026
21 -1008235.919974
21 -1007818.782656
21 -1008750.344702
22 -1004223.087024
22 -1001147.199093
22 -1001797.621473
22 -1002118.681094
22 -1005554.699777
22 -1004569.259509
22 -1004287.239569
22 -1003539.685059
22 -1001287.767277
22 -1006352.625541
22 -1006806.766019
22 -1004541.167399
22 -1005926.016054
22 -1002569.344395
22 -1004295.188387
22 -1005008.299157
22 -1002036.971951
22 -1007119.965427
22 -1003187.176617
22 -1006802.166907
22 -1006908.480374
22 -1003596.457445
22 -1001694.916182
22 -1002462.803961
22 -1005237.518664
22 -1004832.598823
22 -1006431.515753
22 -1002384.96457
22 -1007843.80104
22 -1010553.377686
22 -1000205.781596
22 -1002972.565427
22 -1001540.3214
22 -1001504.641445
22 -1003840.352556
22 -1005442.798495
22 -1003511.952019
22 -1002213.664444
22 -1000566.645239
22 -1003912.893253
22 -1004178.842075
22 -1005806.659372
22 -1003393.121489
22 -1003404.325918
22 -1004040.166264
22 -1000954.739337
22 -1008477.168992
22 -1004129.264347
22 -1001650.48492
22 -1002607.781685
23 -998859.824597
23 -999385.118461
23 -1000284.662638
23 -1002512.720182
23 -995784.544082
23 -996441.70231
23 -1000868.99425
23 -998388.929516
23 -999011.649106
23 -999469.439531
23 -996814.254249
23 -999404.830741
23 -1000828.42682
23 -997591.689144
23 -998777.68352
23 -995855.742805
23 -999902.347494
23 -996366.907952
23 -1000571.424499
23 -995858.712256
23 -996674.941869
23 -998146.956558
23 -998186.3973
23 -995439.428634
23 -1001128.746711
23 -999207.003503
23 -996900.811347
23 -1000522.954601
23 -998665.742552
23 -996024.695787
23 -998574.88017
23 -997611.662287
23 -1001632.10997
23 -999880.781828
23 -998113.550224
23 -996965.496783
23 -999302.132242
23 -998532.267569
23 -998506.310112
23 -996542.933441
23 -996485.341017
23 -996809.413963
23 -1000345.540815
23 -999925.869864
23 -995835.205244
23 -1000494.692608
23 -997039.938008
23 -995894.324872
23 -998187.097189
23 -998016.821775
2 -1189207.270746
2 -1189207.268393
2 -1189207.261153
2 -1189207.268119
2 -1189207.248459
2 -1189207.253601
2 -1189207.269211
2 -1189207.259344
2 -1189207.268355
2 -1189207.257105
2 -1189207.262791
2 -1189207.221751
2 -1189207.269951
2 -1189207.22737
2 -1189207.263794
2 -1189207.246965
2 -1189207.254349
2 -1189207.263351
2 -1189207.233409
2 -1189207.224634
2 -1189207.251377
2 -1189207.264148
2 -1189207.2665
2 -1189207.228295
2 -1189207.258057
2 -1189207.205728
2 -1189207.259753
2 -1189207.248084
2 -1189207.266992
2 -1189207.23541
2 -1189207.263105
2 -1189207.240595
2 -1189207.259313
2 -1189207.170099
2 -1189207.164295
2 -1189207.244215
2 -1189207.260015
2 -1189207.24979
2 -1189207.251552
2 -1189207.260304
2 -1189207.266867
2 -1189207.251424
2 -1189207.268445
2 -1189207.26639
2 -1189207.26535
2 -1189207.247396
2 -1189207.212871
2 -1189207.244711
2 -1189207.234627
2 -1189207.266551
3 -1152598.371874
3 -1152598.376439
3 -1152598.374966
3 -1152598.372459
3 -1152598.394408
3 -1152598.373958
3 -1152598.390475
3 -1152598.376529
3 -1152598.38256
3 -1152598.371069
3 -1152598.372632
3 -1152598.374639
3 -1152598.366083
3 -1152598.384283
3 -1152598.374961
3 -1152598.384689
3 -1152598.385743
3 -1152598.387758
3 -1152598.372868
3 -1152598.38438
3 -1152598.375076
3 -1152598.378533
3 -1152598.373778
3 -1152598.372706
3 -1152598.36618
3 -1152598.387303
3 -1152598.379335
3 -1152598.391329
3 -1152598.38064
3 -1152598.382872
3 -1152598.380139
3 -1152598.387318
3 -1152598.373756
3 -1152598.38685
3 -1152598.387076
3 -1152598.381338
3 -1152598.364593
3 -1152598.381165
3 -1152598.383785
3 -1152598.374948
3 -1152598.374758
3 -1152598.388874
3 -1152598.380735
3 -1152598.375314
3 -1152598.387419
3 -1152598.380964
3 -1152598.38279
3 -1152598.395877
3 -1152598.388641
3 -1152598.380017
4 -1125460.876185
4 -1125460.880716
4 -1125460.876349
4 -1125460.879813
4 -1125460.850799
4 -1125460.890788
4 -1125460.883597
4 -1125460.873194
4 -1125460.867907
4 -1125460.882741
4 -1125460.879621
4 -1125460.86574
4 -1125460.880911
4 -1125460.880548
4 -1125460.86854
4 -1125460.844471
4 -1125460.84882
4 -1125460.86048
4 -1125460.862712
4 -1125460.875273
4 -1125460.893801
4 -1125460.870382
4 -1125460.865619
4 -1125460.846978
4 -1125460.886852
4 -1125460.874027
4 -1125460.888988
4 -1125460.853198
4 -1125460.845692
4 -1125460.895879
4 -1125460.872813
4 -1125460.876427
4 -1125460.87186
4 -1125460.876377
4 -1125460.879638
4 -1125460.880763
4 -1125460.882788
4 -1125460.855599
4 -1125460.882214
4 -1125460.889913
4 -1125460.876014
4 -1125460.868481
4 -1125460.871236
4 -1125460.860063
4 -1125460.884779
4 -1125460.860941
4 -1125460.857437
4 -1125460.852122
4 -1125460.882404
4 -1125460.87335
5 -1117453.147632
5 -1114576.400331
5 -1114454.989106
5 -1114576.409436
5 -1114576.402033
5 -1114953.624455
5 -1117453.044879
5 -1114482.903051
5 -1117637.154614
5 -1114652.445741
5 -1114659.289184
5 -1114852.290525
5 -1114634.167666
5 -1117453.036624
5 -1114852.245146
5 -1121216.565818
5 -1114852.265392
5 -1115371.242251
5 -1114852.238052
5 -1114953.68005
5 -1117453.086434
5 -1115371.081499
5 -1114652.460145
5 -1117453.190117
5 -1115822.358218
5 -1121306.092609
5 -1114702.025344
5 -1114852.327551
5 -1117453.163792
5 -1114652.452657
5 -1114454.953549
5 -1114952.881916
5 -1114852.279775
5 -1117453.147837
5 -1114454.985451
5 -1114887.791932
5 -1117453.141318
5 -1114852.239252
5 -1114652.50498
5 -1114701.972535
5 -1117453.141908
5 -1117453.158126
5 -1114852.339496
5 -1117453.173398
5 -1114576.386738
5 -1117453.175016
5 -1117452.851195
5 -1117453.161605
5 -1114454.997442
5 -1114634.189776
6 -1106663.873396
6 -1106935.068118
6 -1104740.099694
6 -1106718.084793
6 -1104184.856757
6 -1104065.404069
6 -1104961.753385
6 -1106738.302945
6 -1106717.850663
6 -1106851.896309
6 -1106981.58622
6 -1106046.153633
6 -1106737.829908
6 -1106981.653193
6 -1106484.275952
6 -1106512.780781
6 -1106680.329688
6 -1106629.367436
6 -1106664.035809
6 -1106666.330555
6 -1104432.408286
6 -1106737.874375
6 -1105082.706079
6 -1106629.357243
6 -1106680.301751
6 -1104053.426389
6 -1107534.377527
6 -1105244.556313
6 -1106666.078774
6 -1105341.228071
6 -1106717.887918
6 -1104139.928854
6 -1106851.88445
6 -1110458.624699
6 -1106484.225072
6 -1106666.357401
6 -1104139.994637
6 -1110565.471931
6 -1106738.280351
6 -1104812.307851
6 -1109646.327655
6 -1104432.395561
6 -1104139.9385
6 -1106663.810854
6 -1106663.83335
6 -1106628.817076
6 -1110736.283038
6 -1106851.856007
6 -1106484.248928
6 -1106666.088642
7 -1097198.994571
7 -1097113.722279
7 -1097110.652089
7 -1096874.67401
7 -1096428.116826
7 -1100008.073995
7 -1095556.501734
7 -1100453.147438
7 -1096106.332218
7 -1099957.305279
7 -1096473.970423
7 -1100230.404608
7 -1098942.141186
7 -1097373.658256
7 -1100537.374306
7 -1096197.376299
7 -1102523.130679
7 -1094425.852906
7 -1102406.556711
7 -1094484.245005
7 -1096466.472696
7 -1100482.946155
7 -1096738.396747
7 -1096900.576619
7 -1102366.681512
7 -1099898.594982
7 -1096875.071029
7 -1094425.81338
7 -1097097.274455
7 -1095922.143718
7 -1096105.702958
7 -1096301.226208
7 -1099999.122035
7 -1096129.477641
7 -1096875.087502
7 -1096427.454153
7 -1097273.451953
7 -1096105.668852
7 -1098685.03818
7 -1096129.707998
7 -1100670.011531
7 -1096428.057198
7 -1096784.491623
7 -1100549.186791
7 -1096301.26581
7 -1099902.629921
7 -1096229.338601
7 -1096466.466053
7 -1097452.722174
7 -1098924.826794
8 -1091966.712742
8 -1088441.99589
8 -1089317.029871
8 -1090618.307962
8 -1087405.643609
8 -1089071.772268
8 -1092221.163695
8 -1092081.090525
8 -1087169.269699
8 -1086859.615283
8 -1091020.126641
8 -1089313.305097
8 -1092763.106804
8 -1087045.358444
8 -1093436.07433
8 -1092296.375334
8 -1090518.827691
8 -1091863.786832
8 -1087292.280904
8 -1090972.705944
8 -1086522.89073
8 -1092547.041358
8 -1087169.238224
8 -1086545.690588
8 -1088448.317564
8 -1087404.205633
8 -1086545.394318
8 -1092959.59221
8 -1089209.821494
8 -1087291.835629
8 -1088322.986134
8 -1092870.087045
8 -1092332.680827
8 -1092243.967375
8 -1087279.568296
8 -1096112.116138
8 -1091976.751506
8 -1092558.195172
8 -1092152.911952
8 -1087045.291331
8 -1086545.446496
8 -1086522.944682
8 -1087177.575967
8 -1092056.455875
8 -1092685.075763
8 -1092074.270688
8 -1087214.798487
8 -1088674.08231
8 -1086859.619936
8 -1091961.664475
9 -1082550.350831
9 -1083856.945033
9 -1082993.112775
9 -1082396.90208
9 -1084268.921192
9 -1082300.603537
9 -1082395.94335
9 -1084193.902578
9 -1079770.317538
9 -1082895.443035
9 -1082287.282996
9 -1082901.056896
9 -1082516.183146
9 -1083012.079504
9 -1079931.869411
9 -1088065.029928
9 -1079074.766067
9 -1082998.364623
9 -1082852.955058
9 -1085297.716608
9 -1083088.003474
9 -1088766.080035
9 -1079390.92142
9 -1079759.90052
9 -1082289.260372
9 -1083056.304396
9 -1082348.386391
9 -1082748.165541
9 -1082873.624903
9 -1083068.97842
9 -1082244.328549
9 -1081224.551958
9 -1078155.357621
9 -1083128.026191
9 -1088977.632883
9 -1077608.434242
9 -1078214.020247
9 -1079513.367254
9 -1084904.043063
9 -1084516.213895
9 -1084483.375825
9 -1085379.175796
9 -1082339.679628
9 -1083005.139359
9 -1082920.366224
9 -1079950.993506
9 -1084063.362506
9 -1088715.510593
9 -1083366.212227
9 -1082720.733508
