1:	0.0000 0.4531 0.0000 0.4520 0.0000 0.0000 0.0236 0.0000 0.0000 0.0712 	6
2:	0.0028 0.4109 0.0000 0.4855 0.0039 0.0000 0.0245 0.0000 0.0000 0.0724 	7
3:	0.1721 0.0000 0.0054 0.0000 0.1101 0.2067 0.0833 0.1203 0.3020 0.0000 	12
4:	0.2165 0.1836 0.0000 0.0015 0.2124 0.0756 0.0000 0.0862 0.1531 0.0711 	14
5:	0.2275 0.2805 0.0000 0.0000 0.0939 0.1003 0.0000 0.1053 0.1653 0.0272 	13
6:	0.0741 0.2126 0.2382 0.0054 0.0186 0.0909 0.0531 0.0795 0.1460 0.0816 	11
7:	0.0000 0.9190 0.0050 0.0143 0.0000 0.0000 0.0114 0.0000 0.0000 0.0504 	4
8:	0.0397 0.0000 0.2149 0.0000 0.2685 0.0465 0.0000 0.2758 0.1110 0.0437 	6
9:	0.0000 0.6293 0.1101 0.0147 0.0000 0.0000 0.0325 0.0000 0.0000 0.2135 	2
10:	0.0000 1.0000 0.0000 0.0000 0.0000 0.0000 0.0000 0.0000 0.0000 0.0000 	1
11:	0.0000 0.8787 0.0000 0.0000 0.0000 0.0000 0.0000 0.0000 0.0000 0.1213 	1
12:	0.0000 1.0000 0.0000 0.0000 0.0000 0.0000 0.0000 0.0000 0.0000 0.0000 	1
13:	0.0000 0.0000 0.1226 0.0000 0.3750 0.1250 0.2944 0.0382 0.0449 0.0000 	2
