1 1 (0) 1 : 0.00000000099999999953 0.00000000099999999953 0.00000000099999999953 0.00000000099999999953 0.00000140394436633830 0.00000000099999999953 0.99999858805563379693 0.00000000099999999953 0.00000000099999999953 0.00000000099999999953
2 2 (0) 1 : 0.00000000099999999971 0.11301128135964601251 0.00000000099999999971 0.14035781871045557856 0.09976253084555518347 0.00000000099999999971 0.64686836308434325638 0.00000000099999999971 0.00000000099999999971 0.00000000099999999971
3 3 (0) 1 : 0.00000000099999999940 0.00000000099999999940 0.00000000099999999940 0.00000000099999999940 0.99999999100000003249 0.00000000099999999940 0.00000000099999999940 0.00000000099999999940 0.00000000099999999940 0.00000000099999999940
4 4 (0) 1 : 0.00000000099999999963 0.00000000099999999963 0.00000000099999999963 0.00000000099999999963 0.60429962532628600513 0.00000000099999999963 0.39570036667371399908 0.00000000099999999963 0.00000000099999999963 0.00000000099999999963
5 5 (0) 1 : 0.00000000099999999963 0.26106804620425644314 0.00000000099999999963 0.00000000099999999963 0.00000000099999999963 0.00000000099999999963 0.73893194579574339453 0.00000000099999999963 0.00000000099999999963 0.00000000099999999963
6 6 (0) 1 : 0.00000000099999999938 0.00000000099999999938 0.00000000099999999938 0.00000000099999999938 0.99999999100000014352 0.00000000099999999938 0.00000000099999999938 0.00000000099999999938 0.00000000099999999938 0.00000000099999999938
7 7 (0) 2 : 0.00000000099999999941 0.00000000099999999941 0.00000000099999999941 0.00000000099999999941 0.00000000099999999941 0.00000000099999999941 0.99999999099999992147 0.00000000099999999941 0.00000000099999999941 0.00000000099999999941
8 8 (0) 2 : 0.00000000099999999955 0.00000000099999999955 0.00000000099999999955 0.00000000099999999955 0.99999999100000014352 0.00000000099999999955 0.00000000099999999955 0.00000000099999999955 0.00000000099999999955 0.00000000099999999955
9 9 (0) 2 : 0.00000000099999999994 0.49379086461201004976 0.00000000099999999994 0.00000000099999999994 0.00000009990276199019 0.00000000099999999994 0.50620902848522786321 0.00000000099999999994 0.00000000099999999994 0.00000000099999999994
10 10 (0) 2 : 0.00000000099999999947 0.00000000099999999947 0.00000000099999999947 0.00000000099999999947 0.00000000099999999947 0.00000000099999999947 0.99999999099999992147 0.00000000099999999947 0.00000000099999999947 0.00000000099999999947
11 11 (0) 2 : 0.00000000099999999912 0.00000000099999999912 0.00000000099999999912 0.00000000099999999912 0.99999999100000014352 0.00000000099999999912 0.00000000099999999912 0.00000000099999999912 0.00000000099999999912 0.00000000099999999912
12 12 (0) 2 : 0.00000000099999999934 0.00000000099999999934 0.00000000099999999934 0.00000000099999999934 0.53163131691984721883 0.00000000099999999934 0.46836867508015272987 0.00000000099999999934 0.00000000099999999934 0.00000000099999999934
13 13 (0) 2 : 0.00000000099999999979 0.00000000099999999979 0.00000000099999999979 0.15334579818935162310 0.84665419381064854765 0.00000000099999999979 0.00000000099999999979 0.00000000099999999979 0.00000000099999999979 0.00000000099999999979
14 14 (0) 3 : 0.00000000099999999958 0.00000000099999999958 0.48337597132232851260 0.00000000099999999958 0.00000000099999999958 0.00000000099999999958 0.00000000099999999958 0.00000000099999999958 0.51662402067767143610 0.00000000099999999958
15 15 (0) 3 : 0.00000000099999999970 0.00000000099999999970 0.00000000099999999970 0.00000000099999999970 0.00000000099999999970 0.34759475794665639636 0.00000000099999999970 0.34301831476480265648 0.30938692028854081206 0.00000000099999999970
16 16 (0) 3 : 0.00000000099999999953 0.00000000099999999953 0.00000000099999999953 0.00000000099999999953 0.00000000099999999953 0.99999999100000014352 0.00000000099999999953 0.00000000099999999953 0.00000000099999999953 0.00000000099999999953
17 17 (0) 3 : 0.00000000099999999973 0.00000000099999999973 0.26406150611618284252 0.00000000099999999973 0.00000000099999999973 0.32812890201858391226 0.00000000099999999973 0.00927380512939751135 0.23820600167147593096 0.16032978006435966156
18 18 (0) 3 : 0.00000000099999999956 0.00000000099999999956 0.00000000099999999956 0.00000000099999999956 0.00000000099999999956 0.99999999100000003249 0.00000000099999999956 0.00000000099999999956 0.00000000099999999956 0.00000000099999999956
19 19 (0) 3 : 0.00000000099999999952 0.00000000099999999952 0.00000000099999999952 0.00000000099999999952 0.00000000099999999952 0.99999999100000014352 0.00000000099999999952 0.00000000099999999952 0.00000000099999999952 0.00000000099999999952
20 20 (0) 3 : 0.06611026517927114099 0.00000000099999999969 0.25511622233916059210 0.00000000099999999969 0.00000000099999999969 0.24292329260313230699 0.00000000099999999969 0.06733047964511441885 0.24736070338029619853 0.12115903285302531689
21 21 (0) 3 : 0.00000000099999999952 0.00000000099999999952 0.00000000099999999952 0.00000000099999999952 0.00000000099999999952 0.99999999100000003249 0.00000000099999999952 0.00000000099999999952 0.00000000099999999952 0.00000000099999999952
22 22 (0) 3 : 0.00000000099999999936 0.00000000099999999936 0.00000000099999999936 0.00000000099999999936 0.00000000099999999936 0.00000000099999999936 0.00000000099999999936 0.99999999099999992147 0.00000000099999999936 0.00000000099999999936
23 23 (0) 3 : 0.00000000099999999943 0.00000000099999999943 0.00000000099999999943 0.00000000099999999943 0.00000000099999999943 0.00000000099999999943 0.00000000099999999943 0.00000000099999999943 0.99999999099999992147 0.00000000099999999943
24 24 (0) 3 : 0.00000000099999999951 0.00000000099999999951 0.00000000099999999951 0.00000000099999999951 0.00000000099999999951 0.00000000099999999951 0.00000000099999999951 0.00000000099999999951 0.54887107647167887592 0.45112891552832118380
25 25 (0) 3 : 0.00000000099999999885 0.00000000099999999885 0.00000000099999999885 0.99999999099999992147 0.00000000099999999885 0.00000000099999999885 0.00000000099999999885 0.00000000099999999885 0.00000000099999999885 0.00000000099999999885
26 26 (0) 4 : 0.00000000099999999912 0.99999999100000025454 0.00000000099999999912 0.00000000099999999912 0.00000000099999999912 0.00000000099999999912 0.00000000099999999912 0.00000000099999999912 0.00000000099999999912 0.00000000099999999912
27 27 (0) 4 : 0.00000000099999999939 0.00000000099999999939 0.99999999100000014352 0.00000000099999999939 0.00000000099999999939 0.00000000099999999939 0.00000000099999999939 0.00000000099999999939 0.00000000099999999939 0.00000000099999999939
28 28 (0) 4 : 0.00000000099999999952 0.00000000099999999952 0.00000000099999999952 0.00000000099999999952 0.00000000099999999952 0.99999999100000014352 0.00000000099999999952 0.00000000099999999952 0.00000000099999999952 0.00000000099999999952
29 29 (0) 4 : 0.00000000099999999959 0.00000000099999999959 0.00000000099999999959 0.00000000099999999959 0.00000000099999999959 0.00000000099999999959 0.99999999100000003249 0.00000000099999999959 0.00000000099999999959 0.00000000099999999959
30 30 (0) 4 : 0.00000000099999999935 0.00000000099999999935 0.00000000099999999935 0.00000000099999999935 0.00000000099999999935 0.00000000099999999935 0.00000000099999999935 0.99999999100000003249 0.00000000099999999935 0.00000000099999999935
31 31 (0) 4 : 0.00000000099999999961 0.00000000099999999961 0.00000000099999999961 0.00000000099999999961 0.00000000099999999961 0.59946799310170950648 0.00000000099999999961 0.00000000099999999961 0.00000000099999999961 0.40053199889829060876
32 32 (0) 4 : 0.00000000099999999997 0.16312431661895793189 0.06780805935476794111 0.00000000099999999997 0.02284868617000146429 0.18561805811036774516 0.32887573527417379715 0.08210280024862778858 0.09941788079978335080 0.05020446142331998901
33 33 (0) 4 : 0.00000000099999999945 0.00000000099999999945 0.00000000099999999945 0.00000000099999999945 0.00000000099999999945 0.00000000099999999945 0.00000000099999999945 0.00000000099999999945 0.99999999100000003249 0.00000000099999999945
34 34 (0) 4 : 0.00000000099999999937 0.00000000099999999937 0.00000000099999999937 0.00000000099999999937 0.00000000099999999937 0.00000000099999999937 0.00000000099999999937 0.00000000099999999937 0.00000000099999999937 0.99999999100000003249
35 35 (0) 4 : 0.00000000099999999930 0.00000000099999999930 0.99999999100000014352 0.00000000099999999930 0.00000000099999999930 0.00000000099999999930 0.00000000099999999930 0.00000000099999999930 0.00000000099999999930 0.00000000099999999930
36 36 (0) 4 : 0.00000000099999999957 0.00000000099999999957 0.17568589892652666795 0.00000000099999999957 0.00000000099999999957 0.33647238746453345115 0.00000000099999999957 0.30222259951246549514 0.18561781296465801327 0.00000129613181641648
37 37 (0) 4 : 0.00000000099999999955 0.00000000099999999955 0.00000000099999999955 0.00000000099999999955 0.00000000099999999955 0.66644540746005254128 0.00000000099999999955 0.00000000472567605969 0.33355458081427125094 0.00000000099999999955
38 38 (0) 4 : 0.00000000099999999946 0.00000000099999999946 0.00000000099999999946 0.00000000099999999946 0.00000000099999999946 0.99999999100000003249 0.00000000099999999946 0.00000000099999999946 0.00000000099999999946 0.00000000099999999946
39 39 (0) 4 : 0.00000000099999999955 0.00000000099999999955 0.00000000099999999955 0.00000000099999999955 0.00000000099999999955 0.00000000099999999955 0.99999999099999992147 0.00000000099999999955 0.00000000099999999955 0.00000000099999999955
40 40 (0) 5 : 0.00000000099999999968 0.00000000099999999968 0.00000000099999999968 0.00000000099999999968 0.00000000099999999968 0.83048802878743410716 0.00000000099999999968 0.16951196321256606359 0.00000000099999999968 0.00000000099999999968
41 41 (0) 5 : 0.00000000099999999948 0.00000000099999999948 0.00000000099999999948 0.00000000099999999948 0.00000000099999999948 0.00000000099999999948 0.00000000099999999948 0.00000000099999999948 0.99999999100000003249 0.00000000099999999948
42 42 (0) 5 : 0.00000000099999999967 0.00000000099999999967 0.00000000099999999967 0.00000000099999999967 0.00000000099999999967 0.54203867024146556997 0.00000000099999999967 0.00000000099999999967 0.45796132175853460078 0.00000000099999999967
43 43 (0) 5 : 0.00000000099999999944 0.00000000099999999944 0.00000000099999999944 0.00000000099999999944 0.00000000099999999944 0.00000000099999999944 0.99999999099999992147 0.00000000099999999944 0.00000000099999999944 0.00000000099999999944
44 44 (0) 5 : 0.00000000099999999940 0.00000000099999999940 0.00000000099999999940 0.00000000099999999940 0.00000000099999999940 0.00000000099999999940 0.00000000099999999940 0.00000000099999999940 0.99999999099999992147 0.00000000099999999940
45 45 (0) 5 : 0.00000000099999999968 0.00000000099999999968 0.00000000099999999968 0.00000000099999999968 0.00000000099999999968 0.61041031577006221731 0.00000000099999999968 0.00000000099999999968 0.00000000099999999968 0.38958967622993800894
46 46 (0) 5 : 0.00000000099999999940 0.00000000099999999940 0.00000000099999999940 0.00000000099999999940 0.00000000099999999940 0.00000000099999999940 0.00000000099999999940 0.00000000099999999940 0.00000000099999999940 0.99999999099999992147
47 47 (0) 5 : 0.00000000099999999936 0.00000000099999999936 0.99999999100000014352 0.00000000099999999936 0.00000000099999999936 0.00000000099999999936 0.00000000099999999936 0.00000000099999999936 0.00000000099999999936 0.00000000099999999936
48 48 (0) 5 : 0.00000000099999999958 0.00000000099999999958 0.47740722692712755926 0.00000000099999999958 0.00000000099999999958 0.52259276507287244495 0.00000000099999999958 0.00000000099999999958 0.00000000099999999958 0.00000000099999999958
49 49 (0) 5 : 0.00000000099999999946 0.00000000099999999946 0.00000000099999999946 0.00000000099999999946 0.00000000099999999946 0.00000000099999999946 0.99999999100000003249 0.00000000099999999946 0.00000000099999999946 0.00000000099999999946
50 50 (0) 5 : 0.00000000099999999962 0.00000000099999999962 0.00000000099999999962 0.00000000099999999962 0.00000000099999999962 0.99999999100000003249 0.00000000099999999962 0.00000000099999999962 0.00000000099999999962 0.00000000099999999962
51 51 (0) 5 : 0.00000000099999999945 0.00000000099999999945 0.00000000099999999945 0.00000000099999999945 0.00000000099999999945 0.00000000099999999945 0.99999999099999992147 0.00000000099999999945 0.00000000099999999945 0.00000000099999999945
52 52 (0) 5 : 0.00000000099999999942 0.00000000099999999942 0.00000000099999999942 0.00000000099999999942 0.00000000099999999942 0.00000000099999999942 0.99999999099999992147 0.00000000099999999942 0.00000000099999999942 0.00000000099999999942
53 53 (0) 6 : 0.00000000099999999935 0.00000000099999999935 0.00000000099999999935 0.00000000099999999935 0.00000000099999999935 0.00000000099999999935 0.99999999099999992147 0.00000000099999999935 0.00000000099999999935 0.00000000099999999935
54 54 (0) 6 : 0.00000000099999999945 0.00000000099999999945 0.00000000099999999945 0.00000000099999999945 0.00000000099999999945 0.00000000099999999945 0.00000000099999999945 0.00000000099999999945 0.99999999100000003249 0.00000000099999999945
55 55 (0) 6 : 0.00000000099999999980 0.24425451227669975340 0.00000000099999999980 0.06213577634763207264 0.05927880349346232453 0.00000000099999999980 0.63433090188220575545 0.00000000099999999980 0.00000000099999999980 0.00000000099999999980
56 56 (0) 6 : 0.99999999100000025454 0.00000000099999999957 0.00000000099999999957 0.00000000099999999957 0.00000000099999999957 0.00000000099999999957 0.00000000099999999957 0.00000000099999999957 0.00000000099999999957 0.00000000099999999957
57 57 (0) 6 : 0.00000000099999999920 0.00000000099999999920 0.00000000099999999920 0.99999999100000014352 0.00000000099999999920 0.00000000099999999920 0.00000000099999999920 0.00000000099999999920 0.00000000099999999920 0.00000000099999999920
58 58 (0) 6 : 0.99999999100000025454 0.00000000099999999944 0.00000000099999999944 0.00000000099999999944 0.00000000099999999944 0.00000000099999999944 0.00000000099999999944 0.00000000099999999944 0.00000000099999999944 0.00000000099999999944
59 59 (0) 6 : 0.00000000099999999972 0.00000000099999999972 0.99999999100000014352 0.00000000099999999972 0.00000000099999999972 0.00000000099999999972 0.00000000099999999972 0.00000000099999999972 0.00000000099999999972 0.00000000099999999972
60 60 (0) 6 : 0.00000000099999999945 0.00000000099999999945 0.00000000099999999945 0.00000000099999999945 0.00000000099999999945 0.00000000099999999945 0.00000000099999999945 0.99999999100000003249 0.00000000099999999945 0.00000000099999999945
61 61 (0) 6 : 0.00000000099999999972 0.00000000099999999972 0.00000000099999999972 0.00000000099999999972 0.00000000099999999972 0.45963135868197763090 0.00000000099999999972 0.00000000099999999972 0.54036863331802231780 0.00000000099999999972
62 62 (0) 6 : 0.00000000099999999957 0.00000000099999999957 0.00000000099999999957 0.00000000099999999957 0.00000000099999999957 0.99999999100000003249 0.00000000099999999957 0.00000000099999999957 0.00000000099999999957 0.00000000099999999957
63 63 (0) 6 : 0.00000000099999999959 0.99999999100000025454 0.00000000099999999959 0.00000000099999999959 0.00000000099999999959 0.00000000099999999959 0.00000000099999999959 0.00000000099999999959 0.00000000099999999959 0.00000000099999999959
64 64 (0) 7 : 0.00000000099999999952 0.00000000099999999952 0.00000000099999999952 0.00000000099999999952 0.00000000099999999952 0.00000000099999999952 0.99999999099999992147 0.00000000099999999952 0.00000000099999999952 0.00000000099999999952
65 65 (0) 7 : 0.00000000099999999940 0.00000000099999999940 0.00000000099999999940 0.00000000099999999940 0.00000000099999999940 0.00000000099999999940 0.99999999100000003249 0.00000000099999999940 0.00000000099999999940 0.00000000099999999940
66 66 (0) 7 : 0.00000000099999999973 0.35572136433196510641 0.00000000099999999973 0.00000000099999999973 0.00000000099999999973 0.00000000099999999973 0.64427862766803478678 0.00000000099999999973 0.00000000099999999973 0.00000000099999999973
67 67 (0) 7 : 0.00000000099999999980 0.26287236084923382151 0.00000000099999999980 0.01494277928827223573 0.05585629637696985089 0.00000000099999999980 0.66632855748552399788 0.00000000099999999980 0.00000000099999999980 0.00000000099999999980
68 68 (0) 8 : 0.13365809719966195712 0.00000000099999999984 0.20728065595145647726 0.00000000099999999984 0.00000000099999999984 0.34621846634944414278 0.00000000099999999984 0.05339970643544866141 0.25897427562037628190 0.00046879444361248369
69 69 (0) 8 : 0.22440871513898183465 0.00000000099999999993 0.14391636237663418818 0.00000000099999999993 0.00000000099999999993 0.33184187073339715957 0.00000000099999999993 0.11957249759722249349 0.18026053995719770739 0.00000001019656640518
70 70 (0) 8 : 0.00000000099999999937 0.00000000099999999937 0.00000000099999999937 0.00000000099999999937 0.00000000099999999937 0.00000000099999999937 0.00000000099999999937 0.00000000099999999937 0.00000000099999999937 0.99999999099999992147
71 71 (0) 8 : 0.00000000099999999985 0.00000000099999999985 0.00000000099999999985 0.00000000099999999985 0.00000000099999999985 0.00000000099999999985 0.00000000099999999985 0.00000000099999999985 0.36348706228737603929 0.63651292971262407594
72 72 (0) 8 : 0.00000000099999999975 0.00000000099999999975 0.00000000099999999975 0.00000000099999999975 0.00000000099999999975 0.00000000099999999975 0.00000000099999999975 0.00000000099999999975 0.00000000099999999975 0.99999999100000003249
73 73 (0) 8 : 0.99999999100000025454 0.00000000099999999971 0.00000000099999999971 0.00000000099999999971 0.00000000099999999971 0.00000000099999999971 0.00000000099999999971 0.00000000099999999971 0.00000000099999999971 0.00000000099999999971
74 74 (0) 9 : 0.18047667873856265697 0.17051936900028946686 0.00000000099999999992 0.00000000099999999992 0.02421516531696303598 0.00000000099999999992 0.62478878094418477396 0.00000000099999999992 0.00000000099999999992 0.00000000099999999992
75 75 (0) 9 : 0.00000000099999999955 0.99999999100000025454 0.00000000099999999955 0.00000000099999999955 0.00000000099999999955 0.00000000099999999955 0.00000000099999999955 0.00000000099999999955 0.00000000099999999955 0.00000000099999999955
76 76 (0) 10 : 0.00000000099999999944 0.00000000099999999944 0.00000000099999999944 0.00000000099999999944 0.00000000099999999944 0.00000000099999999944 0.99999999100000003249 0.00000000099999999944 0.00000000099999999944 0.00000000099999999944
77 77 (0) 11 : 0.00000000099999999953 0.00000000099999999953 0.00000000099999999953 0.00000000099999999953 0.00000000099999999953 0.00000000099999999953 0.99999999099999992147 0.00000000099999999953 0.00000000099999999953 0.00000000099999999953
78 78 (0) 12 : 0.00000000099999999951 0.00000000099999999951 0.00000000099999999951 0.00000000099999999951 0.00000000099999999951 0.00000000099999999951 0.99999999099999992147 0.00000000099999999951 0.00000000099999999951 0.00000000099999999951
79 79 (0) 13 : 0.54193609042378354523 0.00000000099999999995 0.30526195917679155301 0.14568919414542702562 0.00000000099999999995 0.00000000099999999995 0.00000000099999999995 0.00000000099999999995 0.00711275025399785155 0.00000000099999999995
80 80 (0) 13 : 0.00000000099999999933 0.00000000099999999933 0.00000000099999999933 0.00000000099999999933 0.00000000099999999933 0.00000000099999999933 0.00000000099999999933 0.99999999100000003249 0.00000000099999999933 0.00000000099999999933
1 1 (0) 1 : 0.00000000099999999952 0.00000000099999999952 0.00000000099999999952 0.99999999100000014352 0.00000000099999999952 0.00000000099999999952 0.00000000099999999952 0.00000000099999999952 0.00000000099999999952 0.00000000099999999952
2 2 (0) 1 : 0.09636050635614236415 0.00000000099999999971 0.00000000099999999971 0.65171420162360771400 0.00000000099999999971 0.00000000099999999971 0.00000000099999999971 0.00000000099999999971 0.14284072648158918639 0.10908455953866089128
3 3 (0) 1 : 0.99999999100000014352 0.00000000099999999941 0.00000000099999999941 0.00000000099999999941 0.00000000099999999941 0.00000000099999999941 0.00000000099999999941 0.00000000099999999941 0.00000000099999999941 0.00000000099999999941
4 4 (0) 1 : 0.60522835118452456005 0.00000000099999999964 0.00000000099999999964 0.39477164081547566621 0.00000000099999999964 0.00000000099999999964 0.00000000099999999964 0.00000000099999999964 0.00000000099999999964 0.00000000099999999964
5 5 (0) 1 : 0.00019612925849870773 0.00000000099999999973 0.00000000099999999973 0.90008310255567625102 0.00000000099999999973 0.00000000099999999973 0.00000000099999999973 0.00000000099999999973 0.00000000099999999973 0.09972076118582527682
6 6 (0) 1 : 0.99999999100000025454 0.00000000099999999938 0.00000000099999999938 0.00000000099999999938 0.00000000099999999938 0.00000000099999999938 0.00000000099999999938 0.00000000099999999938 0.00000000099999999938 0.00000000099999999938
7 7 (0) 2 : 0.00000000099999999943 0.00000000099999999943 0.00000000099999999943 0.99999999100000003249 0.00000000099999999943 0.00000000099999999943 0.00000000099999999943 0.00000000099999999943 0.00000000099999999943 0.00000000099999999943
8 8 (0) 2 : 0.99999999100000014352 0.00000000099999999956 0.00000000099999999956 0.00000000099999999956 0.00000000099999999956 0.00000000099999999956 0.00000000099999999956 0.00000000099999999956 0.00000000099999999956 0.00000000099999999956
9 9 (0) 2 : 0.01518793252340346414 0.00000000099999999997 0.00000000099999999997 0.59558483824851882193 0.00000000099999999997 0.05499598286200605562 0.00000000099999999997 0.00000000099999999997 0.03470773244143906394 0.29952350892463297516
10 10 (0) 2 : 0.00000000099999999917 0.00000000099999999917 0.00000000099999999917 0.00000000099999999917 0.00000000099999999917 0.00000000099999999917 0.00000000099999999917 0.00000000099999999917 0.00000000099999999917 0.99999999099999992147
11 11 (0) 2 : 0.99999999100000014352 0.00000000099999999914 0.00000000099999999914 0.00000000099999999914 0.00000000099999999914 0.00000000099999999914 0.00000000099999999914 0.00000000099999999914 0.00000000099999999914 0.00000000099999999914
12 12 (0) 2 : 0.53483019278481702674 0.00000000099999999936 0.00000000099999999936 0.46516979921518308849 0.00000000099999999936 0.00000000099999999936 0.00000000099999999936 0.00000000099999999936 0.00000000099999999936 0.00000000099999999936
13 13 (0) 2 : 0.85342122273117204667 0.00000000099999999980 0.00000000099999999980 0.00000000099999999980 0.00000000099999999980 0.00000000099999999980 0.00000000099999999980 0.00000000099999999980 0.14657876926882812407 0.00000000099999999980
14 14 (0) 3 : 0.00000000099999999942 0.00000000099999999942 0.00000000099999999942 0.00000000099999999942 0.00000000099999999942 0.00000000099999999942 0.00000000099999999942 0.99999999099999992147 0.00000000099999999942 0.00000000099999999942
15 15 (0) 3 : 0.00000000099999999970 0.00000000099999999970 0.06709221135225454380 0.00000000099999999970 0.35870218033681072756 0.15696829275286397487 0.11786851788611417413 0.29936879267195659615 0.00000000099999999970 0.00000000099999999970
16 16 (0) 3 : 0.00000000099999999945 0.00000000099999999945 0.99999999100000014352 0.00000000099999999945 0.00000000099999999945 0.00000000099999999945 0.00000000099999999945 0.00000000099999999945 0.00000000099999999945 0.00000000099999999945
17 17 (0) 3 : 0.00000000099999999973 0.00000000099999999973 0.00000000099999999973 0.00000000099999999973 0.46844255989749711278 0.20127010102759385068 0.14414225808545069740 0.18614507498945823127 0.00000000099999999973 0.00000000099999999973
18 18 (0) 3 : 0.00000000099999999941 0.00000000099999999941 0.00000000099999999941 0.00000000099999999941 0.00000000099999999941 0.00000000099999999941 0.99999999100000003249 0.00000000099999999941 0.00000000099999999941 0.00000000099999999941
19 19 (0) 3 : 0.00000000099999999938 0.00000000099999999938 0.00000000099999999938 0.00000000099999999938 0.00000000099999999938 0.00000000099999999938 0.99999999099999992147 0.00000000099999999938 0.00000000099999999938 0.00000000099999999938
20 20 (0) 3 : 0.00000000099999999970 0.06115189040801979892 0.13484932142844532899 0.00000000099999999970 0.15333017326013909098 0.52310198475791902517 0.12756662514547664755 0.00000000099999999970 0.00000000099999999970 0.00000000099999999970
21 21 (0) 3 : 0.00000000099999999959 0.00000000099999999959 0.40754527919452687712 0.00000000099999999959 0.41492608680567177881 0.00000000099999999959 0.17752862699980145877 0.00000000099999999959 0.00000000099999999959 0.00000000099999999959
22 22 (0) 3 : 0.00000000099999999957 0.00000000099999999957 0.48406814098800760027 0.00000000099999999957 0.51593185101199234843 0.00000000099999999957 0.00000000099999999957 0.00000000099999999957 0.00000000099999999957 0.00000000099999999957
23 23 (0) 3 : 0.00000000099999999947 0.00000000099999999947 0.00000000099999999947 0.00000000099999999947 0.99999999100000003249 0.00000000099999999947 0.00000000099999999947 0.00000000099999999947 0.00000000099999999947 0.00000000099999999947
24 24 (0) 3 : 0.00000000099999999957 0.00000000099999999957 0.24656802592717955158 0.00000000099999999957 0.00000000099999999957 0.34993265332108181020 0.40349931375173864190 0.00000000099999999957 0.00000000099999999957 0.00000000099999999957
25 25 (0) 3 : 0.00000000099999999867 0.00000000099999999867 0.00000000099999999867 0.00000000099999999867 0.00000000099999999867 0.00000000099999999867 0.00000000099999999867 0.00000000099999999867 0.99999999099999992147 0.00000000099999999867
26 26 (0) 4 : 0.00000000099999999926 0.00000000099999999926 0.00000000099999999926 0.00000000099999999926 0.00000000099999999926 0.00000000099999999926 0.00000000099999999926 0.00000000099999999926 0.00000000099999999926 0.99999999100000003249
27 27 (0) 4 : 0.00000000099999999952 0.00000000099999999952 0.00000000099999999952 0.00000000099999999952 0.99999999100000014352 0.00000000099999999952 0.00000000099999999952 0.00000000099999999952 0.00000000099999999952 0.00000000099999999952
28 28 (0) 4 : 0.00000000099999999939 0.00000000099999999939 0.00000000099999999939 0.00000000099999999939 0.00000000099999999939 0.00000000099999999939 0.99999999100000003249 0.00000000099999999939 0.00000000099999999939 0.00000000099999999939
29 29 (0) 4 : 0.00000000099999999957 0.00000000099999999957 0.00000000099999999957 0.71550526151620341686 0.00000000099999999957 0.00000000099999999957 0.00000000099999999957 0.00000000099999999957 0.00000000099999999957 0.28449473048379669837
30 30 (0) 4 : 0.00000000099999999950 0.00000000099999999950 0.00000000099999999950 0.00000000099999999950 0.99999999100000003249 0.00000000099999999950 0.00000000099999999950 0.00000000099999999950 0.00000000099999999950 0.00000000099999999950
31 31 (0) 4 : 0.00000000099999999960 0.00000000099999999960 0.00000000099999999960 0.00000000099999999960 0.00000000099999999960 0.44130055559071390547 0.55869943640928598771 0.00000000099999999960 0.00000000099999999960 0.00000000099999999960
32 32 (0) 4 : 0.02213783295832403436 0.00000000099999999997 0.06488555011163460451 0.38725343487011903987 0.09069437214747176623 0.10898065331988499027 0.10348498140333467488 0.13119906506955511527 0.00000000099999999997 0.09136410811967576873
33 33 (0) 4 : 0.00000000099999999945 0.00000000099999999945 0.00000000099999999945 0.00000000099999999945 0.00000000099999999945 0.99999999100000003249 0.00000000099999999945 0.00000000099999999945 0.00000000099999999945 0.00000000099999999945
34 34 (0) 4 : 0.00000000099999999945 0.00000000099999999945 0.00000000099999999945 0.00000000099999999945 0.00000000099999999945 0.99999999100000003249 0.00000000099999999945 0.00000000099999999945 0.00000000099999999945 0.00000000099999999945
35 35 (0) 4 : 0.00000000099999999948 0.00000000099999999948 0.00000000099999999948 0.00000000099999999948 0.99999999100000014352 0.00000000099999999948 0.00000000099999999948 0.00000000099999999948 0.00000000099999999948 0.00000000099999999948
36 36 (0) 4 : 0.00000000099999999939 0.00000000099999999939 0.00000000099999999939 0.00000000099999999939 0.00000000099999999939 0.00000000099999999939 0.00000000099999999939 0.99999999099999992147 0.00000000099999999939 0.00000000099999999939
37 37 (0) 4 : 0.00000000099999999943 0.00000000099999999943 0.00000000099999999943 0.00000000099999999943 0.00000000099999999943 0.99999999100000014352 0.00000000099999999943 0.00000000099999999943 0.00000000099999999943 0.00000000099999999943
38 38 (0) 4 : 0.00000000099999999938 0.00000000099999999938 0.99999999100000014352 0.00000000099999999938 0.00000000099999999938 0.00000000099999999938 0.00000000099999999938 0.00000000099999999938 0.00000000099999999938 0.00000000099999999938
39 39 (0) 4 : 0.00000000099999999956 0.00000000099999999956 0.00000000099999999956 0.99999999100000003249 0.00000000099999999956 0.00000000099999999956 0.00000000099999999956 0.00000000099999999956 0.00000000099999999956 0.00000000099999999956
40 40 (0) 5 : 0.00000000099999999948 0.00000000099999999948 0.00000000099999999948 0.00000000099999999948 0.00000000099999999948 0.00000000099999999948 0.00000000099999999948 0.99999999099999992147 0.00000000099999999948 0.00000000099999999948
41 41 (0) 5 : 0.00000000099999999953 0.00000000099999999953 0.00000000099999999953 0.00000000099999999953 0.99999999100000003249 0.00000000099999999953 0.00000000099999999953 0.00000000099999999953 0.00000000099999999953 0.00000000099999999953
42 42 (0) 5 : 0.00000000099999999965 0.00000000099999999965 0.37307552807769783776 0.00000000099999999965 0.00000000099999999965 0.62692400215709076505 0.00000046276521138448 0.00000000099999999965 0.00000000099999999965 0.00000000099999999965
43 43 (0) 5 : 0.00000000099999999944 0.00000000099999999944 0.00000000099999999944 0.99999999100000014352 0.00000000099999999944 0.00000000099999999944 0.00000000099999999944 0.00000000099999999944 0.00000000099999999944 0.00000000099999999944
44 44 (0) 5 : 0.00000000099999999953 0.00000000099999999953 0.00000000099999999953 0.00000000099999999953 0.60320837397609083919 0.39679160901706034270 0.00000001000684899024 0.00000000099999999953 0.00000000099999999953 0.00000000099999999953
45 45 (0) 5 : 0.00000000099999999966 0.00000000099999999966 0.39385510066749968017 0.00000000099999999966 0.00000000099999999966 0.00000000099999999966 0.60614489133250026853 0.00000000099999999966 0.00000000099999999966 0.00000000099999999966
46 46 (0) 5 : 0.00000000099999999949 0.00000000099999999949 0.99999999100000003249 0.00000000099999999949 0.00000000099999999949 0.00000000099999999949 0.00000000099999999949 0.00000000099999999949 0.00000000099999999949 0.00000000099999999949
47 47 (0) 5 : 0.00000000099999999946 0.00000000099999999946 0.99999999100000014352 0.00000000099999999946 0.00000000099999999946 0.00000000099999999946 0.00000000099999999946 0.00000000099999999946 0.00000000099999999946 0.00000000099999999946
48 48 (0) 5 : 0.00000000099999999947 0.00000000099999999947 0.99999999100000003249 0.00000000099999999947 0.00000000099999999947 0.00000000099999999947 0.00000000099999999947 0.00000000099999999947 0.00000000099999999947 0.00000000099999999947
49 49 (0) 5 : 0.00000000099999999913 0.00000000099999999913 0.00000000099999999913 0.00000000099999999913 0.00000000099999999913 0.00000000099999999913 0.00000000099999999913 0.00000000099999999913 0.00000000099999999913 0.99999999100000003249
50 50 (0) 5 : 0.00000000099999999964 0.00000000099999999964 0.71898377547321001835 0.00000000099999999964 0.00000000099999999964 0.00000000099999999964 0.28101621652679004137 0.00000000099999999964 0.00000000099999999964 0.00000000099999999964
51 51 (0) 5 : 0.00000000099999999942 0.00000000099999999942 0.00000000099999999942 0.99999999100000014352 0.00000000099999999942 0.00000000099999999942 0.00000000099999999942 0.00000000099999999942 0.00000000099999999942 0.00000000099999999942
52 52 (0) 5 : 0.00000000099999999943 0.00000000099999999943 0.00000000099999999943 0.99999999100000003249 0.00000000099999999943 0.00000000099999999943 0.00000000099999999943 0.00000000099999999943 0.00000000099999999943 0.00000000099999999943
53 53 (0) 6 : 0.00000000099999999935 0.00000000099999999935 0.00000000099999999935 0.99999999100000014352 0.00000000099999999935 0.00000000099999999935 0.00000000099999999935 0.00000000099999999935 0.00000000099999999935 0.00000000099999999935
54 54 (0) 6 : 0.00000000099999999949 0.00000000099999999949 0.00000000099999999949 0.00000000099999999949 0.99999999100000003249 0.00000000099999999949 0.00000000099999999949 0.00000000099999999949 0.00000000099999999949 0.00000000099999999949
55 55 (0) 6 : 0.05013298275614016392 0.00000000099999999980 0.00000000099999999980 0.85999619080873668242 0.00000000099999999980 0.00000000099999999980 0.00000000099999999980 0.00000000099999999980 0.08987081943512319204 0.00000000099999999980
56 56 (0) 6 : 0.00000000099999999961 0.99999999100000014352 0.00000000099999999961 0.00000000099999999961 0.00000000099999999961 0.00000000099999999961 0.00000000099999999961 0.00000000099999999961 0.00000000099999999961 0.00000000099999999961
57 57 (0) 6 : 0.00000000099999999954 0.99999999100000025454 0.00000000099999999954 0.00000000099999999954 0.00000000099999999954 0.00000000099999999954 0.00000000099999999954 0.00000000099999999954 0.00000000099999999954 0.00000000099999999954
58 58 (0) 6 : 0.00000000099999999955 0.99999999100000025454 0.00000000099999999955 0.00000000099999999955 0.00000000099999999955 0.00000000099999999955 0.00000000099999999955 0.00000000099999999955 0.00000000099999999955 0.00000000099999999955
59 59 (0) 6 : 0.00000000099999999974 0.00000000099999999974 0.00000000099999999974 0.00000000099999999974 0.00000000099999999974 0.00000000099999999974 0.00000000099999999974 0.99999999099999992147 0.00000000099999999974 0.00000000099999999974
60 60 (0) 6 : 0.00000000099999999961 0.00000000099999999961 0.00000000099999999961 0.00000000099999999961 0.38348322019505032276 0.11742574462261945456 0.00000000099999999961 0.49909102818233025411 0.00000000099999999961 0.00000000099999999961
61 61 (0) 6 : 0.00000000099999999961 0.00000000099999999961 0.00000000099999999961 0.00000000099999999961 0.99999999100000014352 0.00000000099999999961 0.00000000099999999961 0.00000000099999999961 0.00000000099999999961 0.00000000099999999961
62 62 (0) 6 : 0.00000000099999999944 0.00000000099999999944 0.00000000099999999944 0.00000000099999999944 0.00000000099999999944 0.00000000099999999944 0.99999999100000003249 0.00000000099999999944 0.00000000099999999944 0.00000000099999999944
63 63 (0) 6 : 0.00000003070562965303 0.17148619874882273240 0.00000000099999999996 0.80019804171212627342 0.00000000099999999996 0.00000000099999999996 0.00000000099999999996 0.00000000099999999996 0.00000000099999999996 0.02831572283342134386
64 64 (0) 7 : 0.00000000099999999955 0.00000000099999999955 0.00000000099999999955 0.88506239023726263060 0.00000000099999999955 0.00000000099999999955 0.00000000099999999955 0.00000000099999999955 0.00000000099999999955 0.11493760176273759566
65 65 (0) 7 : 0.00000000099999999937 0.00000000099999999937 0.00000000099999999937 0.99999999100000003249 0.00000000099999999937 0.00000000099999999937 0.00000000099999999937 0.00000000099999999937 0.00000000099999999937 0.00000000099999999937
66 66 (0) 7 : 0.00000000099999999990 0.02846102583442676817 0.00000000099999999990 0.89882658376596014094 0.00000000099999999990 0.00000000099999999990 0.00000000099999999990 0.00000000099999999990 0.00000000099999999990 0.07271238339961318131
67 67 (0) 7 : 0.04823945583727295289 0.00000000099999999986 0.00000000099999999986 0.90992757410175439947 0.00000000099999999986 0.00000000099999999986 0.00000000099999999986 0.00000000099999999986 0.04180841477031449482 0.00002454929065833569
68 68 (0) 8 : 0.00000000099999999970 0.00000000099999999970 0.00000000099999999970 0.00000000099999999970 0.00000000099999999970 0.00000000099999999970 0.00000000099999999970 0.99999999100000003249 0.00000000099999999970 0.00000000099999999970
69 69 (0) 8 : 0.00000000099999999999 0.14514933124355075544 0.05176575799455029880 0.00000000099999999999 0.28792246823712680515 0.06087025082134487480 0.12425191605453064780 0.30351404791057479127 0.00000000099999999999 0.02652622473832169994
70 70 (0) 8 : 0.00000000099999999947 0.00000000099999999947 0.00000000099999999947 0.00000000099999999947 0.00000000099999999947 0.99999999100000003249 0.00000000099999999947 0.00000000099999999947 0.00000000099999999947 0.00000000099999999947
71 71 (0) 8 : 0.00000000099999999989 0.00000000099999999989 0.00000055179662388621 0.00000000099999999989 0.00123287062361587580 0.41346998487830566305 0.00000000099999999989 0.58529658670145456867 0.00000000099999999989 0.00000000099999999989
72 72 (0) 8 : 0.00000000099999999990 0.08391059046853069359 0.00000000099999999990 0.00000000099999999990 0.00000000099999999990 0.45163908198236862868 0.00000000099999999990 0.46445032054910068142 0.00000000099999999990 0.00000000099999999990
73 73 (0) 8 : 0.00000000099999999979 0.99999999100000014352 0.00000000099999999979 0.00000000099999999979 0.00000000099999999979 0.00000000099999999979 0.00000000099999999979 0.00000000099999999979 0.00000000099999999979 0.00000000099999999979
74 74 (0) 9 : 0.02534877201163476812 0.20522591579233107062 0.00000000099999999995 0.71053557516593823795 0.00000000099999999995 0.00000000099999999995 0.00000000099999999995 0.00000000099999999995 0.00000000099999999995 0.05888973103009618321
75 75 (0) 9 : 0.00000000099999999995 0.13584619300760389371 0.00000000099999999995 0.77826414934773402443 0.00000000099999999995 0.00000000099999999995 0.00000000099999999995 0.00000000099999999995 0.00000000099999999995 0.08588965064466219657
76 76 (0) 10 : 0.00000000099999999943 0.00000000099999999943 0.00000000099999999943 0.99999999100000003249 0.00000000099999999943 0.00000000099999999943 0.00000000099999999943 0.00000000099999999943 0.00000000099999999943 0.00000000099999999943
77 77 (0) 11 : 0.00000000099999999954 0.00000000099999999954 0.00000000099999999954 0.72828708292901322974 0.00000000099999999954 0.00000000099999999954 0.00000000099999999954 0.00000000099999999954 0.00000000099999999954 0.27171290907098699652
78 78 (0) 12 : 0.00000000099999999952 0.00000000099999999952 0.00000000099999999952 0.99999999100000003249 0.00000000099999999952 0.00000000099999999952 0.00000000099999999952 0.00000000099999999952 0.00000000099999999952 0.00000000099999999952
79 79 (0) 13 : 0.00000000099999999979 0.00000000099999999979 0.00000000099999999979 0.00000000099999999979 0.00000000099999999979 0.00000000099999999979 0.00000000099999999979 0.00000000099999999979 0.99999999100000003249 0.00000000099999999979
80 80 (0) 13 : 0.00000000099999999941 0.00000000099999999941 0.00000000099999999941 0.00000000099999999941 0.00000000099999999941 0.99999999100000003249 0.00000000099999999941 0.00000000099999999941 0.00000000099999999941 0.00000000099999999941
1 1 (0) 1 : 0.00000000099999999947 0.00000000099999999947 0.00000000099999999947 0.00000000099999999947 0.99334099975709233554 0.00000000099999999947 0.00665899224290768948 0.00000000099999999947 0.00000000099999999947 0.00000000099999999947
2 2 (0) 1 : 0.00000000099999999966 0.14774693133509075871 0.00000000099999999966 0.00000000099999999966 0.75118835816322948595 0.00000000099999999966 0.10106470350167977290 0.00000000099999999966 0.00000000099999999966 0.00000000099999999966
3 3 (0) 1 : 0.00000000099999999935 0.00000000099999999935 0.00000000099999999935 0.00000000099999999935 0.00000000099999999935 0.00000000099999999935 0.99999999100000003249 0.00000000099999999935 0.00000000099999999935 0.00000000099999999935
4 4 (0) 1 : 0.00000000099999999959 0.00000000099999999959 0.00000000099999999959 0.00000000099999999959 0.38607641834225603361 0.00000000099999999959 0.61392357365774385958 0.00000000099999999959 0.00000000099999999959 0.00000000099999999959
5 5 (0) 1 : 0.00000000099999999969 0.00000000099999999969 0.00000000099999999969 0.00000000099999999969 0.99570484925421354205 0.00000000099999999969 0.00429514274578658185 0.00000000099999999969 0.00000000099999999969 0.00000000099999999969
6 6 (0) 1 : 0.00000000099999999934 0.00000000099999999934 0.00000000099999999934 0.00000000099999999934 0.00000000099999999934 0.00000000099999999934 0.99999999099999992147 0.00000000099999999934 0.00000000099999999934 0.00000000099999999934
7 7 (0) 2 : 0.00000000099999999935 0.00000000099999999935 0.00000000099999999935 0.00000000099999999935 0.99999999100000003249 0.00000000099999999935 0.00000000099999999935 0.00000000099999999935 0.00000000099999999935 0.00000000099999999935
8 8 (0) 2 : 0.00000000099999999951 0.00000000099999999951 0.00000000099999999951 0.00000000099999999951 0.00000000099999999951 0.00000000099999999951 0.99999999100000003249 0.00000000099999999951 0.00000000099999999951 0.00000000099999999951
9 9 (0) 2 : 0.07774627562861276264 0.02009909635763025559 0.00000000099999999994 0.00000000099999999994 0.87284596721951024367 0.00000000099999999994 0.02930676154734724800 0.00000000099999999994 0.00000000099999999994 0.00000189424689948764
10 10 (0) 2 : 0.00000000099999999940 0.00000000099999999940 0.00000000099999999940 0.00000000099999999940 0.99999999100000003249 0.00000000099999999940 0.00000000099999999940 0.00000000099999999940 0.00000000099999999940 0.00000000099999999940
11 11 (0) 2 : 0.00000000099999999906 0.00000000099999999906 0.00000000099999999906 0.00000000099999999906 0.00000000099999999906 0.00000000099999999906 0.99999999100000003249 0.00000000099999999906 0.00000000099999999906 0.00000000099999999906
12 12 (0) 2 : 0.00000000099999999926 0.00000000099999999926 0.00000000099999999926 0.00000000099999999926 0.46484008773657631286 0.00000000099999999926 0.53515990426342363584 0.00000000099999999926 0.00000000099999999926 0.00000000099999999926
13 13 (0) 2 : 0.00000000099999999977 0.15431054857865086904 0.00000000099999999977 0.00000000099999999977 0.00000000099999999977 0.00000000099999999977 0.84568944342134921843 0.00000000099999999977 0.00000000099999999977 0.00000000099999999977
14 14 (0) 3 : 0.00000000099999999954 0.00000000099999999954 0.00000000099999999954 0.99999999100000014352 0.00000000099999999954 0.00000000099999999954 0.00000000099999999954 0.00000000099999999954 0.00000000099999999954 0.00000000099999999954
15 15 (0) 3 : 0.00000000099999999974 0.00000000099999999974 0.00000000099999999974 0.28472910213144408953 0.00000000099999999974 0.00000000099999999974 0.00000000099999999974 0.00000000099999999974 0.71527088986855569264 0.00000000099999999974
16 16 (0) 3 : 0.00000000099999999961 0.00000000099999999961 0.00000000099999999961 0.00000000099999999961 0.00000000099999999961 0.00000000099999999961 0.00000000099999999961 0.00000000099999999961 0.99999999099999992147 0.00000000099999999961
17 17 (0) 3 : 0.00000000099999999969 0.00000000099999999969 0.00000000099999999969 0.99999999100000014352 0.00000000099999999969 0.00000000099999999969 0.00000000099999999969 0.00000000099999999969 0.00000000099999999969 0.00000000099999999969
18 18 (0) 3 : 0.00000000099999999946 0.00000000099999999946 0.00000000099999999946 0.00000000099999999946 0.00000000099999999946 0.99999999100000003249 0.00000000099999999946 0.00000000099999999946 0.00000000099999999946 0.00000000099999999946
19 19 (0) 3 : 0.00000000099999999945 0.00000000099999999945 0.00000000099999999945 0.00000000099999999945 0.00000000099999999945 0.99999999100000014352 0.00000000099999999945 0.00000000099999999945 0.00000000099999999945 0.00000000099999999945
20 20 (0) 3 : 0.17165300329548213720 0.00000000099999999979 0.40665335319815121284 0.00000000099999999979 0.00000000099999999979 0.05913217947252395745 0.00000000099999999979 0.00000000099999999979 0.29320272721151791062 0.06935873182232482614
21 21 (0) 3 : 0.25763290515488290744 0.00000000099999999966 0.00000000099999999966 0.00000000099999999966 0.00000000099999999966 0.15085263185524067087 0.00000000099999999966 0.00000000099999999966 0.59151445598987617558 0.00000000099999999966
22 22 (0) 3 : 0.00000000099999999957 0.00000000099999999957 0.00000000099999999957 0.00000000099999999957 0.00000000099999999957 0.00000000099999999957 0.00000000099999999957 0.00000000099999999957 0.99999999100000003249 0.00000000099999999957
23 23 (0) 3 : 0.00000000099999999958 0.00000000099999999958 0.00000000099999999958 0.00000000099999999958 0.00000000099999999958 0.00000000099999999958 0.00000000099999999958 0.00000000099999999958 0.99999999099999992147 0.00000000099999999958
24 24 (0) 3 : 0.00000000099999999951 0.00000000099999999951 0.99999999100000003249 0.00000000099999999951 0.00000000099999999951 0.00000000099999999951 0.00000000099999999951 0.00000000099999999951 0.00000000099999999951 0.00000000099999999951
25 25 (0) 3 : 0.00000000099999999889 0.99999999100000003249 0.00000000099999999889 0.00000000099999999889 0.00000000099999999889 0.00000000099999999889 0.00000000099999999889 0.00000000099999999889 0.00000000099999999889 0.00000000099999999889
26 26 (0) 4 : 0.00000000099999999970 0.00000000099999999970 0.00000000099999999970 0.00000000099999999970 0.99999999100000003249 0.00000000099999999970 0.00000000099999999970 0.00000000099999999970 0.00000000099999999970 0.00000000099999999970
27 27 (0) 4 : 0.00000000099999999971 0.00000000099999999971 0.18651991912515211713 0.22850218968728366886 0.00000000099999999971 0.23750278696411158963 0.00000000099999999971 0.00000000099999999971 0.34747509822345268304 0.00000000099999999971
28 28 (0) 4 : 0.99999999100000025454 0.00000000099999999955 0.00000000099999999955 0.00000000099999999955 0.00000000099999999955 0.00000000099999999955 0.00000000099999999955 0.00000000099999999955 0.00000000099999999955 0.00000000099999999955
29 29 (0) 4 : 0.00000000099999999954 0.00000000099999999954 0.00000000099999999954 0.00000000099999999954 0.99999999100000014352 0.00000000099999999954 0.00000000099999999954 0.00000000099999999954 0.00000000099999999954 0.00000000099999999954
30 30 (0) 4 : 0.28044568183312618137 0.00000000099999999963 0.00001142197691652504 0.00000000099999999963 0.00000000099999999963 0.00000000099999999963 0.00000000099999999963 0.24698999704215651718 0.47255289314780052345 0.00000000099999999963
31 31 (0) 4 : 0.99999999100000014352 0.00000000099999999959 0.00000000099999999959 0.00000000099999999959 0.00000000099999999959 0.00000000099999999959 0.00000000099999999959 0.00000000099999999959 0.00000000099999999959 0.00000000099999999959
32 32 (0) 4 : 0.09152761151372387771 0.00000000099999999998 0.02997825090105242854 0.11459427935444256585 0.47819412435779157233 0.07047563536411813323 0.02035521403639914059 0.08347093476116826394 0.11140394771130400497 0.00000000099999999998
33 33 (0) 4 : 0.00000000099999999967 0.00000000099999999967 0.28045690772514619837 0.00000000099999999967 0.00000000099999999967 0.00000000099999999967 0.00000000099999999967 0.00000000099999999967 0.71954308427485358379 0.00000000099999999967
34 34 (0) 4 : 0.00000000099999999951 0.00000000099999999951 0.99999999100000003249 0.00000000099999999951 0.00000000099999999951 0.00000000099999999951 0.00000000099999999951 0.00000000099999999951 0.00000000099999999951 0.00000000099999999951
35 35 (0) 4 : 0.00000000099999999949 0.00000000099999999949 0.99999999100000003249 0.00000000099999999949 0.00000000099999999949 0.00000000099999999949 0.00000000099999999949 0.00000000099999999949 0.00000000099999999949 0.00000000099999999949
36 36 (0) 4 : 0.00000000099999999950 0.00000000099999999950 0.00000000099999999950 0.99999999100000014352 0.00000000099999999950 0.00000000099999999950 0.00000000099999999950 0.00000000099999999950 0.00000000099999999950 0.00000000099999999950
37 37 (0) 4 : 0.99999999100000025454 0.00000000099999999951 0.00000000099999999951 0.00000000099999999951 0.00000000099999999951 0.00000000099999999951 0.00000000099999999951 0.00000000099999999951 0.00000000099999999951 0.00000000099999999951
38 38 (0) 4 : 0.99999999100000014352 0.00000000099999999951 0.00000000099999999951 0.00000000099999999951 0.00000000099999999951 0.00000000099999999951 0.00000000099999999951 0.00000000099999999951 0.00000000099999999951 0.00000000099999999951
39 39 (0) 4 : 0.00000000099999999950 0.00000000099999999950 0.00000000099999999950 0.00000000099999999950 0.99999999100000014352 0.00000000099999999950 0.00000000099999999950 0.00000000099999999950 0.00000000099999999950 0.00000000099999999950
40 40 (0) 5 : 0.00000000099999999961 0.00000000099999999961 0.00000000099999999961 0.99999999100000014352 0.00000000099999999961 0.00000000099999999961 0.00000000099999999961 0.00000000099999999961 0.00000000099999999961 0.00000000099999999961
41 41 (0) 5 : 0.00000000099999999962 0.00000000099999999962 0.00000000099999999962 0.00000000099999999962 0.00000000099999999962 0.00000000099999999962 0.00000000099999999962 0.00000000099999999962 0.99999999099999992147 0.00000000099999999962
42 42 (0) 5 : 0.51965793851733510511 0.00000000099999999973 0.35180168613514606335 0.00000000099999999973 0.00000000099999999973 0.12854036834751902951 0.00000000099999999973 0.00000000099999999973 0.00000000099999999973 0.00000000099999999973
43 43 (0) 5 : 0.00000000099999999937 0.00000000099999999937 0.00000000099999999937 0.00000000099999999937 0.99999999100000003249 0.00000000099999999937 0.00000000099999999937 0.00000000099999999937 0.00000000099999999937 0.00000000099999999937
44 44 (0) 5 : 0.00000000099999999955 0.00000000099999999955 0.00000000099999999955 0.00000000099999999955 0.00000000099999999955 0.00000000099999999955 0.00000000099999999955 0.00000000099999999955 0.99999999100000003249 0.00000000099999999955
45 45 (0) 5 : 0.00000000099999999952 0.00000000099999999952 0.00000000099999999952 0.00000000099999999952 0.00000000099999999952 0.99999999100000014352 0.00000000099999999952 0.00000000099999999952 0.00000000099999999952 0.00000000099999999952
46 46 (0) 5 : 0.00000000099999999954 0.00000000099999999954 0.99999999100000014352 0.00000000099999999954 0.00000000099999999954 0.00000000099999999954 0.00000000099999999954 0.00000000099999999954 0.00000000099999999954 0.00000000099999999954
47 47 (0) 5 : 0.99999999100000025454 0.00000000099999999954 0.00000000099999999954 0.00000000099999999954 0.00000000099999999954 0.00000000099999999954 0.00000000099999999954 0.00000000099999999954 0.00000000099999999954 0.00000000099999999954
48 48 (0) 5 : 0.00000000099999999957 0.00000000099999999957 0.00000000099999999957 0.99999999100000014352 0.00000000099999999957 0.00000000099999999957 0.00000000099999999957 0.00000000099999999957 0.00000000099999999957 0.00000000099999999957
49 49 (0) 5 : 0.00000000099999999941 0.00000000099999999941 0.00000000099999999941 0.00000000099999999941 0.99999999100000003249 0.00000000099999999941 0.00000000099999999941 0.00000000099999999941 0.00000000099999999941 0.00000000099999999941
50 50 (0) 5 : 0.00000000099999999972 0.00000000099999999972 0.00000000099999999972 0.00000286881244475039 0.00000000099999999972 0.46607000842528528706 0.00000000099999999972 0.00000000099999999972 0.53392711576226981052 0.00000000099999999972
51 51 (0) 5 : 0.00000000099999999938 0.00000000099999999938 0.00000000099999999938 0.00000000099999999938 0.99999999100000014352 0.00000000099999999938 0.00000000099999999938 0.00000000099999999938 0.00000000099999999938 0.00000000099999999938
52 52 (0) 5 : 0.00000000099999999936 0.00000000099999999936 0.00000000099999999936 0.00000000099999999936 0.99999999100000014352 0.00000000099999999936 0.00000000099999999936 0.00000000099999999936 0.00000000099999999936 0.00000000099999999936
53 53 (0) 6 : 0.00000000099999999927 0.00000000099999999927 0.00000000099999999927 0.00000000099999999927 0.99999999100000014352 0.00000000099999999927 0.00000000099999999927 0.00000000099999999927 0.00000000099999999927 0.00000000099999999927
54 54 (0) 6 : 0.99999999100000014352 0.00000000099999999955 0.00000000099999999955 0.00000000099999999955 0.00000000099999999955 0.00000000099999999955 0.00000000099999999955 0.00000000099999999955 0.00000000099999999955 0.00000000099999999955
55 55 (0) 6 : 0.00000000099999999980 0.09426098843190366949 0.00000000099999999980 0.00000000099999999980 0.84911075080974951490 0.00000000099999999980 0.05662825375834687480 0.00000000099999999980 0.00000000099999999980 0.00000000099999999980
56 56 (0) 6 : 0.00000000099999999958 0.00000000099999999958 0.00000000099999999958 0.00000000099999999958 0.00000000099999999958 0.00000000099999999958 0.00000000099999999958 0.00000000099999999958 0.00000000099999999958 0.99999999099999992147
57 57 (0) 6 : 0.00000000099999999920 0.99999999100000014352 0.00000000099999999920 0.00000000099999999920 0.00000000099999999920 0.00000000099999999920 0.00000000099999999920 0.00000000099999999920 0.00000000099999999920 0.00000000099999999920
58 58 (0) 6 : 0.00000000099999999944 0.00000000099999999944 0.00000000099999999944 0.00000000099999999944 0.00000000099999999944 0.00000000099999999944 0.00000000099999999944 0.00000000099999999944 0.00000000099999999944 0.99999999100000003249
59 59 (0) 6 : 0.00000000099999999952 0.00000000099999999952 0.00000000099999999952 0.00000000099999999952 0.00000000099999999952 0.00000000099999999952 0.00000000099999999952 0.99999999100000003249 0.00000000099999999952 0.00000000099999999952
60 60 (0) 6 : 0.00000000099999999936 0.00000000099999999936 0.00000000099999999936 0.00000000099999999936 0.00000000099999999936 0.00000000099999999936 0.00000000099999999936 0.99999999100000003249 0.00000000099999999936 0.00000000099999999936
61 61 (0) 6 : 0.00000000099999999966 0.00000000099999999966 0.00000000099999999966 0.00000000099999999966 0.00000000099999999966 0.00000000099999999966 0.00000000099999999966 0.00000000099999999966 0.99999999099999992147 0.00000000099999999966
62 62 (0) 6 : 0.00000000099999999950 0.00000000099999999950 0.00000000099999999950 0.00000000099999999950 0.00000000099999999950 0.99999999100000003249 0.00000000099999999950 0.00000000099999999950 0.00000000099999999950 0.00000000099999999950
63 63 (0) 6 : 0.00000000099999999988 0.00000000099999999988 0.00000000099999999988 0.00000000099999999988 0.82179001922767769273 0.00000000099999999988 0.00006011634657511232 0.00000000099999999988 0.00000000099999999988 0.17814985742574718230
64 64 (0) 7 : 0.00000000099999999946 0.00000000099999999946 0.00000000099999999946 0.00000000099999999946 0.99999999100000003249 0.00000000099999999946 0.00000000099999999946 0.00000000099999999946 0.00000000099999999946 0.00000000099999999946
65 65 (0) 7 : 0.00000000099999999932 0.00000000099999999932 0.00000000099999999932 0.00000000099999999932 0.99999999100000003249 0.00000000099999999932 0.00000000099999999932 0.00000000099999999932 0.00000000099999999932 0.00000000099999999932
66 66 (0) 7 : 0.00000000099999999985 0.00000000099999999985 0.00000000099999999985 0.00000000099999999985 0.94936212588944957069 0.00000000099999999985 0.00000000099999999985 0.00000000099999999985 0.00000000099999999985 0.05063786611055047515
67 67 (0) 7 : 0.00000000099999999986 0.04511625852463019976 0.00000000099999999986 0.00000000099999999986 0.89424712706016551422 0.00000000099999999986 0.06063660741520430358 0.00000000099999999986 0.00000000099999999986 0.00000000099999999986
68 68 (0) 8 : 0.00000439177797747736 0.00000000099999999990 0.21908203140635107431 0.25707661125700326243 0.00000000099999999990 0.00000000099999999990 0.00000000099999999990 0.00000000099999999990 0.40715163125759751273 0.11668532930107040901
69 69 (0) 8 : 0.00000000099999999970 0.00000000099999999970 0.00000000099999999970 0.00000000099999999970 0.00000000099999999970 0.00000000099999999970 0.00000000099999999970 0.99999999100000003249 0.00000000099999999970 0.00000000099999999970
70 70 (0) 8 : 0.00000000099999999953 0.00000000099999999953 0.00000000099999999953 0.99999999100000014352 0.00000000099999999953 0.00000000099999999953 0.00000000099999999953 0.00000000099999999953 0.00000000099999999953 0.00000000099999999953
71 71 (0) 8 : 0.06913996953734291573 0.00000000099999999993 0.19271945870804238488 0.21653507803104660168 0.00000000099999999993 0.00000740167801272532 0.00000000099999999993 0.00000000099999999993 0.43985737800254109953 0.08174071004301416976
72 72 (0) 8 : 0.00000000099999999991 0.00000000099999999991 0.27733024074898232625 0.46488691530135844987 0.00000000099999999991 0.00000000099999999991 0.00000000099999999991 0.00000000099999999991 0.12844512368886662479 0.12933771426079287981
73 73 (0) 8 : 0.00000000099999999973 0.00000000099999999973 0.00000000099999999973 0.00000000099999999973 0.00000000099999999973 0.00000000099999999973 0.00000000099999999973 0.00000000099999999973 0.00000000099999999973 0.99999999099999992147
74 74 (0) 9 : 0.00000000099999999989 0.00000000099999999989 0.00000000099999999989 0.00000000099999999989 0.77180293122085930069 0.00000000099999999989 0.01562798785248753833 0.00000000099999999989 0.00000000099999999989 0.21256907392665327916
75 75 (0) 9 : 0.00000000099999999985 0.00000000099999999985 0.00000000099999999985 0.00000000099999999985 0.85375549806827577548 0.00000000099999999985 0.00000000099999999985 0.00000000099999999985 0.00000000099999999985 0.14624449393172439526
76 76 (0) 10 : 0.00000000099999999936 0.00000000099999999936 0.00000000099999999936 0.00000000099999999936 0.99999999100000003249 0.00000000099999999936 0.00000000099999999936 0.00000000099999999936 0.00000000099999999936 0.00000000099999999936
77 77 (0) 11 : 0.00000000099999999949 0.00000000099999999949 0.00000000099999999949 0.00000000099999999949 0.99999999100000014352 0.00000000099999999949 0.00000000099999999949 0.00000000099999999949 0.00000000099999999949 0.00000000099999999949
78 78 (0) 12 : 0.00000000099999999948 0.00000000099999999948 0.00000000099999999948 0.00000000099999999948 0.99999999100000014352 0.00000000099999999948 0.00000000099999999948 0.00000000099999999948 0.00000000099999999948 0.00000000099999999948
79 79 (0) 13 : 0.00000000099999999997 0.20943598686600414793 0.00000000099999999997 0.00000000099999999997 0.00000000099999999997 0.00000000099999999997 0.00000000099999999997 0.00000000099999999997 0.35183404322385858354 0.43872996291013743875
80 80 (0) 13 : 0.00000000099999999949 0.00000000099999999949 0.99999999100000014352 0.00000000099999999949 0.00000000099999999949 0.00000000099999999949 0.00000000099999999949 0.00000000099999999949 0.00000000099999999949 0.00000000099999999949
1 1 (0) 1 : 0.00000000099999999954 0.00000000099999999954 0.00000000099999999954 0.00000000099999999954 0.00000000099999999954 0.00000000099999999954 0.00948822423132120868 0.00000000099999999954 0.99051176776867877471 0.00000000099999999954
2 2 (0) 1 : 0.00000000099999999972 0.00000000099999999972 0.00000000099999999972 0.00000000099999999972 0.00000000099999999972 0.13624620843400775394 0.09871696749506303492 0.12566983622012689592 0.63936698185080220735 0.00000000099999999972
3 3 (0) 1 : 0.00000000099999999940 0.00000000099999999940 0.00000000099999999940 0.00000000099999999940 0.00000000099999999940 0.00000000099999999940 0.99999999100000003249 0.00000000099999999940 0.00000000099999999940 0.00000000099999999940
4 4 (0) 1 : 0.00000000099999999964 0.00000000099999999964 0.00000000099999999964 0.00000000099999999964 0.00000000099999999964 0.00000000099999999964 0.60902589868723466804 0.00000000099999999964 0.39097409331276516964 0.00000000099999999964
5 5 (0) 1 : 0.00000000099999999915 0.00000000099999999915 0.00000000099999999915 0.00000000099999999915 0.00000000099999999915 0.00000000099999999915 0.00000000099999999915 0.99999999099999992147 0.00000000099999999915 0.00000000099999999915
6 6 (0) 1 : 0.00000000099999999939 0.00000000099999999939 0.00000000099999999939 0.00000000099999999939 0.00000000099999999939 0.00000000099999999939 0.99999999100000003249 0.00000000099999999939 0.00000000099999999939 0.00000000099999999939
7 7 (0) 2 : 0.00000000099999999943 0.00000000099999999943 0.00000000099999999943 0.00000000099999999943 0.00000000099999999943 0.00000000099999999943 0.00000000099999999943 0.00000000099999999943 0.99999999099999992147 0.00000000099999999943
8 8 (0) 2 : 0.00000000099999999955 0.00000000099999999955 0.00000000099999999955 0.00000000099999999955 0.00000000099999999955 0.00000000099999999955 0.99999999100000003249 0.00000000099999999955 0.00000000099999999955 0.00000000099999999955
9 9 (0) 2 : 0.00000000099999999997 0.00000000099999999997 0.00000000099999999997 0.00000000099999999997 0.05419109199334187082 0.02824659988561959226 0.01230899065699861752 0.23484930020937308526 0.67040401225466683677 0.00000000099999999997
10 10 (0) 2 : 0.00000000099999999947 0.00000000099999999947 0.00000000099999999947 0.00000000099999999947 0.00000000099999999947 0.00000000099999999947 0.00000000099999999947 0.00000000099999999947 0.99999999099999992147 0.00000000099999999947
11 11 (0) 2 : 0.00000000099999999913 0.00000000099999999913 0.00000000099999999913 0.00000000099999999913 0.00000000099999999913 0.00000000099999999913 0.99999999099999992147 0.00000000099999999913 0.00000000099999999913 0.00000000099999999913
12 12 (0) 2 : 0.00000000099999999935 0.00000000099999999935 0.00000000099999999935 0.00000000099999999935 0.00000000099999999935 0.00000000099999999935 0.53787692179346979771 0.00000000099999999935 0.46212307020653015099 0.00000000099999999935
13 13 (0) 2 : 0.00000000099999999980 0.00000000099999999980 0.00000000099999999980 0.00000000099999999980 0.00000000099999999980 0.14846380802803155197 0.85153618397196839673 0.00000000099999999980 0.00000000099999999980 0.00000000099999999980
14 14 (0) 3 : 0.00000000099999999937 0.99999999100000014352 0.00000000099999999937 0.00000000099999999937 0.00000000099999999937 0.00000000099999999937 0.00000000099999999937 0.00000000099999999937 0.00000000099999999937 0.00000000099999999937
15 15 (0) 3 : 0.00000000099999999971 0.00000000099999999971 0.12033767779411978782 0.51418028279680083603 0.36548203240907950473 0.00000000099999999971 0.00000000099999999971 0.00000000099999999971 0.00000000099999999971 0.00000000099999999971
16 16 (0) 3 : 0.00000000099999999941 0.00000000099999999941 0.99999999100000003249 0.00000000099999999941 0.00000000099999999941 0.00000000099999999941 0.00000000099999999941 0.00000000099999999941 0.00000000099999999941 0.00000000099999999941
17 17 (0) 3 : 0.00000000099999999974 0.00000000099999999974 0.36960776473321971247 0.30957425547034272961 0.32081797279643753384 0.00000000099999999974 0.00000000099999999974 0.00000000099999999974 0.00000000099999999974 0.00000000099999999974
18 18 (0) 3 : 0.00000000099999999944 0.00000000099999999944 0.99999999100000014352 0.00000000099999999944 0.00000000099999999944 0.00000000099999999944 0.00000000099999999944 0.00000000099999999944 0.00000000099999999944 0.00000000099999999944
19 19 (0) 3 : 0.00000000099999999957 0.00000000099999999957 0.60056100130237599632 0.39943899069762417442 0.00000000099999999957 0.00000000099999999957 0.00000000099999999957 0.00000000099999999957 0.00000000099999999957 0.00000000099999999957
20 20 (0) 3 : 0.00000000099999999969 0.00000000099999999969 0.00000000099999999969 0.31882365483517999261 0.61712271603921664553 0.00000000099999999969 0.00000000099999999969 0.00000000099999999969 0.00000000099999999969 0.06405362212560343493
21 21 (0) 3 : 0.42953104781511119992 0.00000000099999999957 0.00000118065027299129 0.57046776453461578438 0.00000000099999999957 0.00000000099999999957 0.00000000099999999957 0.00000000099999999957 0.00000000099999999957 0.00000000099999999957
22 22 (0) 3 : 0.14533251994069484869 0.00000000099999999958 0.23255134366061272488 0.62211612939869265215 0.00000000099999999958 0.00000000099999999958 0.00000000099999999958 0.00000000099999999958 0.00000000099999999958 0.00000000099999999958
23 23 (0) 3 : 0.00000000099999999945 0.00000000099999999945 0.00000000099999999945 0.99999999100000014352 0.00000000099999999945 0.00000000099999999945 0.00000000099999999945 0.00000000099999999945 0.00000000099999999945 0.00000000099999999945
24 24 (0) 3 : 0.00000000099999999958 0.00000000099999999958 0.00000000099999999958 0.38960669917814627627 0.61039329282185383896 0.00000000099999999958 0.00000000099999999958 0.00000000099999999958 0.00000000099999999958 0.00000000099999999958
25 25 (0) 3 : 0.00000000099999999869 0.00000000099999999869 0.00000000099999999869 0.00000000099999999869 0.00000000099999999869 0.99999999100000003249 0.00000000099999999869 0.00000000099999999869 0.00000000099999999869 0.00000000099999999869
26 26 (0) 4 : 0.00000000099999999907 0.00000000099999999907 0.00000000099999999907 0.00000000099999999907 0.00000000099999999907 0.00000000099999999907 0.00000000099999999907 0.99999999100000003249 0.00000000099999999907 0.00000000099999999907
27 27 (0) 4 : 0.00000000099999999959 0.00000000099999999959 0.32125770810976472802 0.67874228389023538721 0.00000000099999999959 0.00000000099999999959 0.00000000099999999959 0.00000000099999999959 0.00000000099999999959 0.00000000099999999959
28 28 (0) 4 : 0.99999999100000014352 0.00000000099999999938 0.00000000099999999938 0.00000000099999999938 0.00000000099999999938 0.00000000099999999938 0.00000000099999999938 0.00000000099999999938 0.00000000099999999938 0.00000000099999999938
29 29 (0) 4 : 0.00000000099999999959 0.00000000099999999959 0.00000000099999999959 0.00000000099999999959 0.00000000099999999959 0.00000000099999999959 0.00000000099999999959 0.00000000099999999959 0.99999999100000003249 0.00000000099999999959
30 30 (0) 4 : 0.00000000099999999957 0.00000000099999999957 0.00000000099999999957 0.40624817146611075236 0.59375182053388930736 0.00000000099999999957 0.00000000099999999957 0.00000000099999999957 0.00000000099999999957 0.00000000099999999957
31 31 (0) 4 : 0.99999999100000025454 0.00000000099999999943 0.00000000099999999943 0.00000000099999999943 0.00000000099999999943 0.00000000099999999943 0.00000000099999999943 0.00000000099999999943 0.00000000099999999943 0.00000000099999999943
32 32 (0) 4 : 0.05788340025324474614 0.11067345344306056543 0.11841556064650742008 0.12677540131001477364 0.08351007263715312656 0.00000000099999999997 0.01786643362485323613 0.11218492163551616048 0.37269075444964983035 0.00000000099999999997
33 33 (0) 4 : 0.00000000099999999949 0.00000000099999999949 0.00000000099999999949 0.99999999100000014352 0.00000000099999999949 0.00000000099999999949 0.00000000099999999949 0.00000000099999999949 0.00000000099999999949 0.00000000099999999949
34 34 (0) 4 : 0.00000000099999999948 0.00000000099999999948 0.00000000099999999948 0.00000000099999999948 0.99999999100000014352 0.00000000099999999948 0.00000000099999999948 0.00000000099999999948 0.00000000099999999948 0.00000000099999999948
35 35 (0) 4 : 0.00000000099999999945 0.00000000099999999945 0.00000000099999999945 0.00000000099999999945 0.99999999100000003249 0.00000000099999999945 0.00000000099999999945 0.00000000099999999945 0.00000000099999999945 0.00000000099999999945
36 36 (0) 4 : 0.28050597980292590883 0.00000000099999999952 0.00000000099999999952 0.00000000099999999952 0.71949401219707398436 0.00000000099999999952 0.00000000099999999952 0.00000000099999999952 0.00000000099999999952 0.00000000099999999952
37 37 (0) 4 : 0.00000000099999999945 0.00000000099999999945 0.00000000099999999945 0.00000000099999999945 0.99999999100000003249 0.00000000099999999945 0.00000000099999999945 0.00000000099999999945 0.00000000099999999945 0.00000000099999999945
38 38 (0) 4 : 0.55846785851388613953 0.00000000099999999948 0.44153213348611408673 0.00000000099999999948 0.00000000099999999948 0.00000000099999999948 0.00000000099999999948 0.00000000099999999948 0.00000000099999999948 0.00000000099999999948
39 39 (0) 4 : 0.00000000099999999956 0.00000000099999999956 0.00000000099999999956 0.00000000099999999956 0.00000000099999999956 0.00000000099999999956 0.00000000099999999956 0.00000000099999999956 0.99999999100000003249 0.00000000099999999956
40 40 (0) 5 : 0.00000000099999999965 0.00000000099999999965 0.30983466205705328944 0.00000000099999999965 0.69016532994294677028 0.00000000099999999965 0.00000000099999999965 0.00000000099999999965 0.00000000099999999965 0.00000000099999999965
41 41 (0) 5 : 0.00000000099999999952 0.00000000099999999952 0.00000000099999999952 0.99999999100000014352 0.00000000099999999952 0.00000000099999999952 0.00000000099999999952 0.00000000099999999952 0.00000000099999999952 0.00000000099999999952
42 42 (0) 5 : 0.00000000099999999964 0.00000000099999999964 0.57435152215548634924 0.00000000099999999964 0.42564846984451376599 0.00000000099999999964 0.00000000099999999964 0.00000000099999999964 0.00000000099999999964 0.00000000099999999964
43 43 (0) 5 : 0.00000000099999999944 0.00000000099999999944 0.00000000099999999944 0.00000000099999999944 0.00000000099999999944 0.00000000099999999944 0.00000000099999999944 0.18534108603839766216 0.81465890596160228654 0.00000000099999999944
44 44 (0) 5 : 0.00000000099999999942 0.00000000099999999942 0.00000000099999999942 0.99999999100000014352 0.00000000099999999942 0.00000000099999999942 0.00000000099999999942 0.00000000099999999942 0.00000000099999999942 0.00000000099999999942
45 45 (0) 5 : 0.00000000099999999950 0.00000000099999999950 0.99999999100000014352 0.00000000099999999950 0.00000000099999999950 0.00000000099999999950 0.00000000099999999950 0.00000000099999999950 0.00000000099999999950 0.00000000099999999950
46 46 (0) 5 : 0.99999999100000014352 0.00000000099999999943 0.00000000099999999943 0.00000000099999999943 0.00000000099999999943 0.00000000099999999943 0.00000000099999999943 0.00000000099999999943 0.00000000099999999943 0.00000000099999999943
47 47 (0) 5 : 0.99999999100000025454 0.00000000099999999938 0.00000000099999999938 0.00000000099999999938 0.00000000099999999938 0.00000000099999999938 0.00000000099999999938 0.00000000099999999938 0.00000000099999999938 0.00000000099999999938
48 48 (0) 5 : 0.00000000099999999933 0.99999999100000025454 0.00000000099999999933 0.00000000099999999933 0.00000000099999999933 0.00000000099999999933 0.00000000099999999933 0.00000000099999999933 0.00000000099999999933 0.00000000099999999933
49 49 (0) 5 : 0.00000000099999999947 0.00000000099999999947 0.00000000099999999947 0.00000000099999999947 0.00000000099999999947 0.00000000099999999947 0.00000000099999999947 0.00000000099999999947 0.99999999099999992147 0.00000000099999999947
50 50 (0) 5 : 0.32062414025188551436 0.00000000099999999963 0.67937585174811454536 0.00000000099999999963 0.00000000099999999963 0.00000000099999999963 0.00000000099999999963 0.00000000099999999963 0.00000000099999999963 0.00000000099999999963
51 51 (0) 5 : 0.00000000099999999945 0.00000000099999999945 0.00000000099999999945 0.00000000099999999945 0.00000000099999999945 0.00000000099999999945 0.00000000099999999945 0.00000000099999999945 0.99999999100000003249 0.00000000099999999945
52 52 (0) 5 : 0.00000000099999999942 0.00000000099999999942 0.00000000099999999942 0.00000000099999999942 0.00000000099999999942 0.00000000099999999942 0.00000000099999999942 0.22762263494091955485 0.77237735705908039385 0.00000000099999999942
53 53 (0) 6 : 0.00000000099999999936 0.00000000099999999936 0.00000000099999999936 0.00000000099999999936 0.00000000099999999936 0.00000000099999999936 0.00000000099999999936 0.00000000099999999936 0.99999999099999992147 0.00000000099999999936
54 54 (0) 6 : 0.00000000099999999947 0.00000000099999999947 0.00000000099999999947 0.99999999100000003249 0.00000000099999999947 0.00000000099999999947 0.00000000099999999947 0.00000000099999999947 0.00000000099999999947 0.00000000099999999947
55 55 (0) 6 : 0.00000000099999999981 0.00000000099999999981 0.00000000099999999981 0.00000000099999999981 0.00000000099999999981 0.09141181864052430606 0.07143294848464337710 0.03539524401368605855 0.80175998286114624758 0.00000000099999999981
56 56 (0) 6 : 0.00000000099999999961 0.00000000099999999961 0.00000000099999999961 0.00000000099999999961 0.00000000099999999961 0.00000000099999999961 0.00000000099999999961 0.00000000099999999961 0.00000000099999999961 0.99999999099999992147
57 57 (0) 6 : 0.00000000099999999952 0.00000000099999999952 0.00000000099999999952 0.00000000099999999952 0.00000000099999999952 0.00000000099999999952 0.00000000099999999952 0.00000000099999999952 0.00000000099999999952 0.99999999099999992147
58 58 (0) 6 : 0.00000000099999999953 0.00000000099999999953 0.00000000099999999953 0.00000000099999999953 0.00000000099999999953 0.00000000099999999953 0.00000000099999999953 0.00000000099999999953 0.00000000099999999953 0.99999999099999992147
59 59 (0) 6 : 0.00000000099999999962 0.99999999100000025454 0.00000000099999999962 0.00000000099999999962 0.00000000099999999962 0.00000000099999999962 0.00000000099999999962 0.00000000099999999962 0.00000000099999999962 0.00000000099999999962
60 60 (0) 6 : 0.29836329787296234084 0.00000000099999999963 0.00000000099999999963 0.00000000099999999963 0.70163669412703777439 0.00000000099999999963 0.00000000099999999963 0.00000000099999999963 0.00000000099999999963 0.00000000099999999963
61 61 (0) 6 : 0.50139698218994566137 0.00000000099999999970 0.00000000099999999970 0.49860300981005450938 0.00000000099999999970 0.00000000099999999970 0.00000000099999999970 0.00000000099999999970 0.00000000099999999970 0.00000000099999999970
62 62 (0) 6 : 0.00000000099999999948 0.00000000099999999948 0.99999999100000003249 0.00000000099999999948 0.00000000099999999948 0.00000000099999999948 0.00000000099999999948 0.00000000099999999948 0.00000000099999999948 0.00000000099999999948
63 63 (0) 6 : 0.00000000099999999996 0.00000000099999999996 0.00000000099999999996 0.00000000099999999996 0.00000000099999999996 0.00000000099999999996 0.00003667971998681448 0.28038420943281827658 0.58904677135664162968 0.13053233349055307078
64 64 (0) 7 : 0.00000000099999999951 0.00000000099999999951 0.00000000099999999951 0.00000000099999999951 0.00000000099999999951 0.00000000099999999951 0.00000000099999999951 0.00000000099999999951 0.99999999100000003249 0.00000000099999999951
65 65 (0) 7 : 0.00000000099999999939 0.00000000099999999939 0.00000000099999999939 0.00000000099999999939 0.00000000099999999939 0.00000000099999999939 0.00000000099999999939 0.00000000099999999939 0.99999999100000003249 0.00000000099999999939
66 66 (0) 7 : 0.00000000099999999988 0.00000000099999999988 0.00000000099999999988 0.00000000099999999988 0.00000000099999999988 0.03397977470108028836 0.00000000099999999988 0.00000000099999999988 0.96602021729891973667 0.00000000099999999988
67 67 (0) 7 : 0.00000000099999999987 0.00000000099999999987 0.00000000099999999987 0.00000000099999999987 0.00000000099999999987 0.04616575871383311880 0.06491019228508268513 0.00000000099999999987 0.88892404200108410262 0.00000000099999999987
68 68 (0) 8 : 0.00000000099999999962 0.99999999100000025454 0.00000000099999999962 0.00000000099999999962 0.00000000099999999962 0.00000000099999999962 0.00000000099999999962 0.00000000099999999962 0.00000000099999999962 0.00000000099999999962
69 69 (0) 8 : 0.15228634783997360702 0.21387159282021248052 0.02335028602381742507 0.21728939315790002373 0.21761073172855130431 0.00000000099999999999 0.00000000099999999999 0.02175239288646504260 0.00000000099999999999 0.15383925254308025710
70 70 (0) 8 : 0.00000000099999999957 0.00000000099999999957 0.55202201725030142221 0.00000000099999999957 0.44797797474969869302 0.00000000099999999957 0.00000000099999999957 0.00000000099999999957 0.00000000099999999957 0.00000000099999999957
71 71 (0) 8 : 0.00000000099999999988 0.44722026032901351922 0.05005337879440048543 0.37864165512646413836 0.12408469975012191566 0.00000000099999999988 0.00000000099999999988 0.00000000099999999988 0.00000000099999999988 0.00000000099999999988
72 72 (0) 8 : 0.00000000099999999992 0.31546107363822628589 0.19308318042990946228 0.00002011482895309555 0.40266216498968637749 0.00000000099999999992 0.00000000099999999992 0.00000000099999999992 0.00000000099999999992 0.08877346111322476085
73 73 (0) 8 : 0.00000000099999999978 0.00000000099999999978 0.00000000099999999978 0.00000000099999999978 0.00000000099999999978 0.00000000099999999978 0.00000000099999999978 0.00000000099999999978 0.00000000099999999978 0.99999999100000003249
74 74 (0) 9 : 0.00000000099999999993 0.00000000099999999993 0.00000000099999999993 0.00000000099999999993 0.00000000099999999993 0.18893818374789825287 0.05231389432341925633 0.00000000099999999993 0.75874791492868232101 0.00000000099999999993
75 75 (0) 9 : 0.00000000099999999989 0.00000000099999999989 0.00000000099999999989 0.00000000099999999989 0.00000000099999999989 0.07166253294322308398 0.00000000099999999989 0.39250624126214311849 0.53583121879463380122 0.00000000099999999989
76 76 (0) 10 : 0.00000000099999999944 0.00000000099999999944 0.00000000099999999944 0.00000000099999999944 0.00000000099999999944 0.00000000099999999944 0.00000000099999999944 0.00000000099999999944 0.99999999100000003249 0.00000000099999999944
77 77 (0) 11 : 0.00000000099999999953 0.00000000099999999953 0.00000000099999999953 0.00000000099999999953 0.00000000099999999953 0.00000000099999999953 0.00000000099999999953 0.21352802231112916198 0.78647196968887067570 0.00000000099999999953
78 78 (0) 12 : 0.00000000099999999953 0.00000000099999999953 0.00000000099999999953 0.00000000099999999953 0.00000000099999999953 0.00000000099999999953 0.00000000099999999953 0.00000000099999999953 0.99999999099999992147 0.00000000099999999953
79 79 (0) 13 : 0.00000000099999999980 0.00000000099999999980 0.00000000099999999980 0.00000000099999999980 0.00000000099999999980 0.99999999100000003249 0.00000000099999999980 0.00000000099999999980 0.00000000099999999980 0.00000000099999999980
80 80 (0) 13 : 0.00000000099999999942 0.00000000099999999942 0.00000000099999999942 0.00000000099999999942 0.99999999100000014352 0.00000000099999999942 0.00000000099999999942 0.00000000099999999942 0.00000000099999999942 0.00000000099999999942
