1:	0.3426 0.0327 0.2558 0.0152 0.1286 0.0900 0.1352 	7
2:	0.1427 0.0230 0.1544 0.0035 0.5594 0.0425 0.0747 	6
3:	0.4241 0.0032 0.3489 0.0061 0.0461 0.0573 0.1143 	4
4:	0.2746 0.0066 0.2980 0.0111 0.1722 0.0856 0.1520 	16
5:	0.1998 0.0125 0.4773 0.0000 0.1480 0.0639 0.0984 	1
6:	0.2151 0.0935 0.2190 0.0955 0.1527 0.1049 0.1192 	23
7:	0.2344 0.0027 0.1219 0.0008 0.2597 0.2023 0.1781 	6
8:	0.2860 0.0066 0.1970 0.0268 0.1882 0.1273 0.1682 	2
9:	0.2417 0.0000 0.2618 0.0024 0.1482 0.0774 0.2686 	1
10:	0.1741 0.0032 0.2445 0.0081 0.1486 0.0761 0.3454 	10
