-------------------------------------------------------------------------------
 L       Percentage of nodes in the largest component
 D       Percentage of nodes in components of size at most 3 [-div option]
 R       Percentage of nodes not in L or D: 100 - L -D
 S       Percentage of nodes that are singletons
 E       Fraction of edges retained (input graph has 2450)
 cce     Expected size of component, nodewise [ sum(sz^2) / sum^2(sz) ]
 EW      Edge weight traits (mean, median and IQR)
 ND      Node degree traits [mean, median and IQR]
 CCF     Clustering coefficient (scale 1-100)
 eff     Induced component efficiency relative to start graph (scale 1-1000)
Total number of nodes: 50
----------------------------------------------------------------------------------------------
  L   D   R   S     E     cce  EWmean   EWmed   EWiqr  NDmean   NDmed  NDiqr CCF  eff  Cutoff 
----------------------------------------------------------------------------------------------
100   0   0   0 1.000      50    0.91    0.84    0.16    49.0    49.5    0.5   -    -     0.50
100   0   0   0 1.000      50    0.91    0.84    0.16    49.0    49.5    0.5   -    -     0.51
100   0   0   0 1.000      50    0.91    0.84    0.16    49.0    49.5    0.5   -    -     0.52
100   0   0   0 1.000      50    0.91    0.84    0.16    49.0    49.5    0.5   -    -     0.53
100   0   0   0 1.000      50    0.91    0.84    0.16    49.0    49.5    0.5   -    -     0.54
100   0   0   0 1.000      50    0.91    0.84    0.16    49.0    49.5    0.5   -    -     0.55
100   0   0   0 1.000      50    0.91    0.84    0.16    49.0    49.5    0.5   -    -     0.56
100   0   0   0 1.000      50    0.91    0.84    0.16    49.0    49.5    0.5   -    -     0.57
100   0   0   0 1.000      50    0.91    0.84    0.16    49.0    49.5    0.5   -    -     0.58
100   0   0   0 1.000      50    0.91    0.84    0.16    49.0    49.5    0.5   -    -     0.59
100   0   0   0 1.000      50    0.91    0.84    0.16    49.0    49.5    0.5   -    -     0.60
100   0   0   0 1.000      50    0.91    0.84    0.16    49.0    49.5    0.5   -    -     0.61
100   0   0   0 1.000      50    0.91    0.84    0.16    49.0    49.5    0.5   -    -     0.62
100   0   0   0 1.000      50    0.91    0.84    0.16    49.0    49.5    0.5   -    -     0.63
100   0   0   0 1.000      50    0.91    0.84    0.16    49.0    49.5    0.5   -    -     0.64
100   0   0   0 1.000      50    0.91    0.84    0.16    49.0    49.5    0.5   -    -     0.65
100   0   0   0 1.000      50    0.91    0.84    0.16    49.0    49.5    0.5   -    -     0.66
100   0   0   0 1.000      50    0.91    0.84    0.16    49.0    49.5    0.5   -    -     0.67
100   0   0   0 1.000      50    0.91    0.84    0.16    49.0    49.5    0.5   -    -     0.68
100   0   0   0 1.000      50    0.91    0.84    0.16    49.0    49.5    0.5   -    -     0.69
100   0   0   0 1.000      50    0.91    0.84    0.16    49.0    49.5    0.5   -    -     0.70
100   0   0   0 1.000      50    0.91    0.84    0.16    49.0    49.5    0.5   -    -     0.71
100   0   0   0 1.000      50    0.91    0.84    0.16    49.0    49.5    0.5   -    -     0.72
100   0   0   0 1.000      50    0.91    0.84    0.16    49.0    49.5    0.5   -    -     0.73
100   0   0   0 1.000      50    0.91    0.84    0.16    49.0    49.5    0.5   -    -     0.74
100   0   0   0 1.000      50    0.91    0.84    0.16    49.0    49.5    0.5   -    -     0.75
100   0   0   0 1.000      50    0.91    0.84    0.16    49.0    49.5    0.5   -    -     0.76
100   0   0   0 1.000      50    0.91    0.84    0.16    49.0    49.5    0.5   -    -     0.77
100   0   0   0 0.963      50    0.91    0.84    0.16    47.2    49.5    2.5   -    -     0.78
100   0   0   0 0.963      50    0.91    0.84    0.16    47.2    49.5    2.5   -    -     0.79
100   0   0   0 0.963      50    0.91    0.84    0.16    47.2    49.5    2.5   -    -     0.80
100   0   0   0 0.963      50    0.91    0.84    0.16    47.2    49.5    2.5   -    -     0.81
100   0   0   0 0.963      50    0.91    0.84    0.16    47.2    49.5    2.5   -    -     0.82
100   0   0   0 0.963      50    0.91    0.84    0.16    47.2    49.5    2.5   -    -     0.83
 52   4  44   4 0.454      23    1.00    1.00    0.00    22.2    25.5    4.5   -    -     0.84
 52   4  44   4 0.454      23    1.00    1.00    0.00    22.2    25.5    4.5   -    -     0.85
 52   4  44   4 0.454      23    1.00    1.00    0.00    22.2    25.5    4.5   -    -     0.86
 52   4  44   4 0.454      23    1.00    1.00    0.00    22.2    25.5    4.5   -    -     0.87
 52   4  44   4 0.454      23    1.00    1.00    0.00    22.2    25.5    4.5   -    -     0.88
 52   4  44   4 0.454      23    1.00    1.00    0.00    22.2    25.5    4.5   -    -     0.89
 52   4  44   4 0.454      23    1.00    1.00    0.00    22.2    25.5    4.5   -    -     0.90
 52   4  44   4 0.454      23    1.00    1.00    0.00    22.2    25.5    4.5   -    -     0.91
 52   4  44   4 0.454      23    1.00    1.00    0.00    22.2    25.5    4.5   -    -     0.92
 52   4  44   4 0.454      23    1.00    1.00    0.00    22.2    25.5    4.5   -    -     0.93
 52   4  44   4 0.454      23    1.00    1.00    0.00    22.2    25.5    4.5   -    -     0.94
 52   4  44   4 0.454      23    1.00    1.00    0.00    22.2    25.5    4.5   -    -     0.95
 52   4  44   4 0.454      23    1.00    1.00    0.00    22.2    25.5    4.5   -    -     0.96
 52   4  44   4 0.454      23    1.00    1.00    0.00    22.2    25.5    4.5   -    -     0.97
 52   4  44   4 0.454      23    1.00    1.00    0.00    22.2    25.5    4.5   -    -     0.98
 52   4  44   4 0.454      23    1.00    1.00    0.00    22.2    25.5    4.5   -    -     0.99
---------------------------------------------------------------------------------------------
