10 -672107.185711
10 -672462.987399
10 -673037.610784
10 -672198.330773
10 -673289.886779
10 -672075.109141
10 -672506.532441
10 -672702.965513
10 -673219.789602
10 -672345.609646
10 -672141.206238
10 -672142.802022
10 -673026.636609
10 -673642.958645
10 -673595.501185
10 -671934.068449
10 -673344.423366
10 -672267.034926
10 -672774.007711
10 -672571.343322
10 -672760.488967
10 -672349.555993
10 -672429.479742
10 -672661.7987
10 -672796.371864
10 -672354.030227
10 -672109.107475
10 -672362.625272
10 -673347.462601
10 -671825.856113
10 -672775.170924
10 -672408.05238
10 -672699.812462
10 -673034.485374
10 -672411.429715
10 -672486.328472
10 -672777.109638
10 -672655.109239
10 -672548.402103
10 -672576.947552
10 -672504.176987
10 -672497.43066
10 -673263.348217
10 -672202.42099
10 -673383.536807
10 -672377.766419
10 -672794.768742
10 -672049.578608
10 -671933.424621
10 -671831.124773
11 -665470.649166
11 -665840.576537
11 -665729.150874
11 -665562.359085
11 -665609.812575
11 -666747.164414
11 -665547.261183
11 -665553.035338
11 -665949.348112
11 -665673.9663
11 -665708.14271
11 -667349.504355
11 -665989.532397
11 -666010.337867
11 -665660.269893
11 -667767.657302
11 -666464.633788
11 -665747.476065
11 -665630.277801
11 -665978.699727
11 -666569.35101
11 -665982.070343
11 -665584.082267
11 -666543.662958
11 -666265.249972
11 -666380.190022
11 -666265.225051
11 -665591.620122
11 -665492.251113
11 -666754.394818
11 -666195.322686
11 -666250.938978
11 -665486.335805
11 -666169.087901
11 -667167.752202
11 -666424.649732
11 -665028.161304
11 -665674.76007
11 -665755.899242
11 -665473.580167
11 -666920.238145
11 -665770.496522
11 -665913.221913
11 -665713.698582
11 -666355.74468
11 -665993.797423
11 -665114.237131
11 -666790.880575
11 -666596.799531
11 -666155.467797
12 -658741.969747
12 -659315.49961
12 -658649.147814
12 -659225.886915
12 -660315.381542
12 -660177.240577
12 -658807.537058
12 -659007.887781
12 -658808.423758
12 -658917.85463
12 -659877.20703
12 -659470.791515
12 -659820.321124
12 -659232.151435
12 -659480.618675
12 -660341.674706
12 -659998.650532
12 -659241.203321
12 -660339.146605
12 -660111.642844
12 -659727.266826
12 -658915.098317
12 -659452.431089
12 -659627.588903
12 -659265.456739
12 -660476.003124
12 -659908.197102
12 -658282.182974
12 -659438.859751
12 -660893.604109
12 -659214.165865
12 -658478.308213
12 -658872.431798
12 -660115.79141
12 -658742.51769
12 -659636.193616
12 -659967.660281
12 -659894.956138
12 -659795.521695
12 -658882.170259
12 -659427.077768
12 -660185.795485
12 -659342.065848
12 -659089.717706
12 -659461.78226
12 -659469.095283
12 -659493.062306
12 -659571.500911
12 -659548.453388
12 -660958.00747
13 -654143.446741
13 -652331.169594
13 -652235.794468
13 -653309.856955
13 -652209.089039
13 -652570.587735
13 -652359.969155
13 -652909.881369
13 -652970.361922
13 -653589.441422
13 -652042.149155
13 -653210.110703
13 -652803.192831
13 -652496.665576
13 -653680.312312
13 -653761.732001
13 -652371.297353
13 -652774.838159
13 -652509.637911
13 -653263.803068
13 -652465.543887
13 -654048.166662
13 -652701.12502
13 -651721.736463
13 -652928.879156
13 -652691.91548
13 -652678.146659
13 -653165.544784
13 -652726.528476
13 -651956.316519
13 -652065.062005
13 -653719.132995
13 -653077.335074
13 -653515.836695
13 -652805.699175
13 -654409.203282
13 -653131.457161
13 -653145.278348
13 -652734.922317
13 -652854.840558
13 -653435.028959
13 -652667.699787
13 -652757.731036
13 -653923.4911
13 -652289.059093
13 -653292.262329
13 -652362.009944
13 -653858.913557
13 -652437.92062
13 -652955.935956
14 -646740.335748
14 -647157.896181
14 -645962.534692
14 -646260.93501
14 -645860.923598
14 -645858.547726
14 -647501.23956
14 -645743.009296
14 -646669.155317
14 -645756.693176
14 -647080.631116
14 -646410.08143
14 -645559.373407
14 -645871.448171
14 -646069.50038
14 -645323.235576
14 -645415.807038
14 -645251.917304
14 -646114.699671
14 -648178.029359
14 -648167.142774
14 -646221.215513
14 -647148.757527
14 -645925.974667
14 -646572.993603
14 -646502.852861
14 -647468.831905
14 -645947.389985
14 -645435.071602
14 -646329.910458
14 -646565.654131
14 -646130.977486
14 -646403.287535
14 -645783.643884
14 -646213.293528
14 -646935.864346
14 -646430.93494
14 -646224.817979
14 -645863.758038
14 -646261.164261
14 -647513.139596
14 -647204.026951
14 -647268.135696
14 -646833.102317
14 -645347.608217
14 -646810.093465
14 -646021.480913
14 -647447.48481
14 -646523.681498
14 -647791.688239
15 -640647.843316
15 -640054.375391
15 -640361.853574
15 -639830.127146
15 -639576.084494
15 -639429.999519
15 -639526.724738
15 -640833.579511
15 -639464.026149
15 -639234.831398
15 -640134.805055
15 -640071.274466
15 -640053.762344
15 -640686.396091
15 -639641.885546
15 -639645.125956
15 -641078.842498
15 -640241.238064
15 -639694.684242
15 -640602.428055
15 -639910.262699
15 -640154.143749
15 -640013.223118
15 -641556.337283
15 -641006.660975
15 -639785.450227
15 -639336.347338
15 -640195.154173
15 -640235.207641
15 -640142.8991
15 -639313.739842
15 -640461.361836
15 -639667.405208
15 -639411.250293
15 -640619.431242
15 -640042.619967
15 -640314.731323
15 -640836.51723
15 -640172.067446
15 -640093.737391
15 -639890.707869
15 -640115.527921
15 -640132.875469
15 -640267.884797
15 -641798.723881
15 -640312.768264
15 -639143.413885
15 -639544.513524
15 -640017.6336
15 -640159.232289
16 -633680.851361
16 -635441.055342
16 -633430.712325
16 -633645.162731
16 -634405.327581
16 -633493.012752
16 -633615.502831
16 -633571.996247
16 -635023.191775
16 -634000.323309
16 -633237.961027
16 -634031.668382
16 -634029.749634
16 -634512.656996
16 -633912.601413
16 -633664.977782
16 -633942.383262
16 -632873.205631
16 -634565.877787
16 -633231.595131
16 -633686.746123
16 -634551.130234
16 -633875.185411
16 -633132.695958
16 -633001.769516
16 -633694.847808
16 -633118.105495
16 -633592.024079
16 -633024.969139
16 -634639.774337
16 -634381.574661
16 -633137.215228
16 -635643.050733
16 -633982.824945
16 -633809.992832
16 -634236.908106
16 -634087.227638
16 -634415.791701
16 -633715.100252
16 -635219.002569
16 -634055.315969
16 -635569.173697
16 -633477.828999
16 -635310.524851
16 -633905.901111
16 -633870.620175
16 -633629.030961
16 -633882.368483
16 -634067.739601
16 -633918.108486
17 -628561.111857
17 -626495.306913
17 -628487.607366
17 -627699.03253
17 -627128.58995
17 -628424.487756
17 -626488.595815
17 -627364.103745
17 -628276.544618
17 -628086.913585
17 -627299.571491
17 -628168.063993
17 -625842.681551
17 -628298.362036
17 -627000.443065
17 -627393.895999
17 -628812.607539
17 -627092.628226
17 -626952.145386
17 -627298.513991
17 -627325.088872
17 -627173.673373
17 -626644.51102
17 -628617.767541
17 -626192.100043
17 -627483.741165
17 -627056.192668
17 -628692.917532
17 -627851.297991
17 -627170.80087
17 -627771.697041
17 -628750.339859
17 -627740.805649
17 -627521.472043
17 -627862.868719
17 -628512.300166
17 -628225.001213
17 -627057.914094
17 -626543.498232
17 -627237.839791
17 -628156.165098
17 -629309.392255
17 -628291.963488
17 -628115.592214
17 -626805.323845
17 -627080.164598
17 -626404.592576
17 -627048.425572
17 -627160.545761
17 -628235.961137
1 -941499.326278
1 -941499.326278
1 -941499.326278
1 -941499.326278
1 -941499.326278
1 -941499.326278
1 -941499.326278
1 -941499.326278
1 -941499.326278
1 -941499.326278
1 -941499.326278
1 -941499.326277
1 -941499.326278
1 -941499.326277
1 -941499.326278
1 -941499.326278
1 -941499.326278
1 -941499.326277
1 -941499.326277
1 -941499.326277
1 -941499.326277
1 -941499.326278
1 -941499.326278
1 -941499.326278
1 -941499.326278
1 -941499.326278
1 -941499.326277
1 -941499.326278
1 -941499.326277
1 -941499.326278
1 -941499.326278
1 -941499.326278
1 -941499.326277
1 -941499.326278
1 -941499.326277
1 -941499.326278
1 -941499.326277
1 -941499.326278
1 -941499.326278
1 -941499.326278
1 -941499.326277
1 -941499.326277
1 -941499.326278
1 -941499.326278
1 -941499.326278
1 -941499.326278
1 -941499.326278
1 -941499.326277
1 -941499.326278
1 -941499.326278
2 -746975.180461
2 -746975.175381
2 -746975.173459
2 -746975.17523
2 -746975.181043
2 -746975.181833
2 -746975.181011
2 -746975.175278
2 -746975.187447
2 -746975.175127
2 -746975.174869
2 -746975.179005
2 -746975.187216
2 -746975.180129
2 -746975.17847
2 -746975.18391
2 -746975.180252
2 -746975.182575
2 -746975.17434
2 -746975.189472
2 -746975.187095
2 -746975.173274
2 -746975.179801
2 -746975.184772
2 -746975.17653
2 -746975.17909
2 -746975.181553
2 -746975.182174
2 -746975.180161
2 -746975.185765
2 -746975.180432
2 -746975.185447
2 -746975.177426
2 -746975.175998
2 -746975.17998
2 -746975.181781
2 -746975.174599
2 -746975.181734
2 -746975.173204
2 -746975.179476
2 -746975.183432
2 -746975.173611
2 -746975.177865
2 -746975.181169
2 -746975.179696
2 -746975.179587
2 -746975.174516
2 -746975.183667
2 -746975.175516
2 -746975.175032
3 -727589.672454
3 -727589.475688
3 -727589.474543
3 -727589.470134
3 -727589.469561
3 -727589.667066
3 -727589.470198
3 -727589.469318
3 -727589.666916
3 -727589.472245
3 -727589.483556
3 -727589.667129
3 -727589.47149
3 -727589.476741
3 -727589.547622
3 -727589.470944
3 -727589.473368
3 -727589.475847
3 -727589.671292
3 -727589.469504
3 -729290.730221
3 -727589.469537
3 -727589.468967
3 -727589.468991
3 -727589.470614
3 -727589.469634
3 -727589.469237
3 -727589.471982
3 -727589.469347
3 -727589.475877
3 -727589.4696
3 -727589.469586
3 -727589.470271
3 -727589.476206
3 -727589.672728
3 -727589.671135
3 -727589.47
3 -727589.471728
3 -727589.468956
3 -727589.470896
3 -727589.670896
3 -727589.469581
3 -727589.668623
3 -727593.431625
3 -727589.469481
3 -727589.470839
3 -727589.671831
3 -727589.469309
3 -727589.471262
3 -727589.46858
4 -713781.176922
4 -713781.194515
4 -713781.173924
4 -713781.763055
4 -720641.104543
4 -713781.39411
4 -713781.74369
4 -713781.191674
4 -713781.177536
4 -721823.971483
4 -713781.991581
4 -720634.010242
4 -713781.176313
4 -720569.404831
4 -720670.112717
4 -720649.589349
4 -713781.401074
4 -720703.411396
4 -713781.181743
4 -720524.016749
4 -713782.026072
4 -720518.20859
4 -720526.868962
4 -713782.01522
4 -720540.46853
4 -720596.29518
4 -713781.769699
4 -722175.00109
4 -713781.200208
4 -713781.194256
4 -713781.740676
4 -713781.184358
4 -720523.693923
4 -713781.173817
4 -720594.206
4 -720472.588475
4 -713781.190612
4 -713781.192133
4 -713781.179231
4 -713781.749607
4 -720618.884548
4 -720595.616184
4 -713781.18188
4 -720571.363722
4 -713781.753876
4 -720621.68463
4 -720653.001473
4 -720261.256639
4 -720509.542605
4 -722100.732527
5 -706789.041321
5 -706830.169055
5 -706580.563929
5 -706844.181039
5 -706617.346281
5 -713632.085004
5 -706756.874095
5 -706771.503277
5 -706774.165425
5 -706753.9099
5 -706735.642349
5 -706727.848974
5 -713752.082855
5 -706832.713364
5 -706822.779455
5 -706745.896002
5 -706745.995287
5 -706646.659667
5 -706861.559139
5 -706783.807961
5 -706263.2107
5 -706794.063442
5 -706768.360326
5 -706852.922014
5 -706847.518938
5 -713831.029486
5 -713755.430268
5 -713774.955621
5 -706794.246989
5 -706795.399211
5 -713660.337439
5 -706743.435794
5 -714672.03731
5 -713939.36306
5 -706783.462391
5 -706722.460404
5 -706787.024991
5 -706825.553122
5 -706790.805465
5 -713606.239801
5 -706735.5449
5 -706749.860515
5 -706809.767894
5 -706764.326056
5 -713561.449678
5 -706835.45318
5 -715033.18083
5 -706827.147568
5 -706580.459868
5 -706748.371281
6 -699822.520504
6 -699896.201206
6 -699672.228235
6 -699934.687751
6 -699963.166948
6 -699860.973623
6 -699976.887959
6 -699795.209728
6 -699924.488828
6 -699787.180295
6 -699984.940462
6 -699690.386234
6 -706746.115354
6 -699665.956828
6 -699935.941028
6 -699725.821289
6 -699678.884964
6 -699698.220347
6 -699831.219414
6 -699772.146475
6 -699877.181556
6 -699695.214893
6 -699633.270475
6 -699368.618313
6 -699787.01296
6 -699866.372403
6 -699843.353502
6 -700077.030823
6 -699794.02197
6 -699191.280224
6 -699847.202154
6 -699883.66777
6 -699839.056103
6 -699853.378219
6 -699861.108031
6 -699890.780803
6 -699805.993453
6 -699711.22802
6 -699848.941617
6 -699833.61341
6 -699653.154517
6 -706811.873861
6 -699908.484223
6 -699755.031634
6 -699950.18026
6 -699926.405523
6 -699831.570562
6 -699763.18141
6 -699943.383694
6 -700030.348704
7 -692450.389382
7 -693168.494363
7 -693077.362269
7 -693261.642765
7 -693056.544449
7 -692782.275646
7 -692639.230508
7 -693305.0746
7 -693744.246717
7 -692823.463116
7 -692870.454946
7 -692696.980895
7 -692837.458837
7 -692540.001085
7 -693140.200496
7 -693369.723571
7 -692500.724265
7 -692702.191662
7 -692247.306553
7 -693082.780397
7 -692972.756042
7 -692929.278279
7 -692652.848083
7 -692916.732922
7 -692783.491421
7 -692762.361242
7 -692892.464286
7 -692453.504755
7 -692700.036933
7 -692666.791158
7 -692939.30486
7 -692723.21211
7 -692794.407883
7 -692654.36237
7 -692927.257858
7 -693121.142025
7 -693039.762783
7 -692964.86346
7 -692824.184837
7 -693152.389236
7 -692970.439882
7 -693123.675418
7 -692467.650038
7 -692904.16849
7 -693250.615663
7 -692813.39418
7 -692771.505227
7 -692935.714604
7 -693239.670821
7 -693006.89475
8 -686608.891818
8 -687055.186586
8 -686570.605012
8 -686006.065365
8 -686289.498194
8 -685954.435773
8 -686483.721443
8 -686258.006876
8 -686652.433484
8 -685873.243625
8 -686429.693431
8 -686033.797636
8 -685909.653485
8 -686127.349759
8 -686381.92396
8 -685845.60029
8 -685676.0095
8 -687570.134605
8 -686067.221148
8 -686325.980787
8 -686729.089422
8 -686336.972584
8 -685558.621175
8 -685977.072078
8 -685659.884379
8 -686157.301086
8 -687029.015954
8 -686283.732932
8 -685295.040979
8 -686404.201876
8 -686218.015082
8 -686522.383249
8 -685890.73446
8 -686104.677828
8 -685469.121128
8 -685908.56227
8 -686485.423065
8 -686449.950306
8 -686658.622079
8 -685280.204999
8 -686522.471443
8 -686193.048572
8 -687400.638031
8 -686410.611529
8 -686227.813577
8 -686203.793465
8 -686117.291634
8 -686063.290847
8 -686008.449626
8 -686624.502011
9 -678843.812637
9 -679451.925536
9 -679455.850676
9 -679215.946555
9 -679592.949389
9 -679193.559304
9 -679794.857658
9 -679277.077671
9 -678708.473825
9 -679758.656359
9 -678937.057029
9 -679803.986348
9 -679371.468892
9 -679404.161863
9 -678533.537575
9 -679231.051085
9 -679109.80846
9 -679269.539558
9 -679379.534615
9 -679880.94166
9 -679163.705699
9 -680211.53386
9 -680167.157059
9 -679852.999938
9 -679162.993829
9 -679002.498551
9 -679061.871004
9 -679453.612144
9 -678741.334613
9 -680322.328587
9 -679253.585142
9 -679329.838287
9 -681515.3076
9 -679469.804535
9 -679441.686002
9 -679526.729766
9 -679998.151135
9 -679619.961971
9 -678594.093558
9 -679130.771523
9 -679238.521549
9 -679042.243813
9 -679364.846652
9 -679003.918121
9 -679310.296506
9 -679197.988789
9 -679033.065261
9 -678853.548881
9 -680123.795379
9 -679228.463778
