1 1 (0) 1 : 0.14546721885808011621 0.41085478980473610910 0.44367799133718377469
2 2 (0) 1 : 0.03551183328296367986 0.34677898016394204106 0.61770918655309425827
3 3 (0) 1 : 0.00000000216000096082 0.00000000099999999999 0.99999999683999896138
4 4 (0) 1 : 0.07346778296919401208 0.48252436258598302432 0.44400785444482304687
5 5 (0) 1 : 0.06209432591340653673 0.29477559757669069551 0.64313007650990283715
6 6 (0) 1 : 0.07777955939730465951 0.28461071509601443275 0.63760972550668093550
7 7 (0) 1 : 0.02414979537237804327 0.36960232563344963541 0.60624787899417220682
8 8 (0) 2 : 0.00000000100000000000 0.48075181551238188593 0.51924818348761814235
9 9 (0) 2 : 0.00000000099999999998 0.99999999799999994554 0.00000000099999999998
10 10 (0) 2 : 0.00000000099999999997 0.99999999799999994554 0.00000000099999999997
11 11 (0) 2 : 0.16278621933355041929 0.83721377966644960900 0.00000000099999999999
12 12 (0) 2 : 0.03353795338290739558 0.24466829595202316261 0.72179375066506956671
13 13 (0) 2 : 0.00000000099999999999 0.35255921015212410285 0.64744078884787581440
14 14 (0) 3 : 0.00175384733643776025 0.00000000100000000000 0.99824615166356223117
15 15 (0) 3 : 0.04796288872731123420 0.31259782433510335808 0.63943928693758544934
16 16 (0) 3 : 0.00000000099999999999 0.26858713774390208240 0.73141286125609805691
17 17 (0) 3 : 0.00000000099999999999 0.99999999800000005656 0.00000000099999999999
18 18 (0) 4 : 0.04200581800021299661 0.43874235211763468190 0.51925182988215223823
19 19 (0) 4 : 0.00359266957658766753 0.42498234895196024263 0.57142498147145215359
20 20 (0) 4 : 0.01866270560441963405 0.31420358257838948424 0.66713371181719094416
21 21 (0) 4 : 0.02025411106749491763 0.49372115216722112230 0.48602473676528384905
22 22 (0) 4 : 0.00185199912427314408 0.00000000100000000000 0.99814799987572688789
23 23 (0) 4 : 0.02907556610462615904 0.50924311692935864126 0.46168131696601516500
24 24 (0) 4 : 0.00000000100000000000 0.18254645725427287584 0.81745354174572726347
25 25 (0) 4 : 0.00000011897194365803 0.26042907069340825998 0.73957081033464799891
26 26 (0) 4 : 0.04356395990658649270 0.40965432997155148964 0.54678171012186205235
27 27 (0) 4 : 0.02136793654153372815 0.32533844310704823632 0.65329362035141802512
28 28 (0) 4 : 0.06470074531985972599 0.20776356842779766798 0.72753568625234266154
29 29 (0) 4 : 0.00046647937359680367 0.99953351962640324402 0.00000000100000000000
30 30 (0) 4 : 0.03756682905928273447 0.22204911573006716474 0.74038405521065009385
31 31 (0) 4 : 0.00000000100000000000 0.19500247905161421924 0.80499751994838575353
32 32 (0) 4 : 0.00000000099999999999 0.00000000099999999999 0.99999999800000005656
33 33 (0) 4 : 0.02248625822738358274 0.21800848747372494896 0.75950525429889148565
34 34 (0) 5 : 0.02060625407826936761 0.23071954394120386400 0.74867420198052681002
35 35 (0) 6 : 0.02838015461975977247 0.48674547655103078680 0.48487436882920953440
36 36 (0) 6 : 0.00000000099999999997 0.99999999799999994554 0.00000000099999999997
37 37 (0) 6 : 0.00000000099999999998 0.99999999800000005656 0.00000000099999999998
38 38 (0) 6 : 0.00000000100000000000 0.39678535267487419214 0.60321464632512578063
39 39 (0) 6 : 0.00969898597384600755 0.00000000100000000000 0.99030101302615392012
40 40 (0) 6 : 0.01924551249512747655 0.43621936833514562970 0.54453511916972696660
41 41 (0) 6 : 0.99999999800000005656 0.00000000099999999997 0.00000000099999999997
42 42 (0) 6 : 0.00004293014014366516 0.45188233324145382630 0.54807473661840255819
43 43 (0) 6 : 0.07299542681542944833 0.34646940718810459447 0.58053516599646604046
44 44 (0) 6 : 0.05458855500127904326 0.27329625890728870274 0.67211518609143239278
45 45 (0) 6 : 0.00060847083536999947 0.99939152816462994977 0.00000000100000000000
46 46 (0) 6 : 0.99999999800000005656 0.00000000099999999991 0.00000000099999999991
47 47 (0) 6 : 0.04544088740264377868 0.39517724185605884735 0.55938187074129741561
48 48 (0) 6 : 0.02461832572648315481 0.40535948987340464367 0.57002218440011220846
49 49 (0) 6 : 0.99999999800000005656 0.00000000099999999977 0.00000000099999999977
50 50 (0) 6 : 0.00000000100000000000 0.33403102477509100110 0.66596897422490897167
51 51 (0) 6 : 0.09186265275449609358 0.33430883961743368404 0.57382850762807025014
52 52 (0) 6 : 0.99999999799999994554 0.00000000099999999998 0.00000000099999999998
53 53 (0) 6 : 0.00000000099999999998 0.00000000099999999998 0.99999999799999994554
54 54 (0) 6 : 0.01010115911492915144 0.00000000100000000000 0.98989883988507088031
55 55 (0) 6 : 0.01080820722728950516 0.44643847854265522601 0.54275331423005535036
56 56 (0) 6 : 0.02983653542601104672 0.40115104593932154886 0.56901241863466733850
57 57 (0) 6 : 0.00170679817151117596 0.27040825277332319887 0.72788494905516565314
58 58 (0) 7 : 0.00000000099999999999 0.35769139397318744367 0.64230860502681264013
59 59 (0) 7 : 0.00000000099999999997 0.99999999799999994554 0.00000000099999999997
60 60 (0) 7 : 0.03860673425922135638 0.37113583386727388991 0.59025743187350476759
61 61 (0) 7 : 0.00000000100000000000 0.56528659395254898801 0.43471340504745104028
62 62 (0) 7 : 0.00000000099999999995 0.99999999800000005656 0.00000000099999999995
63 63 (0) 7 : 0.03821977171695625092 0.19684788997104585295 0.76493233831199791695
64 64 (0) 8 : 0.05079102957607233709 0.32504728714678582380 0.62416168327714172115
65 65 (0) 8 : 0.04380445869238348833 0.35555156636158208316 0.60064397494603449790
66 66 (0) 9 : 0.00000000099999999999 0.00000002202749221833 0.99999997697250775364
67 67 (0) 10 : 0.01067625897515963110 0.31414705644998613954 0.67517668457485424671
68 68 (0) 10 : 0.00022298626275495703 0.23383032884699139764 0.76594668489025374836
69 69 (0) 10 : 0.00379463071308779433 0.00000000100000000000 0.99620536828691219622
70 70 (0) 10 : 0.00000000099999999999 0.00000000099999999999 0.99999999800000005656
71 71 (0) 10 : 0.00002722820057989993 0.37066751823874383165 0.62930525356067634757
72 72 (0) 10 : 0.00418987427077543648 0.29518547039557724299 0.70062465533364737258
73 73 (0) 10 : 0.03708798904232631088 0.30536744406522592366 0.65754456689244777934
74 74 (0) 10 : 0.00000000099999999999 0.00000000099999999999 0.99999999800000005656
75 75 (0) 10 : 0.01145012047634597595 0.17929447558899977433 0.80925540393465422717
76 76 (0) 10 : 0.05013890955747334760 0.00000000099999999999 0.94986108944252667374
1 1 (0) 1 : 0.38817615024931256817 0.14879627378510920654 0.46302757596557830855
2 2 (0) 1 : 0.53091033972208834246 0.03557571408486641384 0.43351394619304522982
3 3 (0) 1 : 0.62129363093333467294 0.00001589924068619740 0.37869046982597903694
4 4 (0) 1 : 0.47937884865730534534 0.08251613080271169576 0.43810502053998295890
5 5 (0) 1 : 0.41340022945485255246 0.06374739610712561177 0.52285237443802190516
6 6 (0) 1 : 0.38298962412755904738 0.07525259895382618858 0.54175777691861481955
7 7 (0) 1 : 0.46718840509824044460 0.02843793939225956746 0.50437365550949997406
8 8 (0) 2 : 0.38181936697348073384 0.00000009725653603167 0.61818053576998333032
9 9 (0) 2 : 0.59422938590970475481 0.05999421758439984348 0.34577639650589542253
10 10 (0) 2 : 0.58059454596888093736 0.07518975535519384357 0.34421569867592527459
11 11 (0) 2 : 0.50632919001706555573 0.18587832103094453773 0.30779248895199001756
12 12 (0) 2 : 0.66864924026432326354 0.02835759876250699973 0.30299316097316975060
13 13 (0) 2 : 0.39677964041357444147 0.00000000099999999999 0.60322035858642542028
14 14 (0) 3 : 0.00000000099999999999 0.00000000099999999999 0.99999999800000005656
15 15 (0) 3 : 0.52395576289539380621 0.04781714426154245329 0.42822709284306376132
16 16 (0) 3 : 0.99999999800000005656 0.00000000099999999998 0.00000000099999999998
17 17 (0) 3 : 0.00000000099999999999 0.00002219130381893537 0.99997780769618116459
18 18 (0) 4 : 0.45914403132860770462 0.04464286957424892094 0.49621309909714345077
19 19 (0) 4 : 0.48012129904542671932 0.01460670068110845980 0.50527200027346486078
20 20 (0) 4 : 0.62545328406361611062 0.02036093080381533998 0.35418578513256859797
21 21 (0) 4 : 0.42949775277848822874 0.02356364397238890768 0.54693860324912291215
22 22 (0) 4 : 0.42582581075804920578 0.01532087362353092008 0.55885331561841988801
23 23 (0) 4 : 0.52611839582751784850 0.03431633544556782905 0.43956526872691431551
24 24 (0) 4 : 0.44768248524269127486 0.00000000099999999999 0.55231751375730864240
25 25 (0) 4 : 0.99999997898097459093 0.00000000099999999999 0.00000002001902547318
26 26 (0) 4 : 0.50526597566788367111 0.04608898963099115204 0.44864503470112510053
27 27 (0) 4 : 0.37936710143786850358 0.02701377940162686536 0.59361911916050458249
28 28 (0) 4 : 0.93246644586633609109 0.06753354944445293107 0.00000000468921099770
29 29 (0) 4 : 0.44553686413299159463 0.05362889989086803977 0.50083423597614040723
30 30 (0) 4 : 0.54512958703753999767 0.03620567614923646260 0.41866473681322341482
31 31 (0) 4 : 0.00000000099999999998 0.00000000099999999998 0.99999999800000005656
32 32 (0) 4 : 0.00000000099999999998 0.00000000099999999998 0.99999999800000005656
33 33 (0) 4 : 0.48210179650503171001 0.02471422739218906428 0.49318397610277914245
34 34 (0) 5 : 0.29256446780020345377 0.02133454728197008154 0.68610098491782645080
35 35 (0) 6 : 0.61125852282111992064 0.03946393458264065707 0.34927754259623949862
36 36 (0) 6 : 0.51246355160325773870 0.00000049764420036643 0.48753595075254180236
37 37 (0) 6 : 0.99999999800000005656 0.00000000099999999998 0.00000000099999999998
38 38 (0) 6 : 0.47940054593690517581 0.00000000100000000000 0.52059945306309496349
39 39 (0) 6 : 0.30429086361971618979 0.01366574070948308774 0.68204339567080085605
40 40 (0) 6 : 0.36089166704535263763 0.02433050461185641208 0.61477782834279093294
41 41 (0) 6 : 0.00000000099999999997 0.99999999799999994554 0.00000000099999999997
42 42 (0) 6 : 0.39481290976153698979 0.00325015674696451382 0.60193693349149846039
43 43 (0) 6 : 0.67315979776485146413 0.07116620328540985974 0.25567399894973863450
44 44 (0) 6 : 0.38012045504446712041 0.05682825241189775473 0.56305129254363517344
45 45 (0) 6 : 0.99999969361023344216 0.00000030538976663478 0.00000000099999999999
46 46 (0) 6 : 0.00000000099999999991 0.99999999800000005656 0.00000000099999999991
47 47 (0) 6 : 0.62434662242650984521 0.04575124169339297303 0.32990213588009725809
48 48 (0) 6 : 0.48545023526993985596 0.02799263944183554009 0.48655712528822453455
49 49 (0) 6 : 0.00000000099999999977 0.99999999799999994554 0.00000000099999999977
50 50 (0) 6 : 0.00000000099999999998 0.00000000099999999998 0.99999999800000005656
51 51 (0) 6 : 0.43021727393669340067 0.09627564672207106211 0.47350707934123548171
52 52 (0) 6 : 0.00000000099999999998 0.99999999799999994554 0.00000000099999999998
53 53 (0) 6 : 0.00000000099999999998 0.00000000099999999998 0.99999999800000005656
54 54 (0) 6 : 0.00000000099999999999 0.00000000099999999999 0.99999999799999994554
55 55 (0) 6 : 0.99999999800000005656 0.00000000099999999998 0.00000000099999999998
56 56 (0) 6 : 0.56753054099941491195 0.03692811965039560773 0.39554133935018959134
57 57 (0) 6 : 0.00000000099999999998 0.00000000099999999998 0.99999999799999994554
58 58 (0) 7 : 0.00000000099999999998 0.00000000099999999998 0.99999999800000005656
59 59 (0) 7 : 0.99999999799999994554 0.00000000099999999998 0.00000000099999999998
60 60 (0) 7 : 0.55614523726638520618 0.04466068328019822536 0.39919407945341656152
61 61 (0) 7 : 0.42634133929787748629 0.00000000111376743195 0.57365865958835504657
62 62 (0) 7 : 0.99999999800000005656 0.00000000099999999997 0.00000000099999999997
63 63 (0) 7 : 0.34436253344893796857 0.03692103281459262198 0.61871643373646934005
64 64 (0) 8 : 0.00000000100000000000 0.05913374039020084100 0.94086625860979922198
65 65 (0) 8 : 0.99999999799999994554 0.00000000099999999999 0.00000000099999999999
66 66 (0) 9 : 0.55905039184421057019 0.00000000099999999999 0.44094960715578945809
67 67 (0) 10 : 0.46504596555747118591 0.00994390214445812180 0.52501013229807069749
68 68 (0) 10 : 0.58921122749690857390 0.00177389964113836593 0.40901487286195309379
69 69 (0) 10 : 0.38130304450625424062 0.02575680802398497282 0.59294014746976075880
70 70 (0) 10 : 0.45374636214308911031 0.00000055391016019194 0.54625308394675065049
71 71 (0) 10 : 0.35842529970120984295 0.00460696864290816976 0.63696773165588205234
72 72 (0) 10 : 0.35714166919572287728 0.01093766915935057149 0.63192066164492666225
73 73 (0) 10 : 0.00000000100000000000 0.02011395044870298299 0.97988604855129701754
74 74 (0) 10 : 0.53509737590114592187 0.00000000100000000000 0.46490262309885421743
75 75 (0) 10 : 0.27928386561115381426 0.02494633172796684867 0.69576980266087939953
76 76 (0) 10 : 0.99317841828468822474 0.00682158071531176538 0.00000000099999999999
1 1 (0) 1 : 0.50475450270200727942 0.14690277030035742145 0.34834272699763535464
2 2 (0) 1 : 0.57456204634762120254 0.03172784149256537012 0.39371011215981338571
3 3 (0) 1 : 0.99999999800000005656 0.00000000099999999999 0.00000000099999999999
4 4 (0) 1 : 0.57036959223723426859 0.08057297307032629252 0.34905743469243949439
5 5 (0) 1 : 0.51869786795796335443 0.06078074781107361407 0.42052138423096313558
6 6 (0) 1 : 0.71615290473642789770 0.08285873379146774242 0.20098836147210447090
7 7 (0) 1 : 0.64157745304515356732 0.02818384331062818299 0.33023870364421836765
8 8 (0) 2 : 0.52604078653614305683 0.00000000100000000000 0.47395921246385691594
9 9 (0) 2 : 0.00000000099999999997 0.00000000099999999997 0.99999999799999994554
10 10 (0) 2 : 0.00000000099999999996 0.00000000099999999996 0.99999999799999994554
11 11 (0) 2 : 0.00000000099999999999 0.14470572891269514737 0.85529427008730485316
12 12 (0) 2 : 0.97143739353799807290 0.02856260546200194497 0.00000000100000000000
13 13 (0) 2 : 0.99999999800000005656 0.00000000099999999999 0.00000000099999999999
14 14 (0) 3 : 0.99999990181137232703 0.00000009718862755930 0.00000000099999999999
15 15 (0) 3 : 0.69877318738189175829 0.05486335679202108961 0.24636345582608715210
16 16 (0) 3 : 0.99999999800000005656 0.00000000099999999998 0.00000000099999999998
17 17 (0) 3 : 0.95683791722754207854 0.04316208177245783872 0.00000000099999999999
18 18 (0) 4 : 0.58869174615396047123 0.04222417480151559321 0.36908407904452389392
19 19 (0) 4 : 0.00000000099999999998 0.00000000099999999998 0.99999999800000005656
20 20 (0) 4 : 0.70489021055697553830 0.02661267387349150818 0.26849711556953287372
21 21 (0) 4 : 0.00000000099999999999 0.00000000099999999999 0.99999999800000005656
22 22 (0) 4 : 0.69618538454913281299 0.01448393390486895846 0.28933068154599828059
23 23 (0) 4 : 0.64084923011207350907 0.02735122081036566941 0.33179954907756081806
24 24 (0) 4 : 0.99999999800000005656 0.00000000099999999999 0.00000000099999999999
25 25 (0) 4 : 0.78882767743686776907 0.00000012643655905016 0.21117219612657320282
26 26 (0) 4 : 0.50744280208095926543 0.04715333506904652999 0.44540386284999428090
27 27 (0) 4 : 0.78060476124503230810 0.03520380680228372972 0.18419143195268400381
28 28 (0) 4 : 0.63885748378281959070 0.06727952157030103741 0.29386299464687926086
29 29 (0) 4 : 0.55228428963785602956 0.05171871192356226193 0.39599699843858165993
30 30 (0) 4 : 0.69505947367952158888 0.03910537825335157897 0.26583514806712682521
31 31 (0) 4 : 0.99999999800000005656 0.00000000099999999998 0.00000000099999999998
32 32 (0) 4 : 0.99999999800000005656 0.00000000099999999998 0.00000000099999999998
33 33 (0) 4 : 0.72558426917291551916 0.02717559955627653692 0.24724013127080787799
34 34 (0) 5 : 0.78352779722994003730 0.02543631191081025325 0.19103589085924974067
35 35 (0) 6 : 0.61873884044970139939 0.03712275530007242558 0.34413840425022612646
36 36 (0) 6 : 0.40658492194801215680 0.00000000099999999999 0.59341507705198770495
37 37 (0) 6 : 0.00000000099999999997 0.00000000099999999997 0.99999999799999994554
38 38 (0) 6 : 0.53630457121973029722 0.00000000099999999999 0.46369542778026978658
39 39 (0) 6 : 0.61185327635821351588 0.02352428559703441044 0.36462243804475202857
40 40 (0) 6 : 0.65032456294046214751 0.02772283845286663273 0.32195259860667113649
41 41 (0) 6 : 0.00000000099999999997 0.99999999799999994554 0.00000000099999999997
42 42 (0) 6 : 0.62347527585503470515 0.00450072735546935051 0.37202399678949599204
43 43 (0) 6 : 0.58477631826814557847 0.07343912273776768973 0.34178455899408677343
44 44 (0) 6 : 0.67371856166880694783 0.05986513021694723352 0.26641630811424582559
45 45 (0) 6 : 0.52675547086916285622 0.03560156248401732948 0.43764296664681989757
46 46 (0) 6 : 0.00000000099999999991 0.99999999800000005656 0.00000000099999999991
47 47 (0) 6 : 0.52216489986763658937 0.04334345307815200277 0.43449164705421139399
48 48 (0) 6 : 0.94737018681163032152 0.05262978875968282733 0.00000002442868687139
49 49 (0) 6 : 0.00000000099999999977 0.99999999800000005656 0.00000000099999999977
50 50 (0) 6 : 0.78263879697934968238 0.00000000100000000000 0.21736120202065023488
51 51 (0) 6 : 0.56322629331561657740 0.09157374507015436649 0.34519996161422905612
52 52 (0) 6 : 0.00000000099999999998 0.99999999799999994554 0.00000000099999999998
53 53 (0) 6 : 0.87431333645658360076 0.00000000099999999999 0.12568666254341639976
54 54 (0) 6 : 0.73570198986489143689 0.02088807036018871729 0.24340993977491984235
55 55 (0) 6 : 0.60362615059976598708 0.01521218994128393717 0.38116165945895008615
56 56 (0) 6 : 0.47936343783489621106 0.02904187392417827140 0.49159468824092550365
57 57 (0) 6 : 0.76650365000545339633 0.00513220150411501652 0.22836414849043162878
58 58 (0) 7 : 0.58149597120158658115 0.00000000099999999999 0.41850402779841350265
59 59 (0) 7 : 0.69024100180180891773 0.00000000099999999999 0.30975899719819111056
60 60 (0) 7 : 0.69121486606558713017 0.04247900182147633374 0.26630613211293652220
61 61 (0) 7 : 0.53265472677565173232 0.00000000100000000000 0.46734527222434829596
62 62 (0) 7 : 0.00000000099999999996 0.00000000099999999996 0.99999999800000005656
63 63 (0) 7 : 0.55561231374012232109 0.02690133160233639312 0.41748635465754124763
64 64 (0) 8 : 0.68988798055839495316 0.05875626474526976506 0.25135575469633536505
65 65 (0) 8 : 0.00000000099999999999 0.00000000099999999999 0.99999999799999994554
66 66 (0) 9 : 0.70265378572249959088 0.00000000100000000000 0.29734621327750049291
67 67 (0) 10 : 0.67674884706765636722 0.00800334787877350455 0.31524780505356997384
68 68 (0) 10 : 0.74394610421258366983 0.00200978352006196117 0.25404411226735446050
69 69 (0) 10 : 0.86204231385869356519 0.03280409970752723448 0.10515358643377933912
70 70 (0) 10 : 0.74979950296560549106 0.00000000100000000000 0.25020049603439453723
71 71 (0) 10 : 0.69385666209415830519 0.00210977257488524162 0.30403356533095643455
72 72 (0) 10 : 0.65164707177235581259 0.00470750386136740192 0.34364542436627681932
73 73 (0) 10 : 0.62328444838664365246 0.04077365851893979126 0.33594189309441657709
74 74 (0) 10 : 0.71361407053619085872 0.00000000100000000000 0.28638592846380900303
75 75 (0) 10 : 0.99999673593429128093 0.00000326306570861117 0.00000000100000000000
76 76 (0) 10 : 0.73379640667648948771 0.06208334497243409023 0.20412024835107642207
1 1 (0) 1 : 0.51326930228219547203 0.34638250923047747554 0.14034818848732696916
2 2 (0) 1 : 0.52171544167888739274 0.45157740949484725945 0.02670714882626526454
3 3 (0) 1 : 0.28124034638918388174 0.70370751482606808125 0.01505213878474794854
4 4 (0) 1 : 0.35181030152617281948 0.57149729249491820759 0.07669240597890891742
5 5 (0) 1 : 0.33131625918350804394 0.60792254225946196211 0.06076119855702998007
6 6 (0) 1 : 0.35303552786960806786 0.57045918675117956997 0.07650528537921234828
7 7 (0) 1 : 0.50346842379262224387 0.48135860257273871410 0.01517297363463913397
8 8 (0) 2 : 0.51446102043417785143 0.48553897856582201031 0.00000000100000000000
9 9 (0) 2 : 0.99999999799999994554 0.00000000099999999999 0.00000000099999999999
10 10 (0) 2 : 0.99999999799999994554 0.00000000099999999998 0.00000000099999999998
11 11 (0) 2 : 0.84097939345908301334 0.00000000099999999999 0.15902060554091712596
12 12 (0) 2 : 0.99999999800000005656 0.00000000099999999999 0.00000000099999999999
13 13 (0) 2 : 0.31322192888202260441 0.68677807011797742387 0.00000000099999999999
14 14 (0) 3 : 0.40540448997615874394 0.58719594706673050588 0.00739956295711082825
15 15 (0) 3 : 0.51794077574959662691 0.44716301879381226136 0.03489620545659105622
16 16 (0) 3 : 0.46190086106631250695 0.53809913793368735480 0.00000000099999999999
17 17 (0) 3 : 0.00000000099999999999 0.97741824154796919100 0.02258175745203075402
18 18 (0) 4 : 0.40744253807117930544 0.54872413897437222197 0.04383332295444851423
19 19 (0) 4 : 0.99999999799999994554 0.00000000099999999999 0.00000000099999999999
20 20 (0) 4 : 0.39670242079804080015 0.58634588238505425117 0.01695169681690505623
21 21 (0) 4 : 0.42130077470688431784 0.55749383480026004634 0.02120539049285552480
22 22 (0) 4 : 0.39134253774123722858 0.59603416763352001784 0.01262329462524274491
23 23 (0) 4 : 0.39989798960739819655 0.57498800235535041381 0.02511400803725127515
24 24 (0) 4 : 0.00000000099999999999 0.99999999800000005656 0.00000000099999999999
25 25 (0) 4 : 0.40577786770143636774 0.59422213129856360503 0.00000000100000000000
26 26 (0) 4 : 0.45831662278297058410 0.49831275974498345782 0.04337061747204597889
27 27 (0) 4 : 0.37340919513260023566 0.60606837142602398849 0.02052243344137570299
28 28 (0) 4 : 0.36057437125255642485 0.57534002529555683392 0.06408560345188679674
29 29 (0) 4 : 0.47693670881204908163 0.47753600661762979351 0.04552728457032118037
30 30 (0) 4 : 0.50294693594949613225 0.46494521499438135059 0.03210784905612253104
31 31 (0) 4 : 0.00000000099999999998 0.99999999799999994554 0.00000000099999999998
32 32 (0) 4 : 0.00000000099999999999 0.99999999800000005656 0.00000000099999999999
33 33 (0) 4 : 0.39764125669477640157 0.58086837876667474223 0.02149036453854892559
34 34 (0) 5 : 0.28878046953936337138 0.68897661995329273488 0.02224291050734400477
35 35 (0) 6 : 0.72329928552028455169 0.26333758508012189425 0.01336312939959358181
36 36 (0) 6 : 0.99999999799999994554 0.00000000099999999998 0.00000000099999999998
37 37 (0) 6 : 0.99999999799999994554 0.00000000099999999998 0.00000000099999999998
38 38 (0) 6 : 0.54543965177219200235 0.45456034722780780388 0.00000000099999999999
39 39 (0) 6 : 0.00000000372334861111 0.99632957588651060998 0.00367042039014085775
40 40 (0) 6 : 0.30325193154168628151 0.67075234170465392047 0.02599572675365978067
41 41 (0) 6 : 0.00000000099999999997 0.00000000099999999997 0.99999999799999994554
42 42 (0) 6 : 0.44593569814846201194 0.55399488407128127943 0.00006941778025669873
43 43 (0) 6 : 0.95448709051910129997 0.00000000100000000000 0.04551290848089869362
44 44 (0) 6 : 0.44102229799975600777 0.51017882800821212630 0.04879887399203186593
45 45 (0) 6 : 0.54477814677183988845 0.43062840014655795473 0.02459345308160217763
46 46 (0) 6 : 0.00000000099999999991 0.00000000099999999991 0.99999999800000005656
47 47 (0) 6 : 0.99999999800000005656 0.00000000099999999999 0.00000000099999999999
48 48 (0) 6 : 0.41575943752693761413 0.55578022285535966240 0.02846033961770287612
49 49 (0) 6 : 0.00000000099999999977 0.00000000099999999977 0.99999999800000005656
50 50 (0) 6 : 0.00000000099999999999 0.99999999799999994554 0.00000000099999999999
51 51 (0) 6 : 0.45815638591373986088 0.45583219741433966821 0.08601141667192042928
52 52 (0) 6 : 0.00000000099999999998 0.00000000099999999998 0.99999999800000005656
53 53 (0) 6 : 0.29558604406276972609 0.70441395493723013566 0.00000000099999999999
54 54 (0) 6 : 0.00000000099999999999 0.99999999799999994554 0.00000000099999999999
55 55 (0) 6 : 0.45378902381086155815 0.53203434513711345133 0.01417663105202501134
56 56 (0) 6 : 0.49474448504411017158 0.47647928250983667686 0.02877623244605324870
57 57 (0) 6 : 0.00000000099999999999 0.99999999800000005656 0.00000000099999999999
58 58 (0) 7 : 0.00000000099999999999 0.99999999799999994554 0.00000000099999999999
59 59 (0) 7 : 0.58152847537420360169 0.41847152362579620455 0.00000000099999999999
60 60 (0) 7 : 0.99999999800000005656 0.00000000099999999999 0.00000000099999999999
61 61 (0) 7 : 0.41386908476970540871 0.58613091423029461957 0.00000000100000000000
62 62 (0) 7 : 0.99999999799999994554 0.00000000099999999997 0.00000000099999999997
63 63 (0) 7 : 0.40946940241270923799 0.56283286001821219990 0.02769773756907851353
64 64 (0) 8 : 0.38566610730739120383 0.56421012653551538829 0.05012376615709349809
65 65 (0) 8 : 0.53964812586114729864 0.42785115621804342689 0.03250071792080923283
66 66 (0) 9 : 0.40062817068341749493 0.59937182831658242232 0.00000000099999999999
67 67 (0) 10 : 0.49807178882191532887 0.50192821017808464390 0.00000000100000000000
68 68 (0) 10 : 0.37917886786326238102 0.62081709197782897203 0.00000404015890867493
69 69 (0) 10 : 0.25893880228898735751 0.71581370327939708442 0.02524749443161543663
70 70 (0) 10 : 0.32092626012483699283 0.67907373887516286892 0.00000000100000000000
71 71 (0) 10 : 0.37858030728113789554 0.62131242417240606368 0.00010726854645599444
72 72 (0) 10 : 0.36847540586552690600 0.62854046716507327996 0.00298412696939991291
73 73 (0) 10 : 0.44062619147099058026 0.52316406216819344444 0.03620974636081596837
74 74 (0) 10 : 0.00000000099999999998 0.99999999799999994554 0.00000000099999999998
75 75 (0) 10 : 0.00000000099999999999 0.99999999799999994554 0.00000000099999999999
76 76 (0) 10 : 0.00000000100000000000 0.93783020768700608993 0.06216979131299398692
1 1 (0) 1 : 0.14217547087324997057 0.31867405079576871518 0.53915047833098128649
2 2 (0) 1 : 0.02682087960364722828 0.44132123552732061000 0.53185788486903218253
3 3 (0) 1 : 0.00771433973165104071 0.64170770515333197537 0.35057795511501699259
4 4 (0) 1 : 0.08929021997216206319 0.91070977902783800673 0.00000000100000000000
5 5 (0) 1 : 0.05946333633525813928 0.52362124511997687470 0.41691541854476493745
6 6 (0) 1 : 0.07639412388286807853 0.61127450312221509598 0.31233137299491697814
7 7 (0) 1 : 0.01865887616383804862 0.49550951386587660519 0.48583160997028540518
8 8 (0) 2 : 0.00000000100000000000 0.49039406488079534396 0.50960593411920462881
9 9 (0) 2 : 0.00000000099999999999 0.00000000099999999999 0.99999999799999994554
10 10 (0) 2 : 0.00000023359349073249 0.00000000099999999998 0.99999976540650925561
11 11 (0) 2 : 0.15094254638730106310 0.00000000099999999999 0.84905745261269893742
12 12 (0) 2 : 0.02641219914981083119 0.45768980065534176083 0.51589800019484743920
13 13 (0) 2 : 0.00000000099999999999 0.53919899210262134392 0.46080100689737868436
14 14 (0) 3 : 0.00864935765653193807 0.59519688739121667798 0.39615375495225141345
15 15 (0) 3 : 0.00057786115048133848 0.00000000100000000000 0.99942213784951872135
16 16 (0) 3 : 0.00000000099999999999 0.55386811064163699037 0.44613188835836309343
17 17 (0) 3 : 0.00002572469625218873 0.99997427430374774548 0.00000000099999999999
18 18 (0) 4 : 0.03946681757342371949 0.49527128091027777801 0.46526190151629848168
19 19 (0) 4 : 0.00000000100000000000 0.35925923614977423037 0.64074076285022585342
20 20 (0) 4 : 0.01523101545040063225 0.53755127639668098816 0.44721770815291839174
21 21 (0) 4 : 0.02171445973367560137 0.51829794092102832170 0.45998759934529614979
22 22 (0) 4 : 0.01239619318769003518 0.62568025550488903797 0.36192355130742076552
23 23 (0) 4 : 0.02294394091137669581 0.48863015125067627009 0.48842590783794703757
24 24 (0) 4 : 0.00000000099999999999 0.55516968607167183070 0.44483031292832819759
25 25 (0) 4 : 0.00000000099999999999 0.99999999799999994554 0.00000000099999999999
26 26 (0) 4 : 0.04377494956932129894 0.45948808227061083143 0.49673696816006779331
27 27 (0) 4 : 0.02706252446797890662 0.97293747453202106268 0.00000000100000000000
28 28 (0) 4 : 0.06427530936990856480 0.61017806149647635383 0.32554662913361503973
29 29 (0) 4 : 0.04764234690775646236 0.49418538066923428653 0.45817227242300923029
30 30 (0) 4 : 0.03485610322964005636 0.45066552348710886555 0.51447837328325118911
31 31 (0) 4 : 0.00000000100000000000 0.69089196603394786855 0.30910803296605227075
32 32 (0) 4 : 0.00000000100000000000 0.62842203544847963226 0.37157796355152050705
33 33 (0) 4 : 0.01806822292225295987 0.44495115765210924152 0.53698061942563779514
34 34 (0) 5 : 0.02003523255324329150 0.65591674627146634435 0.32404802117529035721
35 35 (0) 6 : 0.03640268111966343118 0.43015920000734148010 0.53343811887299508179
36 36 (0) 6 : 0.00000000099999999998 0.00000000099999999998 0.99999999800000005656
37 37 (0) 6 : 0.00000000393801515543 0.99999999506198478105 0.00000000099999999999
38 38 (0) 6 : 0.00000000099999999999 0.35261056983627392380 0.64738942916372610448
39 39 (0) 6 : 0.01502925801552144024 0.65930103173651466442 0.32566971024796381728
40 40 (0) 6 : 0.02223131445587803179 0.60191773642944401690 0.37585094911467797907
41 41 (0) 6 : 0.99999999799999994554 0.00000000099999999997 0.00000000099999999997
42 42 (0) 6 : 0.00039992756116414305 0.59238672742295839235 0.40721334501587752586
43 43 (0) 6 : 0.06532829714776429431 0.32408550388514556495 0.61058619896709021013
44 44 (0) 6 : 0.05083672096024320630 0.48481277450066706525 0.46435050453908977008
45 45 (0) 6 : 0.03051971688233742416 0.51377242101163922428 0.45570786210602326483
46 46 (0) 6 : 0.99999999799999994554 0.00000000099999999991 0.00000000099999999991
47 47 (0) 6 : 0.00000000099999999999 0.00000000099999999999 0.99999999800000005656
48 48 (0) 6 : 0.02911199973990136539 0.58604044112743369777 0.38484755913266494032
49 49 (0) 6 : 0.99999999800000005656 0.00000000099999999977 0.00000000099999999977
50 50 (0) 6 : 0.00000000099999999998 0.99999999799999994554 0.00000000099999999998
51 51 (0) 6 : 0.08870710276928527038 0.46968345975660391600 0.44160943747411079974
52 52 (0) 6 : 0.99999999800000005656 0.00000000099999999998 0.00000000099999999998
53 53 (0) 6 : 0.00000000099999999999 0.73566195584794202844 0.26433804315205794433
54 54 (0) 6 : 0.01559710002181736131 0.58804314423463421857 0.39635975574354836981
55 55 (0) 6 : 0.00000000099999999999 0.00000000099999999999 0.99999999799999994554
56 56 (0) 6 : 0.02850329969224016380 0.37820053528169950141 0.59329616502606030704
57 57 (0) 6 : 0.00000000099999999998 0.99999999800000005656 0.00000000099999999998
58 58 (0) 7 : 0.00000000099999999999 0.42477759332257569724 0.57522240567742433104
59 59 (0) 7 : 0.00000000099999999999 0.45176602095413526117 0.54823397804586482263
60 60 (0) 7 : 0.00000000099999999999 0.00000000099999999999 0.99999999799999994554
61 61 (0) 7 : 0.00000000099999999999 0.00000000099999999999 0.99999999800000005656
62 62 (0) 7 : 0.00000000099999999998 0.99999999800000005656 0.00000000099999999998
63 63 (0) 7 : 0.00000000099999999999 0.00000000099999999999 0.99999999800000005656
64 64 (0) 8 : 0.06955009434272020619 0.93044990465727972495 0.00000000100000000000
65 65 (0) 8 : 0.00000000099999999999 0.00000000099999999999 0.99999999800000005656
66 66 (0) 9 : 0.00000000099999999999 0.53644466543916669021 0.46355533356083344909
67 67 (0) 10 : 0.00000000100000000000 0.46662054145414899597 0.53337945754585092129
68 68 (0) 10 : 0.00005303630925126707 0.48436096086717050913 0.51558600282357824884
69 69 (0) 10 : 0.01394594917250750396 0.66503295636219939002 0.32102109446529314418
70 70 (0) 10 : 0.00000000100000000000 0.58427198802990898407 0.41572801097009098870
71 71 (0) 10 : 0.00000000100000000000 0.51475406406878587706 0.48524593493121415122
72 72 (0) 10 : 0.00224128942269080297 0.63836884389727188704 0.35938986668003741753
73 73 (0) 10 : 0.03552449162973955049 0.48866087220151321890 0.47581463616874725142
74 74 (0) 10 : 0.00000000099999999999 0.99999999800000005656 0.00000000099999999999
75 75 (0) 10 : 0.01665314646409135624 0.66785415010845028405 0.31549270342745827644
76 76 (0) 10 : 0.06219905892761387611 0.93780094007238612441 0.00000000100000000000
1 1 (0) 1 : 0.19626905587897908179 0.15925631765649825300 0.64447462646452269297
2 2 (0) 1 : 0.39694795361569712444 0.04624915853312188546 0.55680288785118103867
3 3 (0) 1 : 0.99999999799999994554 0.00000000099999999996 0.00000000099999999996
4 4 (0) 1 : 0.22630650037683883169 0.08790783062352139354 0.68578566899963977477
5 5 (0) 1 : 0.00000000100000000000 0.06935998663038048240 0.93064001236961957364
6 6 (0) 1 : 0.21706408549246852813 0.08518900657387963593 0.69774690793365190533
7 7 (0) 1 : 0.21665001573437811522 0.04023991433307388260 0.74311006993254802300
8 8 (0) 2 : 0.00000000099999999999 0.00000000099999999999 0.99999999800000005656
9 9 (0) 2 : 0.01382589462751356024 0.06802369892380119576 0.91815040644868528563
10 10 (0) 2 : 0.00000000099999999999 0.07904068342492914789 0.92095931557507093590
11 11 (0) 2 : 0.00000000100000000000 0.19079807114653837830 0.80920192785346167774
12 12 (0) 2 : 0.28188530210930395903 0.04234507859588266393 0.67576961929481349500
13 13 (0) 2 : 0.99999999800000005656 0.00000000099999999995 0.00000000099999999995
14 14 (0) 3 : 0.00000000100000000000 0.00066837287420173799 0.99933162612579840012
15 15 (0) 3 : 0.19193443103513196935 0.06067107516847562027 0.74739449379639244508
16 16 (0) 3 : 0.35191992242847169869 0.00000000100000000000 0.64808007657152832959
17 17 (0) 3 : 0.29808405453854269762 0.04721155572553657059 0.65470438973592082199
18 18 (0) 4 : 0.48264387101821076831 0.05945180944016096453 0.45790431954162835737
19 19 (0) 4 : 0.00000000100000000000 0.00480156126826906428 0.99519843773173088941
20 20 (0) 4 : 0.13726844401414534103 0.03038315834800368528 0.83234839763785095634
21 21 (0) 4 : 0.34445476104173172738 0.03491579453442834879 0.62062944442384004873
22 22 (0) 4 : 0.20043720675369255946 0.01537586365104673045 0.78418692959526070663
23 23 (0) 4 : 0.27906472849140151471 0.03739284721740882694 0.68354242429118960978
24 24 (0) 4 : 0.00000391676476438984 0.00000000100000000000 0.99999608223523561712
25 25 (0) 4 : 0.18514775540442576784 0.00448088245647119791 0.81037136213910310190
26 26 (0) 4 : 0.27415506630751046435 0.05557587768567673336 0.67026905600681285780
27 27 (0) 4 : 0.37257224505438490958 0.03408111543636824226 0.59334663950924682041
28 28 (0) 4 : 0.41282614625725333468 0.07574369734838190538 0.51143015639436473219
29 29 (0) 4 : 0.23711016485149175037 0.06147678458376629185 0.70141305056474201329
30 30 (0) 4 : 0.15059687729161039260 0.05453382893481990151 0.79486929377356962956
31 31 (0) 4 : 0.00000000099999999999 0.00000000099999999999 0.99999999799999994554
32 32 (0) 4 : 0.00000000099999999999 0.00000000099999999999 0.99999999800000005656
33 33 (0) 4 : 0.21308796796260887074 0.03686283281491455066 0.75004919922247659247
34 34 (0) 5 : 0.14633114185388415573 0.03000286873451455533 0.82366598941160118486
35 35 (0) 6 : 0.39414289955577114233 0.05104912155805743645 0.55480797888617150448
36 36 (0) 6 : 0.27572871107699009618 0.00000005328932052088 0.72427123563368933645
37 37 (0) 6 : 0.99999999800000005656 0.00000000099999999993 0.00000000099999999993
38 38 (0) 6 : 0.21401238795809074400 0.00000000100000000000 0.78598761104190917326
39 39 (0) 6 : 0.28096814705216871522 0.03198781607113471148 0.68704403687669668432
40 40 (0) 6 : 0.36114845759179653450 0.02748558557478987183 0.61136595683341365959
41 41 (0) 6 : 0.00000000099999999997 0.99999999799999994554 0.00000000099999999997
42 42 (0) 6 : 0.13836231499950737978 0.01495501119979820472 0.84668267380069450745
43 43 (0) 6 : 0.15522632030409630466 0.08321499852430877531 0.76155868117159497555
44 44 (0) 6 : 0.13684264030940682111 0.06605698990609185084 0.79710036978450127254
45 45 (0) 6 : 0.31423837157468798020 0.04177991747112216880 0.64398171095418987875
46 46 (0) 6 : 0.00000000099999999991 0.99999999800000005656 0.00000000099999999991
47 47 (0) 6 : 0.19482961933039824598 0.05517988176830782715 0.74999049890129398932
48 48 (0) 6 : 0.39932444080705692402 0.03104956132905610511 0.56962599786388690148
49 49 (0) 6 : 0.00000000099999999977 0.99999999800000005656 0.00000000099999999977
50 50 (0) 6 : 0.33501253656648222190 0.00000000100000000000 0.66498746243351791740
51 51 (0) 6 : 0.00474641108409521416 0.10472374284619645479 0.89052984606970841952
52 52 (0) 6 : 0.00000000099999999998 0.99999999800000005656 0.00000000099999999998
53 53 (0) 6 : 0.00000000099999999999 0.00000000099999999999 0.99999999800000005656
54 54 (0) 6 : 0.21487471754007883562 0.02421397777890203773 0.76091130468101908502
55 55 (0) 6 : 0.99999999799999994554 0.00000000099999999995 0.00000000099999999995
56 56 (0) 6 : 0.23361527184258551459 0.04470169836469698593 0.72168302979271747866
57 57 (0) 6 : 0.16063207405764376445 0.01353756862572547993 0.82583035731663068102
58 58 (0) 7 : 0.24210460062157837524 0.00000000100000000000 0.75789539837842168080
59 59 (0) 7 : 0.42286279305713392329 0.00000000099999999999 0.57713720594286610499
60 60 (0) 7 : 0.18909432686478516716 0.05171783307352476738 0.75918784006169004464
61 61 (0) 7 : 0.26376238457322326303 0.00044878901679650001 0.73578882640998022335
62 62 (0) 7 : 0.99999999800000005656 0.00000000099999999993 0.00000000099999999993
63 63 (0) 7 : 0.00000000099999999999 0.04402164707803053051 0.95597835192196944920
64 64 (0) 8 : 0.26774300728927319382 0.06173714889143430001 0.67051984381929252699
65 65 (0) 8 : 0.16901361744815082688 0.05422725921463063259 0.77675912333721852665
66 66 (0) 9 : 0.35775023293014940329 0.00000000100000000000 0.64224976606985051397
67 67 (0) 10 : 0.33000326450325018213 0.02006473685323642217 0.64993199864351347550
68 68 (0) 10 : 0.15917145789501066511 0.01345477783461537444 0.82737376427037401250
69 69 (0) 10 : 0.28961725589859921293 0.02967274124880067351 0.68071000285259997131
70 70 (0) 10 : 0.32715724801322171311 0.00000166827312079236 0.67284108371365758394
71 71 (0) 10 : 0.28203382691073647370 0.00473319260690125386 0.71323298048236227764
72 72 (0) 10 : 0.26933407459267760808 0.01094775228732421286 0.71971817311999819466
73 73 (0) 10 : 0.12809061575708932668 0.05235140203360279937 0.81955798220930786702
74 74 (0) 10 : 0.00000000099999999999 0.00000000099999999999 0.99999999799999994554
75 75 (0) 10 : 0.30450225484177179114 0.02830524419541670389 0.66719250096281157436
76 76 (0) 10 : 0.00000000100000000000 0.07473281540347201379 0.92526718359652804224
1 1 (0) 1 : 0.14957170443816966698 0.51711296852928168022 0.33331532703254873606
2 2 (0) 1 : 0.03670658526166374613 0.57168354049201286493 0.39160987424632337506
3 3 (0) 1 : 0.00000000099999999999 0.99999999800000005656 0.00000000099999999999
4 4 (0) 1 : 0.07899981300200432932 0.57990791093168281289 0.34109227606631298269
5 5 (0) 1 : 0.06121412869412368174 0.46055805360992280173 0.47822781769595362755
6 6 (0) 1 : 0.08097421912177389658 0.71972939350618247989 0.19929638737204358190
7 7 (0) 1 : 0.02487546676234012738 0.60579101406031843347 0.36933351917734152936
8 8 (0) 2 : 0.00000000100000000000 0.49358671290691197298 0.50641328609308799980
9 9 (0) 2 : 0.00000000099999999998 0.00000000099999999998 0.99999999799999994554
10 10 (0) 2 : 0.00000000099999999997 0.00000000099999999997 0.99999999800000005656
11 11 (0) 2 : 0.15623132604133635470 0.00000000099999999999 0.84376867295866364582
12 12 (0) 2 : 0.00012328077685027795 0.99987671822314960757 0.00000000099999999999
13 13 (0) 2 : 0.00000000099999999999 0.61138119013375447075 0.38861880886624566855
14 14 (0) 3 : 0.00000000099999999999 0.99999999799999994554 0.00000000099999999999
15 15 (0) 3 : 0.05738346707983262018 0.94261653192016736647 0.00000000100000000000
16 16 (0) 3 : 0.00000000099999999998 0.99999999800000005656 0.00000000099999999998
17 17 (0) 3 : 0.04131094115878504447 0.63465310465321755906 0.32403595418799741035
18 18 (0) 4 : 0.04535440179769707758 0.56530103247271323852 0.38934456572958969778
19 19 (0) 4 : 0.01314513377091109173 0.66952736540287161038 0.31732750082621713483
20 20 (0) 4 : 0.02229700949317315120 0.66210365707609553088 0.31559933343073121037
21 21 (0) 4 : 0.00000000099999999999 0.00000000099999999999 0.99999999799999994554
22 22 (0) 4 : 0.01305874178297362041 0.70302878834816862064 0.28391246986885781967
23 23 (0) 4 : 0.02621583539300907997 0.54761963062483520748 0.42616453398215575765
24 24 (0) 4 : 0.00000000100000000000 0.72455874241477646880 0.27544125658522361499
25 25 (0) 4 : 0.00000000100000000000 0.74208446415513040773 0.25791553484486962056
26 26 (0) 4 : 0.04472027027092120854 0.41994584363658177262 0.53533388609249710210
27 27 (0) 4 : 0.02984230499521772773 0.73561861767515934751 0.23453907732962292476
28 28 (0) 4 : 0.06671511897003166991 0.59674635933757813611 0.33653852169239029113
29 29 (0) 4 : 0.05057198775496195287 0.44593185872072105269 0.50349615352431698057
30 30 (0) 4 : 0.03021039769067225197 0.84097789676956768989 0.12881170553976012405
31 31 (0) 4 : 0.00000000099999999998 0.99999999799999994554 0.00000000099999999998
32 32 (0) 4 : 0.00000000099999999999 0.99999999799999994554 0.00000000099999999999
33 33 (0) 4 : 0.02642536108819419638 0.72035752198132685375 0.25321711693047888048
34 34 (0) 5 : 0.02313131887883228266 0.65152803093005262625 0.32534065019111502171
35 35 (0) 6 : 0.03712640826030371571 0.73120434498053044070 0.23166924675916591991
36 36 (0) 6 : 0.00000000100000000000 0.47803392350646539688 0.52196607549353457589
37 37 (0) 6 : 0.00000000099999999998 0.00000000099999999998 0.99999999800000005656
38 38 (0) 6 : 0.00000000100000000000 0.55803613497955839584 0.44196386402044157693
39 39 (0) 6 : 0.00520931836362900896 0.41381076138727762581 0.58097992024909328457
40 40 (0) 6 : 0.02667151107153761108 0.56986675325460323105 0.40346173567385912317
41 41 (0) 6 : 0.99999999800000005656 0.00000000099999999997 0.00000000099999999997
42 42 (0) 6 : 0.00377776989488409678 0.60822106540079068360 0.38800116470432516325
43 43 (0) 6 : 0.07177000468196018113 0.92822999431803965287 0.00000000100000000000
44 44 (0) 6 : 0.05735011829056937266 0.67673580323934379166 0.26591407847008691201
45 45 (0) 6 : 0.03460260389389732683 0.61389907419486400286 0.35149832191123875358
46 46 (0) 6 : 0.99999999800000005656 0.00000000099999999991 0.00000000099999999991
47 47 (0) 6 : 0.04878880431193590578 0.60439580217665778150 0.34681539351140627803
48 48 (0) 6 : 0.06180486579914110101 0.93819505373882905452 0.00000008046202989759
49 49 (0) 6 : 0.99999999799999994554 0.00000000099999999977 0.00000000099999999977
50 50 (0) 6 : 0.00000000100000000000 0.60860991372319150905 0.39139008527680863025
51 51 (0) 6 : 0.09392471927038580082 0.59193723642162154874 0.31413804430799263656
52 52 (0) 6 : 0.99999999800000005656 0.00000000099999999998 0.00000000099999999998
53 53 (0) 6 : 0.00000000099999999998 0.99999999800000005656 0.00000000099999999998
54 54 (0) 6 : 0.01235547292152358589 0.58466816390911546808 0.40297636316936091827
55 55 (0) 6 : 0.01815600837006870610 0.59995582245505674202 0.38188816917487461433
56 56 (0) 6 : 0.02975310729917406485 0.46995543370968062558 0.50029145899114535467
57 57 (0) 6 : 0.00147124520731812115 0.69837332938482865607 0.30015542540785328240
58 58 (0) 7 : 0.00000000099999999997 0.00000000099999999997 0.99999999800000005656
59 59 (0) 7 : 0.00000000099999999999 0.66566686216790904584 0.33433313683209087142
60 60 (0) 7 : 0.04201467603386897787 0.67658591489636443761 0.28139940906976651513
61 61 (0) 7 : 0.00000000099999999998 0.00000000099999999998 0.99999999800000005656
62 62 (0) 7 : 0.00000000099999999996 0.00000000099999999996 0.99999999799999994554
63 63 (0) 7 : 0.02902726539392506272 0.55712844270080186249 0.41384429190527299847
64 64 (0) 8 : 0.06606212904201724800 0.93393786995798266926 0.00000000100000000000
65 65 (0) 8 : 0.04171062085126123198 0.49275694494842880999 0.46553243420030993027
66 66 (0) 9 : 0.00000000100000000000 0.68011439716681743040 0.31988560183318265340
67 67 (0) 10 : 0.00000000100000000000 0.99999999799999994554 0.00000000100000000000
68 68 (0) 10 : 0.00023097496664506987 0.73311790489129158299 0.26665112014206338031
69 69 (0) 10 : 0.02428275729912269740 0.69367285031758652014 0.28204439238329093165
70 70 (0) 10 : 0.00000000100000000000 0.62419048353783923577 0.37580951546216068149
71 71 (0) 10 : 0.00247067878040288557 0.68019985401718530138 0.31732946720241195226
72 72 (0) 10 : 0.00649178290045514857 0.71490933687261959406 0.27859888022692536058
73 73 (0) 10 : 0.04063145439060739106 0.59187245165488122645 0.36749609395451149352
74 74 (0) 10 : 0.00000000099999999998 0.00000000099999999998 0.99999999800000005656
75 75 (0) 10 : 0.01920985435227749033 0.64995520055407296489 0.33083494509364957947
76 76 (0) 10 : 0.05688160009811445150 0.48941934638531198187 0.45369905351657363601
1 1 (0) 1 : 0.43281985173394604827 0.41671343161208368455 0.15046671665397035045
2 2 (0) 1 : 0.35392730081571144307 0.61031485198198576203 0.03575784720230285041
3 3 (0) 1 : 0.46026650798959500843 0.53662744769393189159 0.00310604431647315765
4 4 (0) 1 : 0.38355540511389074609 0.54080129615825189848 0.07564329872785739706
5 5 (0) 1 : 0.62588042620063621957 0.31486819723398218329 0.05925137656538159714
6 6 (0) 1 : 0.44288783074228782466 0.48059198106367689851 0.07652018819403527683
7 7 (0) 1 : 0.58665391804224475969 0.38754350386691033270 0.02580257809084476189
8 8 (0) 2 : 0.69826375288658804052 0.30173624611341187673 0.00000000100000000000
9 9 (0) 2 : 0.94936812825766758728 0.00000000100000000000 0.05063187074233232998
10 10 (0) 2 : 0.95319237552372859668 0.00000000099999999999 0.04680762347627143855
11 11 (0) 2 : 0.82332447187325941140 0.00000000100000000000 0.17667552712674053361
12 12 (0) 2 : 0.00000000099999999998 0.99999999799999994554 0.00000000099999999998
13 13 (0) 2 : 0.58262783791759931162 0.41737216108240055013 0.00000000099999999999
14 14 (0) 3 : 0.39877825369554670276 0.60121972741363238768 0.00000201889082096559
15 15 (0) 3 : 0.31116074240506585991 0.64487724270595703224 0.04396201488897715642
16 16 (0) 3 : 0.00000000099999999997 0.99999999800000005656 0.00000000099999999997
17 17 (0) 3 : 0.97152927552187939853 0.00000000100000000000 0.02847072347812062282
18 18 (0) 4 : 0.47537546594142349177 0.47875019448857303317 0.04587433957000337792
19 19 (0) 4 : 0.59156741033973359034 0.39969374536676516296 0.00873884429350135078
20 20 (0) 4 : 0.00000000099999999998 0.99999999800000005656 0.00000000099999999998
21 21 (0) 4 : 0.99999999800000005656 0.00000000100000000000 0.00000000100000000000
22 22 (0) 4 : 0.60967033048127194927 0.38130047573010100725 0.00902919378862707643
23 23 (0) 4 : 0.96305722588348607882 0.00000000100000000000 0.03694277311651399803
24 24 (0) 4 : 0.65324799974695080262 0.34675199925304922566 0.00000000100000000000
25 25 (0) 4 : 0.46358178833213231629 0.53641821066786765648 0.00000000100000000000
26 26 (0) 4 : 0.59762131825009867647 0.36057054041785280285 0.04180814133204863170
27 27 (0) 4 : 0.48449071173859931116 0.49385209642547783782 0.02165719183592281286
28 28 (0) 4 : 0.43517675676625222625 0.50066539030411993938 0.06415785292962794539
29 29 (0) 4 : 0.48947737115762091076 0.46234928033349764753 0.04817334850888146947
30 30 (0) 4 : 0.42946212966190017157 0.53711219718469616069 0.03342567315340371631
31 31 (0) 4 : 0.00000000099999999998 0.99999999799999994554 0.00000000099999999998
32 32 (0) 4 : 0.57401721476476164074 0.42598278423523827652 0.00000000100000000000
33 33 (0) 4 : 0.61391245627314250388 0.36569956971759109976 0.02038797400926637554
34 34 (0) 5 : 0.60371268126785782027 0.37520267633667025997 0.02108464239547190588
35 35 (0) 6 : 0.35555048566997582427 0.61104207830431678250 0.03340743602570740711
36 36 (0) 6 : 0.66019183357089905595 0.33980816542910097233 0.00000000100000000000
37 37 (0) 6 : 0.00000000099999999998 0.99999999799999994554 0.00000000099999999998
38 38 (0) 6 : 0.99999999799999994554 0.00000000099999999998 0.00000000099999999998
39 39 (0) 6 : 0.65213178480650568769 0.32265931333791864066 0.02520890185557574104
40 40 (0) 6 : 0.99999870981072147558 0.00000000100000000000 0.00000128918927860682
41 41 (0) 6 : 0.00000000099999999997 0.00000000099999999997 0.99999999800000005656
42 42 (0) 6 : 0.56018732536961635127 0.43978580259712002354 0.00002687203326362556
43 43 (0) 6 : 0.00000000099999999999 0.95699536819649322350 0.04300463080350681866
44 44 (0) 6 : 0.42858365578184437483 0.51781551320817686968 0.05360083100997868610
45 45 (0) 6 : 0.64582704353595021818 0.32736894517241582614 0.02680401129163398344
46 46 (0) 6 : 0.00000000099999999991 0.00000000099999999991 0.99999999799999994554
47 47 (0) 6 : 0.57674330164594178605 0.37509933878844270438 0.04815735956561559283
48 48 (0) 6 : 0.47960793131439349857 0.49176868272234480761 0.02862338596326163484
49 49 (0) 6 : 0.00000000099999999977 0.00000000099999999977 0.99999999800000005656
50 50 (0) 6 : 0.64505357672597218865 0.35494642227402783963 0.00000000100000000000
51 51 (0) 6 : 0.51100020038775073594 0.39750912420030826144 0.09149067541194107200
52 52 (0) 6 : 0.00000000099999999998 0.00000000099999999998 0.99999999799999994554
53 53 (0) 6 : 0.42364713192360448080 0.57635286707639554749 0.00000000099999999999
54 54 (0) 6 : 0.99999999800000005656 0.00000000099999999999 0.00000000099999999999
55 55 (0) 6 : 0.60265244977475018739 0.38270883623472867763 0.01463871399052114192
56 56 (0) 6 : 0.98873038865658335883 0.00000000100000000000 0.01126961034341673364
57 57 (0) 6 : 0.64351430493048400461 0.35648569406951585714 0.00000000100000000000
58 58 (0) 7 : 0.99999999800000005656 0.00000000099999999998 0.00000000099999999998
59 59 (0) 7 : 0.00000000099999999998 0.99999999800000005656 0.00000000099999999998
60 60 (0) 7 : 0.55015451291315509152 0.40777127322038753121 0.04207421386645742584
61 61 (0) 7 : 0.99999999800000005656 0.00000000099999999999 0.00000000099999999999
62 62 (0) 7 : 0.00000000099999999997 0.99999999799999994554 0.00000000099999999997
63 63 (0) 7 : 0.50100139507251584270 0.46513419464277167004 0.03386441028471262604
64 64 (0) 8 : 0.00000000100000000000 0.94377847703295014714 0.05622152196704983257
65 65 (0) 8 : 0.70528395643732977316 0.25034571086588175426 0.04437033269678848646
66 66 (0) 9 : 0.51847828895858716347 0.48152171004141292032 0.00000000099999999999
67 67 (0) 10 : 0.38960902677351938461 0.60099184311282827231 0.00939913011365233440
68 68 (0) 10 : 0.50740564588272074609 0.49227028668674938094 0.00032406743052980087
69 69 (0) 10 : 0.42874603328087251830 0.55840042392239841451 0.01285354279672912270
70 70 (0) 10 : 0.61803829268495713567 0.38196170631504267057 0.00000000100000000000
71 71 (0) 10 : 0.99999999799999994554 0.00000000099999999999 0.00000000099999999999
72 72 (0) 10 : 0.57125122801668770656 0.42570823241939387271 0.00304053956391841683
73 73 (0) 10 : 0.52718656615649617247 0.43326666486115383847 0.03954676898234999599
74 74 (0) 10 : 0.76638716778332571788 0.23361283121667436591 0.00000000100000000000
75 75 (0) 10 : 0.00000000099999999999 0.99999999800000005656 0.00000000099999999999
76 76 (0) 10 : 0.56852325325443930915 0.37530190029420623654 0.05617484645135446125
1 1 (0) 1 : 0.46393812493645708583 0.39234239216489719126 0.14371948289864572290
2 2 (0) 1 : 0.99999999799999994554 0.00000000099999999999 0.00000000099999999999
3 3 (0) 1 : 0.66914213139660283503 0.32978209844857525601 0.00107577015482185801
4 4 (0) 1 : 0.60706712405562235357 0.32277855341875144601 0.07015432252562621429
5 5 (0) 1 : 0.00000000099999999999 0.99999960664996412341 0.00000039235003599962
6 6 (0) 1 : 0.47022363837029207412 0.45940427253346072245 0.07037208909624714792
7 7 (0) 1 : 0.44137722689986108593 0.54218018391257449817 0.01644258918756446100
8 8 (0) 2 : 0.40510249483041343987 0.59489750416958653290 0.00000000100000000000
9 9 (0) 2 : 0.00000000100000000000 0.96767743052206345311 0.03232256847793647109
10 10 (0) 2 : 0.00000000099999999998 0.99124610944671820434 0.00875388955328171119
11 11 (0) 2 : 0.00000000100000000000 0.83109371350712768489 0.16890628549287217686
12 12 (0) 2 : 0.99999999800000005656 0.00000000099999999999 0.00000000099999999999
13 13 (0) 2 : 0.53554701854690278662 0.46445298045309707513 0.00000000099999999999
14 14 (0) 3 : 0.68486245954739921604 0.31501096716848775436 0.00012657328411295701
15 15 (0) 3 : 0.96021832586220567940 0.00000000100000000000 0.03978167313779441133
16 16 (0) 3 : 0.99999999799999994554 0.00000000099999999998 0.00000000099999999998
17 17 (0) 3 : 0.66697877269793337529 0.29939919781364759954 0.03362202948841901823
18 18 (0) 4 : 0.58889734821769168516 0.36898884997685893472 0.04211380180544939400
19 19 (0) 4 : 0.41206070035520453443 0.58668148067252512412 0.00125781897227037723
20 20 (0) 4 : 0.36198417308364538858 0.61972537982272890567 0.01829044709362566065
21 21 (0) 4 : 0.55635643806691481572 0.42578840897382536079 0.01785515295925984777
22 22 (0) 4 : 0.49338220110632258208 0.50114386694131651812 0.00547393195236100128
23 23 (0) 4 : 0.00000000100000000000 0.99999999799999994554 0.00000000100000000000
24 24 (0) 4 : 0.48881928602634017178 0.51118071297365985650 0.00000000100000000000
25 25 (0) 4 : 0.00000001397070835831 0.99999998502929166033 0.00000000099999999999
26 26 (0) 4 : 0.43626069643415593680 0.52406700762333657817 0.03967229594250760993
27 27 (0) 4 : 0.97614337881175028411 0.00000000100000000000 0.02385662018824967479
28 28 (0) 4 : 0.56549374113591255320 0.37251281150448856128 0.06199344735959897573
29 29 (0) 4 : 0.46293384225998679415 0.48803117013238650479 0.04903498760762670106
30 30 (0) 4 : 0.49531918099373895004 0.47105885708112454902 0.03362196192513660503
31 31 (0) 4 : 0.99999999800000005656 0.00000000099999999998 0.00000000099999999998
32 32 (0) 4 : 0.99999999800000005656 0.00000000099999999999 0.00000000099999999999
33 33 (0) 4 : 0.63958138398759134535 0.34472439068261229167 0.01569422532979646359
34 34 (0) 5 : 0.39713064740028430899 0.58568708306765915328 0.01718226953205658977
35 35 (0) 6 : 0.66924458789423058036 0.30132945895260204727 0.02942595315316742788
36 36 (0) 6 : 0.50737777495644398318 0.49262222404355598959 0.00000000100000000000
37 37 (0) 6 : 0.99999999800000005656 0.00000000099999999999 0.00000000099999999999
38 38 (0) 6 : 0.38069759596219671094 0.61930240303780326183 0.00000000100000000000
39 39 (0) 6 : 0.43286363902589142238 0.55748532096662184454 0.00965104000748683022
40 40 (0) 6 : 0.99999999800000005656 0.00000000100000000000 0.00000000100000000000
41 41 (0) 6 : 0.00000000099999999997 0.00000000099999999997 0.99999999799999994554
42 42 (0) 6 : 0.54423757940084449558 0.45409125190811194805 0.00167116869104359930
43 43 (0) 6 : 0.54434960103066409864 0.39144547365781934278 0.06420492531151646143
44 44 (0) 6 : 0.37641043645550392727 0.57910018921840911155 0.04448937432608699588
45 45 (0) 6 : 0.00000000099999999999 0.99999999800000005656 0.00000000099999999999
46 46 (0) 6 : 0.00000000099999999991 0.00000000099999999991 0.99999999800000005656
47 47 (0) 6 : 0.47334514325580179239 0.48231579003432717423 0.04433906670987100562
48 48 (0) 6 : 0.99999999800000005656 0.00000000099999999999 0.00000000099999999999
49 49 (0) 6 : 0.00000000099999999977 0.00000000099999999977 0.99999999800000005656
50 50 (0) 6 : 0.59195800530567121989 0.40804199369432880840 0.00000000100000000000
51 51 (0) 6 : 0.39169267627411796795 0.52092462766389258100 0.08738269606198943718
52 52 (0) 6 : 0.00000000099999999998 0.00000000099999999998 0.99999999799999994554
53 53 (0) 6 : 0.61683384273982644341 0.38316615626017341834 0.00000000099999999999
54 54 (0) 6 : 0.00000000099999999998 0.99999999799999994554 0.00000000099999999998
55 55 (0) 6 : 0.57898968529167049724 0.40955869176194598102 0.01145162294638356684
56 56 (0) 6 : 0.30289108673805992256 0.67415366573099744230 0.02295524753094260045
57 57 (0) 6 : 0.45457063848058298916 0.54542936051941703912 0.00000000100000000000
58 58 (0) 7 : 0.35272854273577308737 0.64727145626422677438 0.00000000099999999999
59 59 (0) 7 : 0.61274809024167142812 0.38725190875832860016 0.00000000099999999999
60 60 (0) 7 : 0.45235930975163934908 0.51316830564096849177 0.03447238460739228405
61 61 (0) 7 : 0.00000000099999999998 0.99999999800000005656 0.00000000099999999998
62 62 (0) 7 : 0.99999999800000005656 0.00000000099999999998 0.00000000099999999998
63 63 (0) 7 : 0.44993713209510699524 0.52661853944488645762 0.02344432846000655754
64 64 (0) 8 : 0.94358089998952221489 0.00000000100000000000 0.05641909901047786197
65 65 (0) 8 : 0.30006829603657941830 0.65934524403208982779 0.04058645993133088575
66 66 (0) 9 : 0.54332294989307250432 0.45667704910692735742 0.00000000099999999999
67 67 (0) 10 : 0.69563555711454272412 0.29687411822751280654 0.00749032465794444331
68 68 (0) 10 : 0.47255738480189463102 0.52744252078515729831 0.00000009441294803011
69 69 (0) 10 : 0.51294540599963589500 0.47096888441402584569 0.01608570958633831829
70 70 (0) 10 : 0.58675630563418057495 0.41324369336581928680 0.00000000100000000000
71 71 (0) 10 : 0.50700413343268457833 0.49299570623680843973 0.00000016033050702339
72 72 (0) 10 : 0.56789122853363449561 0.43206815237966689214 0.00004061908669857945
73 73 (0) 10 : 0.46022668142168610128 0.50366391720145142763 0.03610940137686252660
74 74 (0) 10 : 0.00000000099999999998 0.99999999800000005656 0.00000000099999999998
75 75 (0) 10 : 0.62634863906346971429 0.36228275857772468393 0.01136860235880563820
76 76 (0) 10 : 0.00000000099999999999 0.97446056539610126368 0.02553943360389877501
1 1 (0) 1 : 0.53897974827355954464 0.30655012170602391475 0.15447013002041659613
2 2 (0) 1 : 0.00000000099999999998 0.99999999800000005656 0.00000000099999999998
3 3 (0) 1 : 0.00000000099999999998 0.99999999799999994554 0.00000000099999999998
4 4 (0) 1 : 0.89236134665148769685 0.00000014552442924830 0.10763850782408290740
5 5 (0) 1 : 0.93868394736282523283 0.00000000099999999999 0.06131605163717480933
6 6 (0) 1 : 0.62279744417930005262 0.29693396233083763081 0.08026859348986226106
7 7 (0) 1 : 0.67943224055547934981 0.29142474886827357539 0.02914301057624716848
8 8 (0) 2 : 0.67320730263579453556 0.32679269636420549272 0.00000000100000000000
9 9 (0) 2 : 0.64751878783037242204 0.29342681389663965996 0.05905439827298800820
10 10 (0) 2 : 0.62835924326237901916 0.29810996628189961877 0.07353079045572137595
11 11 (0) 2 : 0.50743540521451158121 0.30844564424530779290 0.18411895054018065365
12 12 (0) 2 : 0.44509364418939173502 0.52688569850403910166 0.02802065730656909739
13 13 (0) 2 : 0.00000000099999999997 0.99999999799999994554 0.00000000099999999997
14 14 (0) 3 : 0.84625938728722005511 0.14856628518554110263 0.00517432752723896543
15 15 (0) 3 : 0.00000000099999999999 0.99999999800000005656 0.00000000099999999999
16 16 (0) 3 : 0.54460223349203817911 0.45539776550796173815 0.00000000100000000000
17 17 (0) 3 : 0.96744043370479249067 0.00000000100000000000 0.03255956529520766946
18 18 (0) 4 : 0.38269326177667267741 0.56890410493605714226 0.04840263328727016645
19 19 (0) 4 : 0.63977320202217746736 0.34624545466755091150 0.01398134331027166277
20 20 (0) 4 : 0.99998011383023210907 0.00000000100000000000 0.00001988516976791039
21 21 (0) 4 : 0.56306314676984192680 0.40730929828629525158 0.02962755494386288407
22 22 (0) 4 : 0.64482330619286987172 0.34535828099940157898 0.00981841280772855624
23 23 (0) 4 : 0.97231463355394409653 0.00000000100000000000 0.02768536544605589012
24 24 (0) 4 : 0.99999999799999994554 0.00000000099999999999 0.00000000099999999999
25 25 (0) 4 : 0.71622940814522151332 0.28377022431979459505 0.00000036753498393780
26 26 (0) 4 : 0.55590764397304626154 0.39283532657413039457 0.05125702945282351042
27 27 (0) 4 : 0.56308105690379339769 0.40898665283730545328 0.02793229025890120454
28 28 (0) 4 : 0.30896011012706725563 0.62989935265710428336 0.06114053721582847489
29 29 (0) 4 : 0.52273789297678685539 0.42872036799933499474 0.04854173902387816375
30 30 (0) 4 : 0.43969965996378757023 0.52717006404770361261 0.03313027598850889349
31 31 (0) 4 : 0.99999999799999994554 0.00000000099999999999 0.00000000099999999999
32 32 (0) 4 : 0.75686090718707232927 0.24313909181292767125 0.00000000100000000000
33 33 (0) 4 : 0.47924579948279172337 0.49788213493590821601 0.02287206558129997735
34 34 (0) 5 : 0.99871173159704873523 0.00000000100000000000 0.00128826740295115644
35 35 (0) 6 : 0.39143569093679503323 0.56708927306798118106 0.04147503599522380652
36 36 (0) 6 : 0.50169387408396215466 0.49830612491603770708 0.00000000100000000000
37 37 (0) 6 : 0.00000000099999999996 0.99999999800000005656 0.00000000099999999996
38 38 (0) 6 : 0.62988811225950835926 0.37011188674049155800 0.00000000100000000000
39 39 (0) 6 : 0.47880566649147238145 0.49617046314926849249 0.02502387035925907749
40 40 (0) 6 : 0.54540407923412337343 0.42818153364993655208 0.02641438711594020286
41 41 (0) 6 : 0.00000000099999999997 0.00000000099999999997 0.99999999800000005656
42 42 (0) 6 : 0.99999999799999994554 0.00000000099999999999 0.00000000099999999999
43 43 (0) 6 : 0.53298635308905129015 0.39391678316349015843 0.07309686374745867632
44 44 (0) 6 : 0.94638688111294799743 0.00000000100000000000 0.05361311788705204473
45 45 (0) 6 : 0.70165795161787913869 0.25964819172567643601 0.03869385665644459182
46 46 (0) 6 : 0.00000000099999999991 0.00000000099999999991 0.99999999799999994554
47 47 (0) 6 : 0.44467168123143224756 0.51082071375237936284 0.04450760501618845899
48 48 (0) 6 : 0.43823428346307802261 0.53227086729708361634 0.02949484923983838186
49 49 (0) 6 : 0.00000000099999999977 0.00000000099999999977 0.99999999799999994554
50 50 (0) 6 : 0.65236591966432222467 0.34763407933567763708 0.00000000100000000000
51 51 (0) 6 : 0.66866940283957565505 0.23325733318123603732 0.09807326397918826599
52 52 (0) 6 : 0.00000000099999999998 0.00000000099999999998 0.99999999799999994554
53 53 (0) 6 : 0.99999999799999994554 0.00000000099999999999 0.00000000099999999999
54 54 (0) 6 : 0.65618680549423868964 0.32383948492963821053 0.01997370957612310330
55 55 (0) 6 : 0.00000000099999999998 0.99999999800000005656 0.00000000099999999998
56 56 (0) 6 : 0.52844743739773536451 0.43499155848775544753 0.03656100411450927123
57 57 (0) 6 : 0.99999999800000005656 0.00000000099999999999 0.00000000099999999999
58 58 (0) 7 : 0.63846895010051896158 0.36153104889948112222 0.00000000100000000000
59 59 (0) 7 : 0.48221307622199849341 0.51778692277800153487 0.00000000099999999999
60 60 (0) 7 : 0.57397456685601144777 0.38384217739715564832 0.04218325574683291085
61 61 (0) 7 : 0.74731461687041700337 0.25268538212958296940 0.00000000100000000000
62 62 (0) 7 : 0.00000000099999999997 0.99999999799999994554 0.00000000099999999997
63 63 (0) 7 : 0.63779564221357920584 0.32601131565795998801 0.03619304212846086860
64 64 (0) 8 : 0.48796880398938541346 0.45906059881955485480 0.05297059719105975256
65 65 (0) 8 : 0.65084426473214596065 0.30242548861686135986 0.04673024665099266561
66 66 (0) 9 : 0.39558811317430769838 0.60441188582569216337 0.00000000100000000000
67 67 (0) 10 : 0.45887887000255600523 0.53007842344046640637 0.01104270655697762310
68 68 (0) 10 : 0.65563989915024123434 0.33994976672815468977 0.00441033412160407243
69 69 (0) 10 : 0.00000000099999999999 0.99999999800000005656 0.00000000099999999999
70 70 (0) 10 : 0.48409074952230934930 0.51590924947769056796 0.00000000100000000000
71 71 (0) 10 : 0.51840560542670433009 0.47959250968333533294 0.00200188488996042458
72 72 (0) 10 : 0.00000000099999999999 0.99999999799999994554 0.00000000099999999999
73 73 (0) 10 : 0.66929671146745572941 0.28771082854865687173 0.04299245998388733642
74 74 (0) 10 : 0.99999999799999994554 0.00000000099999999999 0.00000000099999999999
75 75 (0) 10 : 0.44886576036770198250 0.53873949768252360482 0.01239474194977441268
76 76 (0) 10 : 0.92312169110448072384 0.00000005195159743465 0.07687825694392180775
1 1 (0) 1 : 0.49802233971678727675 0.35410151254939048471 0.14787614773382212752
2 2 (0) 1 : 0.63339540829205287498 0.33208019713908726311 0.03452439456885995905
3 3 (0) 1 : 0.54881930843165860345 0.44937087726596425252 0.00180981430237719195
4 4 (0) 1 : 0.27621725697571364311 0.63879714095313810951 0.08498560207114820575
5 5 (0) 1 : 0.30975452577344059213 0.62471605617795056276 0.06552941804860887287
6 6 (0) 1 : 0.39167120859588344661 0.52963289731341933742 0.07869589409069729924
7 7 (0) 1 : 0.36888912778207638699 0.60377319727008227357 0.02733767494784133251
8 8 (0) 2 : 0.24139280901236642718 0.75860718998763365661 0.00000000100000000000
9 9 (0) 2 : 0.40749196748478583308 0.53616763710641324181 0.05634039540880100838
10 10 (0) 2 : 0.39881789688172519792 0.53277035113929660515 0.06841175197897822469
11 11 (0) 2 : 0.39076962679747989649 0.42928958079388018776 0.17994079240863994351
12 12 (0) 2 : 0.50440385483838867664 0.46841924984262423015 0.02717689531898694749
13 13 (0) 2 : 0.99999999799999994554 0.00000000099999999997 0.00000000099999999997
14 14 (0) 3 : 0.35045965161115494313 0.63858522026831388008 0.01095512812053121843
15 15 (0) 3 : 0.46984547556780159594 0.48024669831094835004 0.04990782612124995687
16 16 (0) 3 : 0.99999999800000005656 0.00000000099999999997 0.00000000099999999997
17 17 (0) 3 : 0.38745453729833928547 0.57258720332389112517 0.03995825937776975589
18 18 (0) 4 : 0.62510053372681972927 0.32426582421049554572 0.05063364206268478745
19 19 (0) 4 : 0.37713798457236574757 0.61164960213386576626 0.01121241329376852086
20 20 (0) 4 : 0.39513910111873262743 0.58472986187334896613 0.02013103700791849665
21 21 (0) 4 : 0.48754321722350341117 0.47904724418126370944 0.03340953859523293490
22 22 (0) 4 : 0.31846769114797401912 0.66979194779875184107 0.01174036105327416236
23 23 (0) 4 : 0.00000000100000000000 0.96137761779621633274 0.03862238120378369555
24 24 (0) 4 : 0.26556719487419183645 0.73443280412580813632 0.00000000100000000000
25 25 (0) 4 : 0.00000000099999999999 0.99999999800000005656 0.00000000099999999999
26 26 (0) 4 : 0.18182006831502173227 0.76924258780483345532 0.04893734388014483322
27 27 (0) 4 : 0.37653121536121259005 0.59618441333679972338 0.02728437130198771779
28 28 (0) 4 : 0.51884609694141614611 0.41689515835072765704 0.06425874470785618298
29 29 (0) 4 : 0.37392240680931670971 0.57362288274679396061 0.05245471044388928805
30 30 (0) 4 : 0.49028667943509535165 0.47326310056755638289 0.03645021999734829321
31 31 (0) 4 : 0.48162538655515613195 0.51837461244484372980 0.00000000100000000000
32 32 (0) 4 : 0.26255063570439618470 0.73744936329560373256 0.00000000100000000000
33 33 (0) 4 : 0.39070696551270417407 0.58534828467437038935 0.02394474981292556842
34 34 (0) 5 : 0.32711147408748375565 0.65156460547388639348 0.02132392043862980230
35 35 (0) 6 : 0.99999999799999994554 0.00000000099999999999 0.00000000099999999999
36 36 (0) 6 : 0.44724358222660465234 0.55275640616292176510 0.00000001161047357061
37 37 (0) 6 : 0.99999999799999994554 0.00000000099999999998 0.00000000099999999998
38 38 (0) 6 : 0.43208601631214066385 0.56791398268785941994 0.00000000100000000000
39 39 (0) 6 : 0.00000000099999999999 0.99999999800000005656 0.00000000099999999999
40 40 (0) 6 : 0.33726773740287907533 0.63650706722798688908 0.02622519536913403559
41 41 (0) 6 : 0.00000000099999999997 0.00000000099999999997 0.99999999799999994554
42 42 (0) 6 : 0.25828788386200052241 0.73637970321612611357 0.00533241292187337790
43 43 (0) 6 : 0.57702423760202969927 0.35080853026840380648 0.07216723212956657751
44 44 (0) 6 : 0.23068896477070080508 0.71448938923610572083 0.05482164599319350184
45 45 (0) 6 : 0.39404225568331663343 0.57332188419016960612 0.03263586012651371188
46 46 (0) 6 : 0.00000000099999999991 0.00000000099999999991 0.99999999799999994554
47 47 (0) 6 : 0.46674705250996395556 0.48802479871597775896 0.04522814877405818140
48 48 (0) 6 : 0.52365441453853744935 0.44457879888199136609 0.03176678657947108048
49 49 (0) 6 : 0.00000000099999999977 0.00000000099999999977 0.99999999799999994554
50 50 (0) 6 : 0.33778601002197283787 0.66221398897802719041 0.00000000100000000000
51 51 (0) 6 : 0.34079654761665545415 0.56389335554139075057 0.09531009684195389242
52 52 (0) 6 : 0.00000000099999999998 0.00000000099999999998 0.99999999800000005656
53 53 (0) 6 : 0.00000000099999999998 0.99999999799999994554 0.00000000099999999998
54 54 (0) 6 : 0.27236193705486050343 0.71387293720645861317 0.01376512573868084177
55 55 (0) 6 : 0.99999999799999994554 0.00000000099999999998 0.00000000099999999998
56 56 (0) 6 : 0.38202618536252025416 0.58043458824220628411 0.03753922639527344784
57 57 (0) 6 : 0.00000000099999999998 0.99999999799999994554 0.00000000099999999998
58 58 (0) 7 : 0.45288106108283726625 0.54711893791716259550 0.00000000099999999999
59 59 (0) 7 : 0.64809784045741603009 0.35190215854258388717 0.00000000099999999999
60 60 (0) 7 : 0.54570385219568062762 0.41179367574223818549 0.04250247206208124934
61 61 (0) 7 : 0.40871815497415803220 0.59127376027120015500 0.00000808475464167752
62 62 (0) 7 : 0.99999999800000005656 0.00000000099999999995 0.00000000099999999995
63 63 (0) 7 : 0.99999992818000937866 0.00000004696969921756 0.00000002485029133962
64 64 (0) 8 : 0.40705138792419293114 0.53881879639813778926 0.05412981567766930735
65 65 (0) 8 : 0.00000000100000000000 0.96057001543864961590 0.03942998356135030136
66 66 (0) 9 : 0.49125684160393240374 0.50874315739606745801 0.00000000100000000000
67 67 (0) 10 : 0.99999999800000005656 0.00000000099999999997 0.00000000099999999997
68 68 (0) 10 : 0.38167665436731318396 0.61562999267890516908 0.00269335295378166865
69 69 (0) 10 : 0.00000000100000000000 0.99999999583231302669 0.00000000316768692059
70 70 (0) 10 : 0.39978113274545301614 0.60021886625454690112 0.00000000100000000000
71 71 (0) 10 : 0.39918845627675902943 0.59890891174427884902 0.00190263197896215625
72 72 (0) 10 : 0.42678623998624487523 0.56716155756525055143 0.00605220244850461584
73 73 (0) 10 : 0.00000033090671945033 0.94857228323224973554 0.05142738586103080128
74 74 (0) 10 : 0.00000000099999999997 0.99999999799999994554 0.00000000099999999997
75 75 (0) 10 : 0.38133542987654162060 0.59967350969773602909 0.01899106042572241623
76 76 (0) 10 : 0.00000000100000000000 0.94672591457982735452 0.05327408442017267376
