-------------------------------------------------------------------------------
 L       Percentage of nodes in the largest component
 D       Percentage of nodes in components of size at most 3 [-div option]
 R       Percentage of nodes not in L or D: 100 - L -D
 S       Percentage of nodes that are singletons
 E       Fraction of edges retained (input graph has 2450)
 cce     Expected size of component, nodewise [ sum(sz^2) / sum^2(sz) ]
 EW      Edge weight traits (mean, median and IQR)
 ND      Node degree traits [mean, median and IQR]
 CCF     Clustering coefficient (scale 1-100)
 eff     Induced component efficiency relative to start graph (scale 1-1000)
Total number of nodes: 50
----------------------------------------------------------------------------------------------
  L   D   R   S     E     cce  EWmean   EWmed   EWiqr  NDmean   NDmed  NDiqr CCF  eff  Cutoff 
----------------------------------------------------------------------------------------------
100   0   0   0 0.567      50    0.57    0.55    0.07    27.8    29.5    9.5   -    -     0.50
100   0   0   0 0.508      50    0.58    0.56    0.07    24.9    26.5    9.5   -    -     0.51
100   0   0   0 0.456      50    0.58    0.57    0.07    22.3    24.5   10.5   -    -     0.52
 98   2   0   2 0.398      48    0.59    0.58    0.06    19.5    20.5    9.0   -    -     0.53
 98   2   0   2 0.344      48    0.60    0.58    0.06    16.9    17.5    9.5   -    -     0.54
 98   2   0   2 0.301      48    0.61    0.59    0.06    14.8    15.5    8.0   -    -     0.55
 98   2   0   2 0.258      48    0.62    0.60    0.06    12.6    13.5    7.5   -    -     0.56
 96   4   0   4 0.220      46    0.63    0.61    0.07    10.8    10.5    7.5   -    -     0.57
 96   4   0   4 0.181      46    0.64    0.62    0.07     8.9     8.5    7.5   -    -     0.58
 70   4  26   4 0.158      28    0.64    0.63    0.07     7.8     6.5    8.0   -    -     0.59
 68   6  26   6 0.123      27    0.66    0.64    0.07     6.0     4.5    8.0   -    -     0.60
 66   8  26   8 0.108      25    0.66    0.65    0.07     5.3     4.5    7.5   -    -     0.61
 54  24  22  18 0.087      17    0.68    0.67    0.07     4.3     3.5    7.0   -    -     0.62
 46  32  22  28 0.073      13    0.69    0.68    0.06     3.6     2.5    6.5   -    -     0.63
 46  40  14  36 0.061      12    0.70    0.69    0.05     3.0     2.5    5.5   -    -     0.64
 46  44  10  40 0.056      12    0.70    0.69    0.05     2.7     1.5    5.0   -    -     0.65
 30  54  16  44 0.047       6    0.71    0.70    0.05     2.3     1.5    3.5   -    -     0.66
 26  58  16  46 0.044       5    0.71    0.70    0.05     2.2     1.5    3.5   -    -     0.67
 26  58  16  46 0.039       5    0.72    0.71    0.05     1.9     1.5    3.5   -    -     0.68
 26  74   0  56 0.027       4    0.73    0.72    0.04     1.3     0.5    2.0   -    -     0.69
 26  74   0  60 0.024       4    0.74    0.73    0.04     1.2     0.5    2.0   -    -     0.70
 26  74   0  62 0.020       4    0.74    0.74    0.04     1.0     0.5    1.5   -    -     0.71
 18  82   0  70 0.014       3    0.75    0.75    0.02     0.7     0.5    1.5   -    -     0.72
 18  82   0  70 0.012       3    0.76    0.76    0.02     0.6     0.5    1.5   -    -     0.73
 18  82   0  70 0.011       3    0.76    0.76    0.02     0.5     0.5    1.5   -    -     0.74
 10  90   0  76 0.007       2    0.77    0.76    0.02     0.4     0.5    0.5   -    -     0.75
  8  92   0  84 0.004       1    0.78    0.78    0.02     0.2     0.5    0.5   -    -     0.76
  0 100   0  88 0.002       1    0.79    0.78    0.00     0.1     0.5    0.5   -    -     0.77
  0 100   0  88 0.002       1    0.79    0.78    0.00     0.1     0.5    0.5   -    -     0.78
  0 100   0  96 0.001       1    0.79    0.79    0.00     0.0     0.5    0.5   -    -     0.79
  0 100   0 100 0.000       1    0.00    0.00    0.00     0.0     0.5    0.5   -    -     0.80
  0 100   0 100 0.000       1    0.00    0.00    0.00     0.0     0.5    0.5   -    -     0.81
  0 100   0 100 0.000       1    0.00    0.00    0.00     0.0     0.5    0.5   -    -     0.82
  0 100   0 100 0.000       1    0.00    0.00    0.00     0.0     0.5    0.5   -    -     0.83
  0 100   0 100 0.000       1    0.00    0.00    0.00     0.0     0.5    0.5   -    -     0.84
  0 100   0 100 0.000       1    0.00    0.00    0.00     0.0     0.5    0.5   -    -     0.85
  0 100   0 100 0.000       1    0.00    0.00    0.00     0.0     0.5    0.5   -    -     0.86
  0 100   0 100 0.000       1    0.00    0.00    0.00     0.0     0.5    0.5   -    -     0.87
  0 100   0 100 0.000       1    0.00    0.00    0.00     0.0     0.5    0.5   -    -     0.88
  0 100   0 100 0.000       1    0.00    0.00    0.00     0.0     0.5    0.5   -    -     0.89
  0 100   0 100 0.000       1    0.00    0.00    0.00     0.0     0.5    0.5   -    -     0.90
  0 100   0 100 0.000       1    0.00    0.00    0.00     0.0     0.5    0.5   -    -     0.91
  0 100   0 100 0.000       1    0.00    0.00    0.00     0.0     0.5    0.5   -    -     0.92
  0 100   0 100 0.000       1    0.00    0.00    0.00     0.0     0.5    0.5   -    -     0.93
  0 100   0 100 0.000       1    0.00    0.00    0.00     0.0     0.5    0.5   -    -     0.94
  0 100   0 100 0.000       1    0.00    0.00    0.00     0.0     0.5    0.5   -    -     0.95
  0 100   0 100 0.000       1    0.00    0.00    0.00     0.0     0.5    0.5   -    -     0.96
  0 100   0 100 0.000       1    0.00    0.00    0.00     0.0     0.5    0.5   -    -     0.97
  0 100   0 100 0.000       1    0.00    0.00    0.00     0.0     0.5    0.5   -    -     0.98
  0 100   0 100 0.000       1    0.00    0.00    0.00     0.0     0.5    0.5   -    -     0.99
---------------------------------------------------------------------------------------------
