-------------------------------------------------------------------------------
 L       Percentage of nodes in the largest component
 D       Percentage of nodes in components of size at most 3 [-div option]
 R       Percentage of nodes not in L or D: 100 - L -D
 S       Percentage of nodes that are singletons
 E       Fraction of edges retained (input graph has 2450)
 cce     Expected size of component, nodewise [ sum(sz^2) / sum^2(sz) ]
 EW      Edge weight traits (mean, median and IQR)
 ND      Node degree traits [mean, median and IQR]
 CCF     Clustering coefficient (scale 1-100)
 eff     Induced component efficiency relative to start graph (scale 1-1000)
Total number of nodes: 50
----------------------------------------------------------------------------------------------
  L   D   R   S     E     cce  EWmean   EWmed   EWiqr  NDmean   NDmed  NDiqr CCF  eff  Cutoff 
----------------------------------------------------------------------------------------------
100   0   0   0 0.891      50    0.60    0.60    0.09    43.6    46.5    4.0   -    -     0.50
100   0   0   0 0.858      50    0.61    0.61    0.08    42.0    45.5    6.0   -    -     0.51
100   0   0   0 0.824      50    0.61    0.61    0.08    40.4    43.5    6.5   -    -     0.52
100   0   0   0 0.783      50    0.62    0.61    0.08    38.4    42.5    7.0   -    -     0.53
100   0   0   0 0.746      50    0.62    0.62    0.08    36.6    40.5    7.5   -    -     0.54
100   0   0   0 0.712      50    0.62    0.62    0.07    34.9    39.5    7.5   -    -     0.55
100   0   0   0 0.666      50    0.63    0.62    0.06    32.6    36.5    8.5   -    -     0.56
100   0   0   0 0.611      50    0.63    0.63    0.06    29.9    34.5   11.0   -    -     0.57
100   0   0   0 0.554      50    0.64    0.63    0.06    27.2    30.5   11.0   -    -     0.58
100   0   0   0 0.509      50    0.65    0.64    0.05    24.9    28.5   12.0   -    -     0.59
 96   4   0   0 0.454      46    0.65    0.64    0.05    22.2    24.5   14.5   -    -     0.60
 94   6   0   2 0.405      44    0.66    0.65    0.05    19.8    21.5   14.5   -    -     0.61
 92   8   0   4 0.348      42    0.66    0.66    0.04    17.0    18.5   15.5   -    -     0.62
 92   8   0   4 0.294      42    0.67    0.66    0.04    14.4    15.5   13.5   -    -     0.63
 90  10   0   6 0.248      41    0.68    0.67    0.04    12.2    12.5   11.0   -    -     0.64
 90  10   0   6 0.203      41    0.68    0.68    0.04    10.0     9.5   10.0   -    -     0.65
 86  14   0  10 0.153      37    0.69    0.68    0.04     7.5     7.5    9.0   -    -     0.66
 84  16   0  12 0.120      35    0.70    0.69    0.03     5.9     5.5    7.5   -    -     0.67
 80  20   0  16 0.090      32    0.71    0.71    0.03     4.4     3.5    6.5   -    -     0.68
 70  30   0  26 0.069      25    0.72    0.71    0.03     3.4     2.5    5.5   -    -     0.69
 68  32   0  28 0.053      23    0.73    0.72    0.02     2.6     2.5    4.5   -    -     0.70
 54  46   0  38 0.034      15    0.74    0.73    0.03     1.7     1.5    3.5   -    -     0.71
 38  54   8  50 0.025       8    0.75    0.73    0.04     1.2     0.5    2.5   -    -     0.72
 26  74   0  62 0.015       4    0.77    0.76    0.03     0.7     0.5    1.5   -    -     0.73
 16  84   0  68 0.011       2    0.78    0.77    0.02     0.6     0.5    1.5   -    -     0.74
 14  86   0  74 0.009       2    0.79    0.77    0.03     0.4     0.5    1.0   -    -     0.75
 10  90   0  78 0.007       2    0.79    0.77    0.05     0.4     0.5    0.5   -    -     0.76
  0 100   0  90 0.003       1    0.83    0.84    0.04     0.2     0.5    0.5   -    -     0.77
  0 100   0  90 0.002       1    0.85    0.86    0.03     0.1     0.5    0.5   -    -     0.78
  0 100   0  90 0.002       1    0.85    0.86    0.03     0.1     0.5    0.5   -    -     0.79
  0 100   0  90 0.002       1    0.85    0.86    0.03     0.1     0.5    0.5   -    -     0.80
  0 100   0  90 0.002       1    0.85    0.86    0.03     0.1     0.5    0.5   -    -     0.81
  0 100   0  92 0.002       1    0.87    0.87    0.01     0.1     0.5    0.5   -    -     0.82
  0 100   0  92 0.002       1    0.87    0.87    0.01     0.1     0.5    0.5   -    -     0.83
  0 100   0  92 0.002       1    0.87    0.87    0.01     0.1     0.5    0.5   -    -     0.84
  0 100   0  92 0.002       1    0.87    0.87    0.01     0.1     0.5    0.5   -    -     0.85
  0 100   0  92 0.002       1    0.87    0.87    0.01     0.1     0.5    0.5   -    -     0.86
  0 100   0  96 0.001       1    0.87    0.87    0.00     0.0     0.5    0.5   -    -     0.87
  0 100   0 100 0.000       1    0.00    0.00    0.00     0.0     0.5    0.5   -    -     0.88
  0 100   0 100 0.000       1    0.00    0.00    0.00     0.0     0.5    0.5   -    -     0.89
  0 100   0 100 0.000       1    0.00    0.00    0.00     0.0     0.5    0.5   -    -     0.90
  0 100   0 100 0.000       1    0.00    0.00    0.00     0.0     0.5    0.5   -    -     0.91
  0 100   0 100 0.000       1    0.00    0.00    0.00     0.0     0.5    0.5   -    -     0.92
  0 100   0 100 0.000       1    0.00    0.00    0.00     0.0     0.5    0.5   -    -     0.93
  0 100   0 100 0.000       1    0.00    0.00    0.00     0.0     0.5    0.5   -    -     0.94
  0 100   0 100 0.000       1    0.00    0.00    0.00     0.0     0.5    0.5   -    -     0.95
  0 100   0 100 0.000       1    0.00    0.00    0.00     0.0     0.5    0.5   -    -     0.96
  0 100   0 100 0.000       1    0.00    0.00    0.00     0.0     0.5    0.5   -    -     0.97
  0 100   0 100 0.000       1    0.00    0.00    0.00     0.0     0.5    0.5   -    -     0.98
  0 100   0 100 0.000       1    0.00    0.00    0.00     0.0     0.5    0.5   -    -     0.99
---------------------------------------------------------------------------------------------
