1:	0.0000 0.5212 0.0231 0.4557 0.0000 	6
2:	0.0073 0.4766 0.0256 0.4882 0.0024 	7
3:	0.5080 0.0000 0.0888 0.0026 0.4006 	12
4:	0.4575 0.2489 0.0041 0.0014 0.2881 	14
5:	0.3576 0.3077 0.0096 0.0000 0.3252 	13
6:	0.2497 0.2449 0.2855 0.0210 0.1989 	11
7:	0.0000 0.9661 0.0169 0.0170 0.0000 	4
8:	0.3222 0.0131 0.2357 0.0066 0.4224 	6
9:	0.0159 0.8228 0.1035 0.0335 0.0243 	2
10:	0.0000 0.9998 0.0000 0.0002 0.0000 	1
11:	0.0000 1.0000 0.0000 0.0000 0.0000 	1
12:	0.0000 1.0000 0.0000 0.0000 0.0000 	1
13:	0.3236 0.0000 0.2929 0.0097 0.3739 	2
