1 1 (0) 1 : 0.00000000099999999985 0.00001457680878395985 0.00000000099999999985 0.00000000099999999985 0.47794834673972469430 0.00000000099999999985 0.00000000099999999985 0.00000000099999999985 0.00000000228702755100 0.00000000099999999985 0.36719790230445625845 0.00000000099999999985 0.00000000099999999985 0.15483915986000731935 0.00000000099999999985 0.00000000099999999985 0.00000000099999999985
2 2 (0) 1 : 0.00000000099999999958 0.00000000099999999958 0.00000000099999999958 0.00000000099999999958 0.00000000099999999958 0.99999998400000023047 0.00000000099999999958 0.00000000099999999958 0.00000000099999999958 0.00000000099999999958 0.00000000099999999958 0.00000000099999999958 0.00000000099999999958 0.00000000099999999958 0.00000000099999999958 0.00000000099999999958 0.00000000099999999958
3 3 (0) 1 : 0.00000000099999999946 0.00000000099999999946 0.99999998400000023047 0.00000000099999999946 0.00000000099999999946 0.00000000099999999946 0.00000000099999999946 0.00000000099999999946 0.00000000099999999946 0.00000000099999999946 0.00000000099999999946 0.00000000099999999946 0.00000000099999999946 0.00000000099999999946 0.00000000099999999946 0.00000000099999999946 0.00000000099999999946
4 4 (0) 1 : 0.00000000099999999973 0.57139122652584517503 0.00000000099999999973 0.00000000099999999973 0.42860875847415524920 0.00000000099999999973 0.00000000099999999973 0.00000000099999999973 0.00000000099999999973 0.00000000099999999973 0.00000000099999999973 0.00000000099999999973 0.00000000099999999973 0.00000000099999999973 0.00000000099999999973 0.00000000099999999973 0.00000000099999999973
5 5 (0) 1 : 0.00000000099999999909 0.00000000099999999909 0.00000000099999999909 0.00000000099999999909 0.00000000099999999909 0.00000000099999999909 0.00000000099999999909 0.00000000099999999909 0.00000000099999999909 0.00000000099999999909 0.00000000099999999909 0.99999998400000000842 0.00000000099999999909 0.00000000099999999909 0.00000000099999999909 0.00000000099999999909 0.00000000099999999909
6 6 (0) 1 : 0.00000000099999999952 0.00000000099999999952 0.00000000099999999952 0.00000000099999999952 0.00000000099999999952 0.99999998400000023047 0.00000000099999999952 0.00000000099999999952 0.00000000099999999952 0.00000000099999999952 0.00000000099999999952 0.00000000099999999952 0.00000000099999999952 0.00000000099999999952 0.00000000099999999952 0.00000000099999999952 0.00000000099999999952
7 7 (0) 1 : 0.00000000099999999952 0.99999998400000034149 0.00000000099999999952 0.00000000099999999952 0.00000000099999999952 0.00000000099999999952 0.00000000099999999952 0.00000000099999999952 0.00000000099999999952 0.00000000099999999952 0.00000000099999999952 0.00000000099999999952 0.00000000099999999952 0.00000000099999999952 0.00000000099999999952 0.00000000099999999952 0.00000000099999999952
8 8 (0) 1 : 0.14351431994191973796 0.00000000099999999989 0.00000000099999999989 0.17056806622744402624 0.00000000099999999989 0.00000000099999999989 0.00000000099999999989 0.16491475773117431070 0.00000000099999999989 0.00000000099999999989 0.00000000099999999989 0.05655771589448799208 0.00000000099999999989 0.00000000099999999989 0.00000000099999999989 0.46444512820497368955 0.00000000099999999989
9 9 (0) 1 : 0.00000000099999999960 0.00000000099999999960 0.00000000099999999960 0.00000000099999999960 0.00000000099999999960 0.00000000099999999960 0.00000000099999999960 0.00000000099999999960 0.99999998400000023047 0.00000000099999999960 0.00000000099999999960 0.00000000099999999960 0.00000000099999999960 0.00000000099999999960 0.00000000099999999960 0.00000000099999999960 0.00000000099999999960
10 10 (0) 2 : 0.00000000099999999931 0.00000000099999999931 0.00000000099999999931 0.00000000099999999931 0.99999998400000023047 0.00000000099999999931 0.00000000099999999931 0.00000000099999999931 0.00000000099999999931 0.00000000099999999931 0.00000000099999999931 0.00000000099999999931 0.00000000099999999931 0.00000000099999999931 0.00000000099999999931 0.00000000099999999931 0.00000000099999999931
11 11 (0) 2 : 0.00000000099999999955 0.99999998400000045251 0.00000000099999999955 0.00000000099999999955 0.00000000099999999955 0.00000000099999999955 0.00000000099999999955 0.00000000099999999955 0.00000000099999999955 0.00000000099999999955 0.00000000099999999955 0.00000000099999999955 0.00000000099999999955 0.00000000099999999955 0.00000000099999999955 0.00000000099999999955 0.00000000099999999955
12 12 (0) 2 : 0.00000000099999999914 0.00000000099999999914 0.00000000099999999914 0.00000000099999999914 0.00000000099999999914 0.00000000099999999914 0.00000000099999999914 0.00000000099999999914 0.00000000099999999914 0.00000000099999999914 0.00000000099999999914 0.00000000099999999914 0.99999998400000000842 0.00000000099999999914 0.00000000099999999914 0.00000000099999999914 0.00000000099999999914
13 13 (0) 3 : 0.00000000099999999949 0.00000000099999999949 0.00000000099999999949 0.00000000099999999949 0.99999998400000023047 0.00000000099999999949 0.00000000099999999949 0.00000000099999999949 0.00000000099999999949 0.00000000099999999949 0.00000000099999999949 0.00000000099999999949 0.00000000099999999949 0.00000000099999999949 0.00000000099999999949 0.00000000099999999949 0.00000000099999999949
14 14 (0) 3 : 0.00000000099999999895 0.00000000099999999895 0.00000000099999999895 0.00000000099999999895 0.00000000099999999895 0.00000000099999999895 0.00000000099999999895 0.00000000099999999895 0.00000000099999999895 0.00000000099999999895 0.00000000099999999895 0.00000000099999999895 0.00000000099999999895 0.00000000099999999895 0.99999998399999978638 0.00000000099999999895 0.00000000099999999895
15 15 (0) 3 : 0.00000000099999999957 0.00000000099999999957 0.00000000099999999957 0.99999998400000034149 0.00000000099999999957 0.00000000099999999957 0.00000000099999999957 0.00000000099999999957 0.00000000099999999957 0.00000000099999999957 0.00000000099999999957 0.00000000099999999957 0.00000000099999999957 0.00000000099999999957 0.00000000099999999957 0.00000000099999999957 0.00000000099999999957
16 16 (0) 3 : 0.00000000099999999964 0.00000000099999999964 0.00000000099999999964 0.00000000099999999964 0.00000000099999999964 0.00000000099999999964 0.00000000099999999964 0.00000000099999999964 0.00000000099999999964 0.00000000099999999964 0.00000000099999999964 0.00000000099999999964 0.00000000099999999964 0.99999998400000000842 0.00000000099999999964 0.00000000099999999964 0.00000000099999999964
17 17 (0) 4 : 0.00000000099999999994 0.00000000099999999994 0.00000000099999999994 0.00000000099999999994 0.00000000099999999994 0.00000000099999999994 0.00000000099999999994 0.00000000099999999994 0.00000000099999999994 0.18814244210690383996 0.00000000099999999994 0.00000000099999999994 0.00000000099999999994 0.50214147649477536284 0.30971606739832091559 0.00000000099999999994 0.00000000099999999994
18 18 (0) 4 : 0.00000000099999999952 0.00000000099999999952 0.00000000099999999952 0.00000000099999999952 0.00000000099999999952 0.00000000099999999952 0.00000000099999999952 0.99999998400000023047 0.00000000099999999952 0.00000000099999999952 0.00000000099999999952 0.00000000099999999952 0.00000000099999999952 0.00000000099999999952 0.00000000099999999952 0.00000000099999999952 0.00000000099999999952
19 19 (0) 5 : 0.00000000099999999954 0.00000000099999999954 0.00000000099999999954 0.00000000099999999954 0.00000000099999999954 0.99999998400000034149 0.00000000099999999954 0.00000000099999999954 0.00000000099999999954 0.00000000099999999954 0.00000000099999999954 0.00000000099999999954 0.00000000099999999954 0.00000000099999999954 0.00000000099999999954 0.00000000099999999954 0.00000000099999999954
20 20 (0) 5 : 0.00000000099999999848 0.00000000099999999848 0.00000000099999999848 0.00000000099999999848 0.00000000099999999848 0.00000000099999999848 0.99999998400000011944 0.00000000099999999848 0.00000000099999999848 0.00000000099999999848 0.00000000099999999848 0.00000000099999999848 0.00000000099999999848 0.00000000099999999848 0.00000000099999999848 0.00000000099999999848 0.00000000099999999848
21 21 (0) 5 : 0.00000000099999999955 0.00000000099999999955 0.00000000099999999955 0.00000000099999999955 0.00000000099999999955 0.00000000099999999955 0.00000000099999999955 0.00000000099999999955 0.00000000099999999955 0.00000000099999999955 0.99999998400000011944 0.00000000099999999955 0.00000000099999999955 0.00000000099999999955 0.00000000099999999955 0.00000000099999999955 0.00000000099999999955
22 22 (0) 5 : 0.00000000099999999957 0.00000000099999999957 0.00000000099999999957 0.00000000099999999957 0.99999998400000023047 0.00000000099999999957 0.00000000099999999957 0.00000000099999999957 0.00000000099999999957 0.00000000099999999957 0.00000000099999999957 0.00000000099999999957 0.00000000099999999957 0.00000000099999999957 0.00000000099999999957 0.00000000099999999957 0.00000000099999999957
23 23 (0) 5 : 0.00000000099999999940 0.99999998400000045251 0.00000000099999999940 0.00000000099999999940 0.00000000099999999940 0.00000000099999999940 0.00000000099999999940 0.00000000099999999940 0.00000000099999999940 0.00000000099999999940 0.00000000099999999940 0.00000000099999999940 0.00000000099999999940 0.00000000099999999940 0.00000000099999999940 0.00000000099999999940 0.00000000099999999940
24 24 (0) 5 : 0.00000000099999999960 0.00000000099999999960 0.00000000099999999960 0.00000000099999999960 0.00000000099999999960 0.00000000099999999960 0.00000000099999999960 0.00000000099999999960 0.00000000099999999960 0.00000000099999999960 0.99999998400000000842 0.00000000099999999960 0.00000000099999999960 0.00000000099999999960 0.00000000099999999960 0.00000000099999999960 0.00000000099999999960
25 25 (0) 5 : 0.00000000099999999992 0.00000000099999999992 0.19923984584451953639 0.00000000099999999992 0.00000000099999999992 0.00000000099999999992 0.06429133313072775413 0.00000000099999999992 0.27748350713828007219 0.00000000099999999992 0.41136442222644703515 0.00000000099999999992 0.00000000099999999992 0.04762087966002567091 0.00000000099999999992 0.00000000099999999992 0.00000000099999999992
26 26 (0) 5 : 0.00000000099999999994 0.00000000110962540797 0.00000000099999999994 0.18872406704121205689 0.00000000099999999994 0.01412070801976697716 0.00000000099999999994 0.14588303957057163762 0.00000000099999999994 0.03545582699002312183 0.39471171315452102668 0.10921736859542027775 0.00000000099999999994 0.00000000099999999994 0.00000000099999999994 0.11188726651885960717 0.00000000099999999994
27 27 (0) 5 : 0.00000000099999999996 0.00000000099999999996 0.00000000099999999996 0.00000059978579730513 0.00000000099999999996 0.00000000099999999996 0.00000000099999999996 0.00111255562775300267 0.00000000099999999996 0.00000000099999999996 0.00000000099999999996 0.00000000099999999996 0.00000000099999999996 0.99888682905172210269 0.00000000099999999996 0.00000000253472748772 0.00000000099999999996
28 28 (0) 5 : 0.00000000099999999966 0.00000000099999999966 0.00000000099999999966 0.00000000099999999966 0.00000000099999999966 0.00000000099999999966 0.00000000099999999966 0.00000000099999999966 0.00000000099999999966 0.00000000099999999966 0.00000000099999999966 0.00000000099999999966 0.00000000099999999966 0.99999998400000011944 0.00000000099999999966 0.00000000099999999966 0.00000000099999999966
29 29 (0) 5 : 0.00000000099999999992 0.00000000099999999992 0.00000000099999999992 0.27578695264538222176 0.00000000099999999992 0.00000000099999999992 0.00000000099999999992 0.00007012734911567584 0.00000000099999999992 0.17871707139960926747 0.00000000099999999992 0.00000000099999999992 0.00000000099999999992 0.01795719363806214455 0.04171918542973718225 0.48574945853809325946 0.00000000099999999992
30 30 (0) 5 : 0.00000000099999999963 0.00000000099999999963 0.00000000099999999963 0.99999998400000023047 0.00000000099999999963 0.00000000099999999963 0.00000000099999999963 0.00000000099999999963 0.00000000099999999963 0.00000000099999999963 0.00000000099999999963 0.00000000099999999963 0.00000000099999999963 0.00000000099999999963 0.00000000099999999963 0.00000000099999999963 0.00000000099999999963
31 31 (0) 5 : 0.00000000099999999984 0.00000000099999999984 0.00000000099999999984 0.00000000099999999984 0.46164196626970566140 0.00000000099999999984 0.00000000099999999984 0.53835801873029442977 0.00000000099999999984 0.00000000099999999984 0.00000000099999999984 0.00000000099999999984 0.00000000099999999984 0.00000000099999999984 0.00000000099999999984 0.00000000099999999984 0.00000000099999999984
32 32 (0) 5 : 0.00000000099999999921 0.00000000099999999921 0.00000000099999999921 0.00000000099999999921 0.00000000099999999921 0.00000000099999999921 0.00000000099999999921 0.00000000099999999921 0.00000000099999999921 0.00000000099999999921 0.00000000099999999921 0.99999998400000000842 0.00000000099999999921 0.00000000099999999921 0.00000000099999999921 0.00000000099999999921 0.00000000099999999921
33 33 (0) 5 : 0.00000000099999999930 0.00000000099999999930 0.00000000099999999930 0.00000000099999999930 0.00000000099999999930 0.00000000099999999930 0.00000000099999999930 0.00000000099999999930 0.00000000099999999930 0.00000000099999999930 0.00000000099999999930 0.00000000099999999930 0.99999998400000000842 0.00000000099999999930 0.00000000099999999930 0.00000000099999999930 0.00000000099999999930
34 34 (0) 5 : 0.00000000099999999945 0.00000000099999999945 0.00000000099999999945 0.00000000099999999945 0.00000000099999999945 0.00000000099999999945 0.00000000099999999945 0.00000000099999999945 0.00000000099999999945 0.99999998400000023047 0.00000000099999999945 0.00000000099999999945 0.00000000099999999945 0.00000000099999999945 0.00000000099999999945 0.00000000099999999945 0.00000000099999999945
35 35 (0) 5 : 0.00000000099999999941 0.00000000099999999941 0.00000000099999999941 0.00000000099999999941 0.00000000099999999941 0.00000000099999999941 0.00000000099999999941 0.99999998400000023047 0.00000000099999999941 0.00000000099999999941 0.00000000099999999941 0.00000000099999999941 0.00000000099999999941 0.00000000099999999941 0.00000000099999999941 0.00000000099999999941 0.00000000099999999941
36 36 (0) 6 : 0.18340148757887475561 0.00000000099999999992 0.00000000099999999992 0.00000000099999999992 0.00000000099999999992 0.43679280540836340485 0.00000000099999999992 0.00000000099999999992 0.00000000099999999992 0.33773809284905931261 0.00000000099999999992 0.00000000099999999992 0.00000000099999999992 0.04155971538018164019 0.00000000099999999992 0.00050788678352119111 0.00000000099999999992
37 37 (0) 6 : 0.00000000099999999943 0.00000000099999999943 0.00000000099999999943 0.00000000099999999943 0.00000000099999999943 0.00000000099999999943 0.00000000099999999943 0.00000000099999999943 0.00000000099999999943 0.00000000099999999943 0.00000000099999999943 0.00000000099999999943 0.00000000099999999943 0.99999998400000000842 0.00000000099999999943 0.00000000099999999943 0.00000000099999999943
38 38 (0) 6 : 0.00000000099999999955 0.00000000099999999955 0.00000000099999999955 0.00000000099999999955 0.00000000099999999955 0.00000000099999999955 0.00000000099999999955 0.00000000099999999955 0.00000000099999999955 0.00000000099999999955 0.00000000099999999955 0.00000000099999999955 0.00000000099999999955 0.00000000099999999955 0.00000000099999999955 0.99999998399999989740 0.00000000099999999955
39 39 (0) 6 : 0.00000000099999999950 0.00000000099999999950 0.00000000099999999950 0.00000000099999999950 0.00000000099999999950 0.00000000099999999950 0.00000000099999999950 0.00000000099999999950 0.00000000099999999950 0.00000000099999999950 0.00000000099999999950 0.00000000099999999950 0.99999998400000000842 0.00000000099999999950 0.00000000099999999950 0.00000000099999999950 0.00000000099999999950
40 40 (0) 6 : 0.00000000099999999955 0.00000000099999999955 0.00000000099999999955 0.00000000099999999955 0.00000000099999999955 0.00000000099999999955 0.00000000099999999955 0.00000000099999999955 0.00000000099999999955 0.99999998400000011944 0.00000000099999999955 0.00000000099999999955 0.00000000099999999955 0.00000000099999999955 0.00000000099999999955 0.00000000099999999955 0.00000000099999999955
41 41 (0) 6 : 0.99999998400000034149 0.00000000099999999918 0.00000000099999999918 0.00000000099999999918 0.00000000099999999918 0.00000000099999999918 0.00000000099999999918 0.00000000099999999918 0.00000000099999999918 0.00000000099999999918 0.00000000099999999918 0.00000000099999999918 0.00000000099999999918 0.00000000099999999918 0.00000000099999999918 0.00000000099999999918 0.00000000099999999918
42 42 (0) 6 : 0.00000000099999999953 0.00000000099999999953 0.00000000099999999953 0.00000000099999999953 0.00000000099999999953 0.00000000099999999953 0.00000000099999999953 0.00000000099999999953 0.00000000099999999953 0.99999998400000011944 0.00000000099999999953 0.00000000099999999953 0.00000000099999999953 0.00000000099999999953 0.00000000099999999953 0.00000000099999999953 0.00000000099999999953
43 43 (0) 6 : 0.00000000099999999946 0.00000000099999999946 0.00000000099999999946 0.00000000099999999946 0.00000000099999999946 0.00000000099999999946 0.00000000099999999946 0.99999998400000011944 0.00000000099999999946 0.00000000099999999946 0.00000000099999999946 0.00000000099999999946 0.00000000099999999946 0.00000000099999999946 0.00000000099999999946 0.00000000099999999946 0.00000000099999999946
44 44 (0) 6 : 0.00000000099999999991 0.00000000099999999991 0.00000000099999999991 0.18193717108869275623 0.00000000099999999991 0.18987144906309930126 0.00000000099999999991 0.00000000099999999991 0.00000000099999999991 0.25587429191447469412 0.00000000099999999991 0.00000000099999999991 0.10781729484967562949 0.00000000099999999991 0.02650605021374217302 0.23799373187031547250 0.00000000099999999991
45 45 (0) 6 : 0.00000000099999999973 0.00000000099999999973 0.00000000099999999973 0.48547840792459634462 0.00000000099999999973 0.00000000099999999973 0.00000000099999999973 0.00000000099999999973 0.00000000099999999973 0.00000000099999999973 0.00000000099999999973 0.00000000099999999973 0.51452157707540358000 0.00000000099999999973 0.00000000099999999973 0.00000000099999999973 0.00000000099999999973
46 46 (0) 6 : 0.00000000099999999864 0.00000000099999999864 0.00000000099999999864 0.00000000099999999864 0.00000000099999999864 0.00000000099999999864 0.99999998400000000842 0.00000000099999999864 0.00000000099999999864 0.00000000099999999864 0.00000000099999999864 0.00000000099999999864 0.00000000099999999864 0.00000000099999999864 0.00000000099999999864 0.00000000099999999864 0.00000000099999999864
47 47 (0) 6 : 0.00000000099999999983 0.00000000099999999983 0.00000000099999999983 0.59598404619806832905 0.00000000099999999983 0.40401593880193187314 0.00000000099999999983 0.00000000099999999983 0.00000000099999999983 0.00000000099999999983 0.00000000099999999983 0.00000000099999999983 0.00000000099999999983 0.00000000099999999983 0.00000000099999999983 0.00000000099999999983 0.00000000099999999983
48 48 (0) 7 : 0.00000000099999999965 0.00000000099999999965 0.00000000099999999965 0.00000000099999999965 0.00000000099999999965 0.00000000099999999965 0.00000000099999999965 0.00000000099999999965 0.00000000099999999965 0.00000000099999999965 0.00000000099999999965 0.00000000099999999965 0.00000000099999999965 0.00000000099999999965 0.00000000099999999965 0.99999998399999989740 0.00000000099999999965
49 49 (0) 7 : 0.00000000099999999997 0.00000000099999999997 0.20137043735585299919 0.23570586155732264899 0.00000000099999999997 0.00177234290094889957 0.02682356229171020678 0.00082545991733890618 0.09674631178516875096 0.14069793179395864713 0.22515314220656032496 0.07090494219113872842 0.00000000099999999997 0.00000000099999999997 0.00000000099999999997 0.00000000099999999997 0.00000000099999999997
50 50 (0) 7 : 0.16783728343383932935 0.00000000099999999990 0.00000000099999999990 0.00000000099999999990 0.00000000099999999990 0.31682845409300042228 0.00000000099999999990 0.00000000099999999990 0.00000000099999999990 0.00000000099999999990 0.00000000099999999990 0.00000000099999999990 0.00000000099999999990 0.00000000099999999990 0.00000000099999999990 0.51533424847315989492 0.00000000099999999990
51 51 (0) 8 : 0.00000000099999999989 0.00000000099999999989 0.00000000099999999989 0.00000000099999999989 0.00000000099999999989 0.00000000099999999989 0.00000000099999999989 0.00000000099999999989 0.00000000099999999989 0.00000000099999999989 0.00000000099999999989 0.00000000099999999989 0.46540596592284183552 0.05237429805276937189 0.00000000099999999989 0.48216638696459379609 0.00005333605979505696
52 52 (0) 8 : 0.00000000099999999993 0.00000000099999999993 0.00000000099999999993 0.00000000099999999993 0.00000000099999999993 0.00000000099999999993 0.00000000099999999993 0.00000000099999999993 0.00000000099999999993 0.33246919972141297794 0.00000000099999999993 0.00000000099999999993 0.18593026686687555427 0.13463589033503248205 0.00000000099999999993 0.34696463007667888157 0.00000000099999999993
53 53 (0) 9 : 0.99999998400000045251 0.00000000099999999913 0.00000000099999999913 0.00000000099999999913 0.00000000099999999913 0.00000000099999999913 0.00000000099999999913 0.00000000099999999913 0.00000000099999999913 0.00000000099999999913 0.00000000099999999913 0.00000000099999999913 0.00000000099999999913 0.00000000099999999913 0.00000000099999999913 0.00000000099999999913 0.00000000099999999913
54 54 (0) 10 : 0.00000000099999999941 0.00000000099999999941 0.00000000099999999941 0.00000000099999999941 0.00000000099999999941 0.99999998400000034149 0.00000000099999999941 0.00000000099999999941 0.00000000099999999941 0.00000000099999999941 0.00000000099999999941 0.00000000099999999941 0.00000000099999999941 0.00000000099999999941 0.00000000099999999941 0.00000000099999999941 0.00000000099999999941
55 55 (0) 10 : 0.00000000099999999940 0.00000000099999999940 0.00000000099999999940 0.00000000099999999940 0.99999998400000023047 0.00000000099999999940 0.00000000099999999940 0.00000000099999999940 0.00000000099999999940 0.00000000099999999940 0.00000000099999999940 0.00000000099999999940 0.00000000099999999940 0.00000000099999999940 0.00000000099999999940 0.00000000099999999940 0.00000000099999999940
56 56 (0) 10 : 0.00000000099999999956 0.00000000099999999956 0.00000000099999999956 0.00000000099999999956 0.00000000099999999956 0.00000000099999999956 0.00000000099999999956 0.00000000099999999956 0.00000000099999999956 0.00000000099999999956 0.00000000099999999956 0.00000000099999999956 0.00000000099999999956 0.99999998400000011944 0.00000000099999999956 0.00000000099999999956 0.00000000099999999956
57 57 (0) 10 : 0.00000000099999999930 0.00000000099999999930 0.00000000099999999930 0.00000000099999999930 0.00000000099999999930 0.00000000099999999930 0.00000000099999999930 0.99999998400000011944 0.00000000099999999930 0.00000000099999999930 0.00000000099999999930 0.00000000099999999930 0.00000000099999999930 0.00000000099999999930 0.00000000099999999930 0.00000000099999999930 0.00000000099999999930
58 58 (0) 11 : 0.00000000099999999997 0.00000000099999999997 0.00000011218440902107 0.03895433802148980107 0.00000000099999999997 0.19492798352356083269 0.00000000099999999997 0.00000000099999999997 0.00000000099999999997 0.25241474524536644530 0.00000001149093066794 0.00000000099999999997 0.00095225109199230222 0.08715421895022287813 0.00000000099999999997 0.39938212040334314379 0.02621421108868469269
59 59 (0) 11 : 0.00000000099999999968 0.99999998400000045251 0.00000000099999999968 0.00000000099999999968 0.00000000099999999968 0.00000000099999999968 0.00000000099999999968 0.00000000099999999968 0.00000000099999999968 0.00000000099999999968 0.00000000099999999968 0.00000000099999999968 0.00000000099999999968 0.00000000099999999968 0.00000000099999999968 0.00000000099999999968 0.00000000099999999968
60 60 (0) 11 : 0.00000000099999999997 0.00000000099999999997 0.00000000099999999997 0.00000000099999999997 0.00000000099999999997 0.00000000099999999997 0.00000000099999999997 0.00000000099999999997 0.00000000099999999997 0.00000000404476666889 0.00000000099999999997 0.00000000099999999997 0.00000000346405294743 0.90294719219829200352 0.00000000099999999997 0.09705278729288853434 0.00000000099999999997
61 61 (0) 11 : 0.00000000099999999954 0.00000000099999999954 0.00000000099999999954 0.00000000099999999954 0.00000000099999999954 0.00000000099999999954 0.00000000099999999954 0.00000000099999999954 0.00000000099999999954 0.00000000099999999954 0.00000000099999999954 0.00000000099999999954 0.00000000099999999954 0.00000000099999999954 0.00000000099999999954 0.99999998399999989740 0.00000000099999999954
62 62 (0) 11 : 0.00000000099999999961 0.00000000099999999961 0.00000000099999999961 0.99999998400000023047 0.00000000099999999961 0.00000000099999999961 0.00000000099999999961 0.00000000099999999961 0.00000000099999999961 0.00000000099999999961 0.00000000099999999961 0.00000000099999999961 0.00000000099999999961 0.00000000099999999961 0.00000000099999999961 0.00000000099999999961 0.00000000099999999961
63 63 (0) 11 : 0.00000000099999999950 0.00000000099999999950 0.00000000099999999950 0.00000000099999999950 0.00000000099999999950 0.00000000099999999950 0.00000000099999999950 0.00000000099999999950 0.00000000099999999950 0.00000000099999999950 0.00000000099999999950 0.00000000099999999950 0.00000000099999999950 0.00000000099999999950 0.00000000099999999950 0.00000000099999999950 0.99999998400000000842
64 64 (0) 11 : 0.00000000099999999908 0.00000000099999999908 0.00000000099999999908 0.00000000099999999908 0.00000000099999999908 0.00000000099999999908 0.00000000099999999908 0.00000000099999999908 0.00000000099999999908 0.00000000099999999908 0.00000000099999999908 0.00000000099999999908 0.00000000099999999908 0.00000000099999999908 0.00000000099999999908 0.00000000099999999908 0.99999998400000000842
65 65 (0) 11 : 0.00000000099999999939 0.00000000099999999939 0.00000000099999999939 0.00000000099999999939 0.00000000099999999939 0.00000000099999999939 0.00000000099999999939 0.00000000099999999939 0.00000000099999999939 0.00000000099999999939 0.00000000099999999939 0.00000000099999999939 0.00000000099999999939 0.99999998400000000842 0.00000000099999999939 0.00000000099999999939 0.00000000099999999939
66 66 (0) 11 : 0.00000000099999999901 0.00000000099999999901 0.00000000099999999901 0.00000000099999999901 0.00000000099999999901 0.00000000099999999901 0.00000000099999999901 0.00000000099999999901 0.00000000099999999901 0.00000000099999999901 0.00000000099999999901 0.00000000099999999901 0.00000000099999999901 0.00000000099999999901 0.00000000099999999901 0.00000000099999999901 0.99999998399999989740
67 67 (0) 11 : 0.00000000099999999955 0.00000000099999999955 0.00000000099999999955 0.00000000099999999955 0.00000000099999999955 0.00000000099999999955 0.00000000099999999955 0.00000000099999999955 0.99999998400000011944 0.00000000099999999955 0.00000000099999999955 0.00000000099999999955 0.00000000099999999955 0.00000000099999999955 0.00000000099999999955 0.00000000099999999955 0.00000000099999999955
68 68 (0) 11 : 0.00000000099999999992 0.00000000099999999992 0.54158624308429048622 0.00000000099999999992 0.00000000099999999992 0.00000000099999999992 0.00000000099999999992 0.00000000099999999992 0.00000000099999999992 0.00000000099999999992 0.00000000099999999992 0.00000000099999999992 0.00000000099999999992 0.45841374191570977148 0.00000000099999999992 0.00000000099999999992 0.00000000099999999992
69 69 (0) 11 : 0.00000000099999999993 0.00000000099999999993 0.00000000099999999993 0.52954761032715114144 0.00000000099999999993 0.00000000099999999993 0.00000000099999999993 0.00000000099999999993 0.00000000099999999993 0.00000000099999999993 0.00000000099999999993 0.00000000099999999993 0.00000000099999999993 0.47045237467284917177 0.00000000099999999993 0.00000000099999999993 0.00000000099999999993
70 70 (0) 11 : 0.00000000099999999948 0.00000000099999999948 0.00000000099999999948 0.99999998400000034149 0.00000000099999999948 0.00000000099999999948 0.00000000099999999948 0.00000000099999999948 0.00000000099999999948 0.00000000099999999948 0.00000000099999999948 0.00000000099999999948 0.00000000099999999948 0.00000000099999999948 0.00000000099999999948 0.00000000099999999948 0.00000000099999999948
71 71 (0) 11 : 0.00000000099999999989 0.00000000099999999989 0.00000000099999999989 0.00000000099999999989 0.00000000099999999989 0.00000000099999999989 0.00000000099999999989 0.00000000099999999989 0.64544293134659369571 0.00000000099999999989 0.00000000099999999989 0.17599451194999393699 0.00000000099999999989 0.17856254270341237467 0.00000000099999999989 0.00000000099999999989 0.00000000099999999989
72 72 (0) 12 : 0.00000000099999999954 0.00000000099999999954 0.99999998400000034149 0.00000000099999999954 0.00000000099999999954 0.00000000099999999954 0.00000000099999999954 0.00000000099999999954 0.00000000099999999954 0.00000000099999999954 0.00000000099999999954 0.00000000099999999954 0.00000000099999999954 0.00000000099999999954 0.00000000099999999954 0.00000000099999999954 0.00000000099999999954
73 73 (0) 12 : 0.00000000099999999942 0.00000000099999999942 0.99999998400000034149 0.00000000099999999942 0.00000000099999999942 0.00000000099999999942 0.00000000099999999942 0.00000000099999999942 0.00000000099999999942 0.00000000099999999942 0.00000000099999999942 0.00000000099999999942 0.00000000099999999942 0.00000000099999999942 0.00000000099999999942 0.00000000099999999942 0.00000000099999999942
74 74 (0) 12 : 0.00000000099999999959 0.00000000099999999959 0.00000000099999999959 0.00000000099999999959 0.00000000099999999959 0.00000000099999999959 0.00000000099999999959 0.00000000099999999959 0.00000000099999999959 0.00000000099999999959 0.99999998400000011944 0.00000000099999999959 0.00000000099999999959 0.00000000099999999959 0.00000000099999999959 0.00000000099999999959 0.00000000099999999959
75 75 (0) 12 : 0.04402669315024933250 0.00000093385141456548 0.18063453166488718793 0.00000000099999999999 0.07640510505167744104 0.01085493785543870104 0.00000026971667246820 0.00000000099999999999 0.11372469730602045856 0.20322410946833516232 0.06292339804730706643 0.03948346536623532216 0.00000000099999999999 0.10098175189550433195 0.00000000099999999999 0.14941524492338872920 0.01832485770286915519
76 76 (0) 12 : 0.00000000099999999963 0.00000000099999999963 0.00000000099999999963 0.00000000099999999963 0.00000000099999999963 0.00000000099999999963 0.00000000099999999963 0.00000000099999999963 0.00000000099999999963 0.00000000099999999963 0.99999998400000000842 0.00000000099999999963 0.00000000099999999963 0.00000000099999999963 0.00000000099999999963 0.00000000099999999963 0.00000000099999999963
77 77 (0) 12 : 0.00000000099999999985 0.00000000099999999985 0.00000000099999999985 0.00000000099999999985 0.00000000099999999985 0.00000000099999999985 0.00000000099999999985 0.34727783705440101736 0.00000000099999999985 0.00000000099999999985 0.00000000099999999985 0.00000000099999999985 0.16669217210974549004 0.00000000099999999985 0.00000000099999999985 0.48602997683585341671 0.00000000099999999985
78 78 (0) 12 : 0.24899202497819564184 0.00000000099999999990 0.00000000099999999990 0.00000000099999999990 0.00000000099999999990 0.00000000099999999990 0.00000000099999999990 0.00000000099999999990 0.00000000099999999990 0.00000000099999999990 0.00000000099999999990 0.00000000099999999990 0.00000000099999999990 0.00000000099999999990 0.00000000099999999990 0.75100796002180436606 0.00000000099999999990
79 79 (0) 12 : 0.00000000099999999943 0.00000000099999999943 0.99999998400000023047 0.00000000099999999943 0.00000000099999999943 0.00000000099999999943 0.00000000099999999943 0.00000000099999999943 0.00000000099999999943 0.00000000099999999943 0.00000000099999999943 0.00000000099999999943 0.00000000099999999943 0.00000000099999999943 0.00000000099999999943 0.00000000099999999943 0.00000000099999999943
80 80 (0) 12 : 0.00000000099999999971 0.00000000099999999971 0.00000000099999999971 0.00000000099999999971 0.00000000099999999971 0.00000000099999999971 0.00000000099999999971 0.00000000099999999971 0.00000000099999999971 0.99999998400000023047 0.00000000099999999971 0.00000000099999999971 0.00000000099999999971 0.00000000099999999971 0.00000000099999999971 0.00000000099999999971 0.00000000099999999971
81 81 (0) 13 : 0.00000000099999999936 0.00000000099999999936 0.00000000099999999936 0.00000000099999999936 0.00000000099999999936 0.00000000099999999936 0.00000000099999999936 0.00000000099999999936 0.00000000099999999936 0.00000000099999999936 0.00000000099999999936 0.00000000099999999936 0.00000000099999999936 0.99999998400000000842 0.00000000099999999936 0.00000000099999999936 0.00000000099999999936
82 82 (0) 13 : 0.00000000099999999961 0.00000000099999999961 0.00000000099999999961 0.00000000099999999961 0.00000000099999999961 0.00000000099999999961 0.00000000099999999961 0.00000000099999999961 0.99999998400000011944 0.00000000099999999961 0.00000000099999999961 0.00000000099999999961 0.00000000099999999961 0.00000000099999999961 0.00000000099999999961 0.00000000099999999961 0.00000000099999999961
83 83 (0) 13 : 0.00000000099999999951 0.99999998400000045251 0.00000000099999999951 0.00000000099999999951 0.00000000099999999951 0.00000000099999999951 0.00000000099999999951 0.00000000099999999951 0.00000000099999999951 0.00000000099999999951 0.00000000099999999951 0.00000000099999999951 0.00000000099999999951 0.00000000099999999951 0.00000000099999999951 0.00000000099999999951 0.00000000099999999951
84 84 (0) 13 : 0.00000000099999999956 0.00000000099999999956 0.00000000099999999956 0.00000000099999999956 0.00000000099999999956 0.00000000099999999956 0.00000000099999999956 0.00000000099999999956 0.99999998400000023047 0.00000000099999999956 0.00000000099999999956 0.00000000099999999956 0.00000000099999999956 0.00000000099999999956 0.00000000099999999956 0.00000000099999999956 0.00000000099999999956
85 85 (0) 13 : 0.00000000099999999959 0.00000000099999999959 0.00000000099999999959 0.00000000099999999959 0.00000000099999999959 0.00000000099999999959 0.00000000099999999959 0.00000000099999999959 0.00000000099999999959 0.00000000099999999959 0.99999998400000011944 0.00000000099999999959 0.00000000099999999959 0.00000000099999999959 0.00000000099999999959 0.00000000099999999959 0.00000000099999999959
86 86 (0) 13 : 0.00000000099999999965 0.00000000099999999965 0.00000000099999999965 0.00000000099999999965 0.00000000099999999965 0.00000000099999999965 0.00000000099999999965 0.00000000099999999965 0.00000000099999999965 0.00000000099999999965 0.99999998400000000842 0.00000000099999999965 0.00000000099999999965 0.00000000099999999965 0.00000000099999999965 0.00000000099999999965 0.00000000099999999965
87 87 (0) 13 : 0.00000000099999999970 0.00000000099999999970 0.00000000099999999970 0.00000000099999999970 0.00000000099999999970 0.00000000099999999970 0.00000000099999999970 0.00000000099999999970 0.00000000099999999970 0.00000000099999999970 0.00000000099999999970 0.00000000099999999970 0.00000000099999999970 0.00000000099999999970 0.00000000099999999970 0.99999998400000000842 0.00000000099999999970
88 88 (0) 13 : 0.00000000099999999980 0.00000000099999999980 0.00000000099999999980 0.00000000099999999980 0.33613650185205012910 0.00000000099999999980 0.00000000099999999980 0.00000000099999999980 0.66386348314795007308 0.00000000099999999980 0.00000000099999999980 0.00000000099999999980 0.00000000099999999980 0.00000000099999999980 0.00000000099999999980 0.00000000099999999980 0.00000000099999999980
89 89 (0) 13 : 0.00000000099999999977 0.32786942219968123746 0.00000000554087616812 0.00000000099999999977 0.00000000099999999977 0.00000000099999999977 0.00000000099999999977 0.00000000099999999977 0.67213055825944267863 0.00000000099999999977 0.00000000099999999977 0.00000000099999999977 0.00000000099999999977 0.00000000099999999977 0.00000000099999999977 0.00000000099999999977 0.00000000099999999977
90 90 (0) 13 : 0.00000000099999999914 0.00000000099999999914 0.00000000099999999914 0.00000000099999999914 0.00000000099999999914 0.00000000099999999914 0.00000000099999999914 0.00000000099999999914 0.00000000099999999914 0.00000000099999999914 0.00000000099999999914 0.99999998400000000842 0.00000000099999999914 0.00000000099999999914 0.00000000099999999914 0.00000000099999999914 0.00000000099999999914
91 91 (0) 13 : 0.00000000099999999956 0.00000000099999999956 0.00000000099999999956 0.00000000099999999956 0.56551082055001988813 0.00000000099999999956 0.00000000099999999956 0.00000000099999999956 0.00000000099999999956 0.00000000099999999956 0.00000000099999999956 0.00000000099999999956 0.00000000099999999956 0.43448916444998036956 0.00000000099999999956 0.00000000099999999956 0.00000000099999999956
92 92 (0) 13 : 0.00000000099999999955 0.00000000099999999955 0.99999998400000023047 0.00000000099999999955 0.00000000099999999955 0.00000000099999999955 0.00000000099999999955 0.00000000099999999955 0.00000000099999999955 0.00000000099999999955 0.00000000099999999955 0.00000000099999999955 0.00000000099999999955 0.00000000099999999955 0.00000000099999999955 0.00000000099999999955 0.00000000099999999955
93 93 (0) 13 : 0.00000000099999999954 0.00000000099999999954 0.00000000099999999954 0.00000000099999999954 0.00000000099999999954 0.99999998400000023047 0.00000000099999999954 0.00000000099999999954 0.00000000099999999954 0.00000000099999999954 0.00000000099999999954 0.00000000099999999954 0.00000000099999999954 0.00000000099999999954 0.00000000099999999954 0.00000000099999999954 0.00000000099999999954
94 94 (0) 13 : 0.00000000099999999957 0.00000000099999999957 0.00000000099999999957 0.00000000099999999957 0.00000000099999999957 0.00000000099999999957 0.00000000099999999957 0.00000000099999999957 0.99999998400000011944 0.00000000099999999957 0.00000000099999999957 0.00000000099999999957 0.00000000099999999957 0.00000000099999999957 0.00000000099999999957 0.00000000099999999957 0.00000000099999999957
95 95 (0) 14 : 0.00000000099999999960 0.00000000099999999960 0.00000000099999999960 0.00000000099999999960 0.00000000099999999960 0.00000000099999999960 0.00000000099999999960 0.00000000099999999960 0.00000000099999999960 0.00000000099999999960 0.00000000099999999960 0.00000000099999999960 0.00000000099999999960 0.00000000099999999960 0.00000000099999999960 0.99999998399999989740 0.00000000099999999960
96 96 (0) 14 : 0.00000000099999999984 0.00000000099999999984 0.00000000099999999984 0.00000000099999999984 0.35262070148273766401 0.00000000099999999984 0.00000000099999999984 0.00000000099999999984 0.64737928351726248266 0.00000000099999999984 0.00000000099999999984 0.00000000099999999984 0.00000000099999999984 0.00000000099999999984 0.00000000099999999984 0.00000000099999999984 0.00000000099999999984
97 97 (0) 15 : 0.00000000099999999935 0.00000000099999999935 0.00000000099999999935 0.00000000099999999935 0.00000000099999999935 0.00000000099999999935 0.00000000099999999935 0.00000000099999999935 0.00000000099999999935 0.00000000099999999935 0.00000000099999999935 0.00000000099999999935 0.00000000099999999935 0.99999998400000011944 0.00000000099999999935 0.00000000099999999935 0.00000000099999999935
98 98 (0) 15 : 0.00000000099999999943 0.00000000099999999943 0.00000000099999999943 0.00000000099999999943 0.00000000099999999943 0.00000000099999999943 0.00000000099999999943 0.00000000099999999943 0.00000000099999999943 0.99999998400000023047 0.00000000099999999943 0.00000000099999999943 0.00000000099999999943 0.00000000099999999943 0.00000000099999999943 0.00000000099999999943 0.00000000099999999943
99 99 (0) 15 : 0.00000000099999999979 0.00000000099999999979 0.00000000099999999979 0.00000000099999999979 0.00000000099999999979 0.00000000099999999979 0.00000000099999999979 0.00000000099999999979 0.00000000099999999979 0.00000000099999999979 0.48335653211043005939 0.00000000099999999979 0.00000000099999999979 0.00000000099999999979 0.51664345288956992075 0.00000000099999999979 0.00000000099999999979
100 100 (0) 15 : 0.00490927643863538470 0.00000000099999999994 0.00000000099999999994 0.29054024951567902768 0.00000000099999999994 0.14220752210156900608 0.00000000099999999994 0.24033476636569420237 0.00000000099999999994 0.00232777578307370942 0.00000000099999999994 0.00000000099999999994 0.13490576914378829554 0.00000000099999999994 0.00526704087822833181 0.17950715229138025641 0.00000043948195180595
101 101 (0) 15 : 0.00000000099999999901 0.00000000099999999901 0.00000000099999999901 0.00000000099999999901 0.00000000099999999901 0.00000000099999999901 0.00000000099999999901 0.00000000099999999901 0.00000000099999999901 0.00000000099999999901 0.00000000099999999901 0.00000000099999999901 0.00000000099999999901 0.00000000099999999901 0.99999998400000000842 0.00000000099999999901 0.00000000099999999901
102 102 (0) 15 : 0.00000000099999999956 0.00000000099999999956 0.00000000099999999956 0.99999998400000023047 0.00000000099999999956 0.00000000099999999956 0.00000000099999999956 0.00000000099999999956 0.00000000099999999956 0.00000000099999999956 0.00000000099999999956 0.00000000099999999956 0.00000000099999999956 0.00000000099999999956 0.00000000099999999956 0.00000000099999999956 0.00000000099999999956
103 103 (0) 15 : 0.99999998400000045251 0.00000000099999999922 0.00000000099999999922 0.00000000099999999922 0.00000000099999999922 0.00000000099999999922 0.00000000099999999922 0.00000000099999999922 0.00000000099999999922 0.00000000099999999922 0.00000000099999999922 0.00000000099999999922 0.00000000099999999922 0.00000000099999999922 0.00000000099999999922 0.00000000099999999922 0.00000000099999999922
104 104 (0) 15 : 0.00000000099999999944 0.00000000099999999944 0.00000000099999999944 0.00000000099999999944 0.00000000099999999944 0.00000000099999999944 0.00000000099999999944 0.00000000099999999944 0.00000000099999999944 0.00000000099999999944 0.00000000099999999944 0.00000000099999999944 0.00000000099999999944 0.00000000099999999944 0.99999998399999989740 0.00000000099999999944 0.00000000099999999944
105 105 (0) 15 : 0.00000000099999999915 0.00000000099999999915 0.00000000099999999915 0.00000000099999999915 0.00000000099999999915 0.00000000099999999915 0.00000000099999999915 0.00000000099999999915 0.00000000099999999915 0.00000000099999999915 0.00000000099999999915 0.00000000099999999915 0.00000000099999999915 0.00000000099999999915 0.99999998400000000842 0.00000000099999999915 0.00000000099999999915
