1 1 (0) 1 : 0.11793572725683809654 0.00000000100000000000 0.00075528905833949689 0.12002636756967927090 0.41346651311421889208 0.15646159079409316384 0.00000055010715844043 0.00000000100000000000 0.12092038520394453316 0.07043357489572793506
2 2 (0) 1 : 0.00000000099999999988 0.00000000099999999988 0.00000000099999999988 0.00000000099999999988 0.99999575505876114878 0.00000000099999999988 0.00000423694123884784 0.00000000099999999988 0.00000000099999999988 0.00000000099999999988
3 3 (0) 1 : 0.00000000099999999975 0.00000000099999999975 0.00000000099999999975 0.00000000099999999975 0.00000000099999999975 0.00000000099999999975 0.00000000099999999975 0.99999999100000003249 0.00000000099999999975 0.00000000099999999975
4 4 (0) 1 : 0.00000000099999999999 0.07019111667478726557 0.45774725514878134014 0.04618153379876581421 0.00000000099999999999 0.00000000099999999999 0.07695812990644114449 0.31843180229466006015 0.00000000099999999999 0.03049015817656435326
5 5 (0) 1 : 0.34836404631333711679 0.00000000099999999998 0.54634434542270782220 0.06253029580896338202 0.00000000099999999998 0.00000000099999999998 0.04276023183934921784 0.00000000099999999998 0.00000107561564245542 0.00000000099999999998
6 6 (0) 1 : 0.12234909147240982663 0.02405908192246948921 0.13884915267937059102 0.03353192087056041520 0.41677355057530379723 0.00000117634702907633 0.00000000099999999999 0.26443602313285663463 0.00000000099999999999 0.00000000099999999999
7 7 (0) 1 : 0.00000000099999999982 0.00000000099999999982 0.99999999100000014352 0.00000000099999999982 0.00000000099999999982 0.00000000099999999982 0.00000000099999999982 0.00000000099999999982 0.00000000099999999982 0.00000000099999999982
8 8 (0) 2 : 0.00000501161801152108 0.00000000099999999998 0.43296956100869643524 0.00000000099999999998 0.31677189759436003014 0.00000000099999999998 0.05062404047625190806 0.00000000099999999998 0.11700760897673576078 0.08262187632594433784
9 9 (0) 2 : 0.00000000099999999962 0.00000000099999999962 0.00000000099999999962 0.00000000099999999962 0.00000000099999999962 0.00000000099999999962 0.00000000099999999962 0.00000000099999999962 0.00000000099999999962 0.99999999099999992147
10 10 (0) 2 : 0.00000000099999999942 0.00000000099999999942 0.00000000099999999942 0.00000000099999999942 0.00000000099999999942 0.00000000099999999942 0.00000000099999999942 0.00000000099999999942 0.00000000099999999942 0.99999999100000003249
11 11 (0) 2 : 0.00000000099999999976 0.00000000099999999976 0.00000000099999999976 0.00000000099999999976 0.00000000099999999976 0.00000000099999999976 0.00000000099999999976 0.00000000099999999976 0.00000000099999999976 0.99999999099999992147
12 12 (0) 2 : 0.00000000099999999980 0.99999999100000025454 0.00000000099999999980 0.00000000099999999980 0.00000000099999999980 0.00000000099999999980 0.00000000099999999980 0.00000000099999999980 0.00000000099999999980 0.00000000099999999980
13 13 (0) 2 : 0.00000000099999999982 0.00000000099999999982 0.00000000099999999982 0.00000000099999999982 0.00000000099999999982 0.99999999100000014352 0.00000000099999999982 0.00000000099999999982 0.00000000099999999982 0.00000000099999999982
14 14 (0) 3 : 0.00000000099999999979 0.00000000099999999979 0.99999999100000003249 0.00000000099999999979 0.00000000099999999979 0.00000000099999999979 0.00000000099999999979 0.00000000099999999979 0.00000000099999999979 0.00000000099999999979
15 15 (0) 3 : 0.00000000099999999989 0.00000000099999999989 0.00000000099999999989 0.00000000099999999989 0.99999999100000014352 0.00000000099999999989 0.00000000099999999989 0.00000000099999999989 0.00000000099999999989 0.00000000099999999989
16 16 (0) 3 : 0.00000000099999999975 0.00000000099999999975 0.00000000099999999975 0.00000000099999999975 0.00000000099999999975 0.00000000099999999975 0.00000000099999999975 0.99999999100000003249 0.00000000099999999975 0.00000000099999999975
17 17 (0) 3 : 0.00000000099999999978 0.00000000099999999978 0.00000000099999999978 0.00000000099999999978 0.00000000099999999978 0.99999999100000014352 0.00000000099999999978 0.00000000099999999978 0.00000000099999999978 0.00000000099999999978
18 18 (0) 4 : 0.00000000099999999996 0.00000000099999999996 0.00000000099999999996 0.00000000099999999996 0.40317840048680381182 0.53807449669987172935 0.05874709581332442088 0.00000000099999999996 0.00000000099999999996 0.00000000099999999996
19 19 (0) 4 : 0.00000000099999999986 0.00000000099999999986 0.00000000099999999986 0.00000000099999999986 0.99999999100000014352 0.00000000099999999986 0.00000000099999999986 0.00000000099999999986 0.00000000099999999986 0.00000000099999999986
20 20 (0) 4 : 0.46443245823322254484 0.00000000099999999995 0.53556753376677745937 0.00000000099999999995 0.00000000099999999995 0.00000000099999999995 0.00000000099999999995 0.00000000099999999995 0.00000000099999999995 0.00000000099999999995
21 21 (0) 4 : 0.00000000099999999997 0.00000000099999999997 0.00000000099999999997 0.00000000099999999997 0.47189858915520732641 0.00000000099999999997 0.00000117103650067158 0.52810023280829199166 0.00000000099999999997 0.00000000099999999997
22 22 (0) 4 : 0.00000000099999999990 0.00000000099999999990 0.00000000099999999990 0.00000000099999999990 0.99999999100000014352 0.00000000099999999990 0.00000000099999999990 0.00000000099999999990 0.00000000099999999990 0.00000000099999999990
23 23 (0) 4 : 0.00000000099999999981 0.00000000099999999981 0.00000000099999999981 0.00000000099999999981 0.00000000099999999981 0.99999999100000003249 0.00000000099999999981 0.00000000099999999981 0.00000000099999999981 0.00000000099999999981
24 24 (0) 4 : 0.17687223209525815282 0.00000000099999999996 0.23529498631698664290 0.00000000099999999996 0.00000000099999999996 0.27828125413536536348 0.00000000099999999996 0.30955152145238984396 0.00000000099999999996 0.00000000099999999996
25 25 (0) 4 : 0.99999999100000025454 0.00000000099999999987 0.00000000099999999987 0.00000000099999999987 0.00000000099999999987 0.00000000099999999987 0.00000000099999999987 0.00000000099999999987 0.00000000099999999987 0.00000000099999999987
26 26 (0) 4 : 0.00000000099999999981 0.00000000099999999981 0.00000000099999999981 0.00000000099999999981 0.00000000099999999981 0.00000000099999999981 0.00000000099999999981 0.99999999099999992147 0.00000000099999999981 0.00000000099999999981
27 27 (0) 4 : 0.00000000099999999999 0.01925359686838129525 0.35920016435863233450 0.00000000099999999999 0.00000000099999999999 0.00000000099999999999 0.00000000099999999999 0.27760048604141202011 0.34394574673157418676 0.00000000099999999999
28 28 (0) 4 : 0.99999999100000014352 0.00000000099999999990 0.00000000099999999990 0.00000000099999999990 0.00000000099999999990 0.00000000099999999990 0.00000000099999999990 0.00000000099999999990 0.00000000099999999990 0.00000000099999999990
29 29 (0) 4 : 0.00000000113084900978 0.00000000100000000000 0.31116159856431463426 0.01353177366759360581 0.30300925726426997109 0.08424353799896754091 0.02624173519644922362 0.20329273449440909971 0.00001864896032731692 0.05850071172281957887
30 30 (0) 4 : 0.20377143759651283883 0.00000000099999999999 0.21090959651850538226 0.00000000099999999999 0.36603308390346894763 0.00000000099999999999 0.00000000099999999999 0.00000000099999999999 0.21928587598151283444 0.00000000099999999999
31 31 (0) 4 : 0.00000000099999999987 0.00000000099999999987 0.00000000099999999987 0.00000000099999999987 0.99999999100000014352 0.00000000099999999987 0.00000000099999999987 0.00000000099999999987 0.00000000099999999987 0.00000000099999999987
32 32 (0) 4 : 0.00000000099999999977 0.00000000099999999977 0.99999999100000014352 0.00000000099999999977 0.00000000099999999977 0.00000000099999999977 0.00000000099999999977 0.00000000099999999977 0.00000000099999999977 0.00000000099999999977
33 33 (0) 4 : 0.16193447387276133087 0.08842747750607833634 0.18541507437476767439 0.00000000099999999999 0.08450475737157088496 0.06922723019527909916 0.00000000099999999999 0.19942627888099445643 0.11330496954868347903 0.09775973624986478150
34 34 (0) 5 : 0.13676424730025116272 0.00000000099999999999 0.25510748267278804402 0.01185193539194810512 0.25529550376620963048 0.15250120738446434898 0.00848563655602097011 0.00000000099999999999 0.17999398392831780780 0.00000000099999999999
35 35 (0) 6 : 0.00000000099999999992 0.00000000099999999992 0.00000000099999999992 0.00000000099999999992 0.99999999100000014352 0.00000000099999999992 0.00000000099999999992 0.00000000099999999992 0.00000000099999999992 0.00000000099999999992
36 36 (0) 6 : 0.00000000099999999997 0.00000000099999999997 0.00000000099999999997 0.00000000099999999997 0.55974868633350105540 0.33604204476737126184 0.02226893346863743905 0.00000000099999999997 0.00000000099999999997 0.08194032943049014972
37 37 (0) 6 : 0.00000000099999999921 0.00000000099999999921 0.00000000099999999921 0.00000000099999999921 0.00000000099999999921 0.00000000099999999921 0.99999999100000003249 0.00000000099999999921 0.00000000099999999921 0.00000000099999999921
38 38 (0) 6 : 0.00000000099999999980 0.00000000099999999980 0.99999999100000014352 0.00000000099999999980 0.00000000099999999980 0.00000000099999999980 0.00000000099999999980 0.00000000099999999980 0.00000000099999999980 0.00000000099999999980
39 39 (0) 6 : 0.00000000099999999974 0.00000000099999999974 0.00000000099999999974 0.00000000099999999974 0.00000000099999999974 0.00000000099999999974 0.00000000099999999974 0.99999999099999992147 0.00000000099999999974 0.00000000099999999974
40 40 (0) 6 : 0.00000000099999999999 0.01799248487156760584 0.26817903473455545482 0.03988020760363644029 0.00000000099999999999 0.29132956760400685603 0.03396635139757865629 0.13865468351643567280 0.20999766727221907958 0.00000000099999999999
41 41 (0) 6 : 0.00000000099999999974 0.00000000099999999974 0.00000000099999999974 0.99999999100000003249 0.00000000099999999974 0.00000000099999999974 0.00000000099999999974 0.00000000099999999974 0.00000000099999999974 0.00000000099999999974
42 42 (0) 6 : 0.18580154450158797852 0.00000000099999999999 0.13187134375027989575 0.01605239922072449268 0.35177754311396575160 0.28056299535673184797 0.03393416857610790510 0.00000000099999999999 0.00000000099999999999 0.00000000248060235578
43 43 (0) 6 : 0.99999999100000025454 0.00000000099999999985 0.00000000099999999985 0.00000000099999999985 0.00000000099999999985 0.00000000099999999985 0.00000000099999999985 0.00000000099999999985 0.00000000099999999985 0.00000000099999999985
44 44 (0) 6 : 0.34900413259063195470 0.03728473738208582661 0.31876017770077791358 0.02056945720899137908 0.13301280114718627701 0.13538078915820758730 0.00000000100000000000 0.00000000100000000000 0.00001495480514932793 0.00597294800696985574
45 45 (0) 6 : 0.18566670912195085141 0.03038233013030905427 0.00000000099999999999 0.00000000099999999999 0.34720602481627910185 0.30752294048353656652 0.00000000099999999999 0.12922199044792445632 0.00000000099999999999 0.00000000099999999999
46 46 (0) 6 : 0.00000000099999999904 0.99999999100000014352 0.00000000099999999904 0.00000000099999999904 0.00000000099999999904 0.00000000099999999904 0.00000000099999999904 0.00000000099999999904 0.00000000099999999904 0.00000000099999999904
47 47 (0) 6 : 0.00000000099999999986 0.00000000099999999986 0.00000000099999999986 0.00000000099999999986 0.99999999100000003249 0.00000000099999999986 0.00000000099999999986 0.00000000099999999986 0.00000000099999999986 0.00000000099999999986
48 48 (0) 6 : 0.21911226883155307532 0.04074753395778940579 0.00000000099999999998 0.00000000099999999998 0.00000000099999999998 0.00000000099999999998 0.03760031931534487531 0.38503424137398123417 0.31750563152133126632 0.00000000099999999998
49 49 (0) 6 : 0.00000000099999999794 0.00000000099999999794 0.00000000099999999794 0.99999999099999981045 0.00000000099999999794 0.00000000099999999794 0.00000000099999999794 0.00000000099999999794 0.00000000099999999794 0.00000000099999999794
50 50 (0) 6 : 0.00000000099999999996 0.00000000099999999996 0.00000000099999999996 0.00000000099999999996 0.00000000099999999996 0.48004871389288106265 0.04959645550918100748 0.00000000099999999996 0.47035482359793784335 0.00000000099999999996
51 51 (0) 6 : 0.16400259723905499798 0.00411044609802174461 0.27427723167378570412 0.05598540678296927420 0.26930357987994846258 0.00000000099999999999 0.02236654838295182995 0.00000000099999999999 0.16095679852286912115 0.04899738942039916917
52 52 (0) 6 : 0.00000000099999999939 0.99999999100000014352 0.00000000099999999939 0.00000000099999999939 0.00000000099999999939 0.00000000099999999939 0.00000000099999999939 0.00000000099999999939 0.00000000099999999939 0.00000000099999999939
53 53 (0) 6 : 0.99999999100000025454 0.00000000099999999985 0.00000000099999999985 0.00000000099999999985 0.00000000099999999985 0.00000000099999999985 0.00000000099999999985 0.00000000099999999985 0.00000000099999999985 0.00000000099999999985
54 54 (0) 6 : 0.00000000099999999980 0.00000000099999999980 0.00000000099999999980 0.00000000099999999980 0.00000000099999999980 0.00000000099999999980 0.00000000099999999980 0.00000000099999999980 0.99999999099999992147 0.00000000099999999980
55 55 (0) 6 : 0.23398002203292295187 0.00398222408279832237 0.00000009379422630334 0.00000000099999999999 0.00000000099999999999 0.26362036398557120442 0.04144845293637728495 0.30969523221263323132 0.14727360795547059236 0.00000000099999999999
56 56 (0) 6 : 0.00000000099999999999 0.00000000099999999999 0.00000000099999999999 0.03822977152222721553 0.00000000099999999999 0.50408275791870682525 0.01100608806541090653 0.00000000099999999999 0.44668137649365496911 0.00000000099999999999
57 57 (0) 6 : 0.00000000099999999977 0.00000000099999999977 0.99999999100000003249 0.00000000099999999977 0.00000000099999999977 0.00000000099999999977 0.00000000099999999977 0.00000000099999999977 0.00000000099999999977 0.00000000099999999977
58 58 (0) 7 : 0.00000000099999999978 0.00000000099999999978 0.00000000099999999978 0.00000000099999999978 0.00000000099999999978 0.00000000099999999978 0.00000000099999999978 0.00000000099999999978 0.99999999099999992147 0.00000000099999999978
59 59 (0) 7 : 0.00000000099999999982 0.00000000099999999982 0.00000000099999999982 0.00000000099999999982 0.00000000099999999982 0.99999999100000014352 0.00000000099999999982 0.00000000099999999982 0.00000000099999999982 0.00000000099999999982
60 60 (0) 7 : 0.00000000099999999998 0.02669400906824460212 0.30376713814053640794 0.00000000099999999998 0.46335914384437215663 0.17106620856924067975 0.03511349537760612843 0.00000000099999999998 0.00000000099999999998 0.00000000099999999998
61 61 (0) 7 : 0.00000000099999999985 0.00000000099999999985 0.00000000099999999985 0.00000000099999999985 0.00000000099999999985 0.99999999100000003249 0.00000000099999999985 0.00000000099999999985 0.00000000099999999985 0.00000000099999999985
62 62 (0) 7 : 0.00000000099999999912 0.00000000099999999912 0.00000000099999999912 0.00000000099999999912 0.00000000099999999912 0.00000000099999999912 0.99999999100000003249 0.00000000099999999912 0.00000000099999999912 0.00000000099999999912
63 63 (0) 7 : 0.10027283846306665749 0.00000000099999999998 0.00828187602641863169 0.01367283185445515234 0.44379689512491538039 0.00000000099999999998 0.00000000099999999998 0.10884175178962465780 0.20672874418063486024 0.11840505956088481776
64 64 (0) 8 : 0.00000000099999999984 0.00000000099999999984 0.00000000099999999984 0.00000000099999999984 0.00000000099999999984 0.00000000099999999984 0.00000000099999999984 0.00000000099999999984 0.99999999100000003249 0.00000000099999999984
65 65 (0) 8 : 0.00000000099999999985 0.00000000099999999985 0.00000000099999999985 0.00000000099999999985 0.00000000099999999985 0.99999999100000003249 0.00000000099999999985 0.00000000099999999985 0.00000000099999999985 0.00000000099999999985
66 66 (0) 9 : 0.00000000099999999983 0.00000000099999999983 0.00000000099999999983 0.00000000099999999983 0.00000000099999999983 0.00000000099999999983 0.00000000099999999983 0.00000000099999999983 0.99999999099999992147 0.00000000099999999983
67 67 (0) 10 : 0.00000000099999999997 0.00000000099999999997 0.00000000099999999997 0.01224025824613911989 0.59001622444246615284 0.00000000099999999997 0.00000001651753404878 0.00000000099999999997 0.39774349479386073014 0.00000000099999999997
68 68 (0) 10 : 0.00000000099999999995 0.00000000099999999995 0.00000000099999999995 0.00000000099999999995 0.52374819084325419105 0.00000000099999999995 0.00000000099999999995 0.47625180115674592418 0.00000000099999999995 0.00000000099999999995
69 69 (0) 10 : 0.57417545083678545037 0.07230649628850789601 0.00000000099999999995 0.00000000099999999995 0.00000000099999999995 0.00000000099999999995 0.00000000634106254096 0.00000000099999999995 0.35351804053364410674 0.00000000099999999995
70 70 (0) 10 : 0.99999999100000025454 0.00000000099999999989 0.00000000099999999989 0.00000000099999999989 0.00000000099999999989 0.00000000099999999989 0.00000000099999999989 0.00000000099999999989 0.00000000099999999989 0.00000000099999999989
71 71 (0) 10 : 0.00000000099999999981 0.00000000099999999981 0.00000000099999999981 0.00000000099999999981 0.00000000099999999981 0.00000000099999999981 0.00000000099999999981 0.00000000099999999981 0.99999999100000003249 0.00000000099999999981
72 72 (0) 10 : 0.00000000099999999982 0.00000000099999999982 0.00000000099999999982 0.00000000099999999982 0.00000000099999999982 0.00000000099999999982 0.00000000099999999982 0.00000000099999999982 0.99999999099999992147 0.00000000099999999982
73 73 (0) 10 : 0.15655326018443976865 0.00000000100000000000 0.30521103656008741201 0.02223032806649644436 0.11820453745493478270 0.00000000100000000000 0.00000000212595189425 0.12932792505398821303 0.22108474658370796950 0.04738816197039355527
74 74 (0) 10 : 0.99999999100000014352 0.00000000099999999980 0.00000000099999999980 0.00000000099999999980 0.00000000099999999980 0.00000000099999999980 0.00000000099999999980 0.00000000099999999980 0.00000000099999999980 0.00000000099999999980
75 75 (0) 10 : 0.00000000099999999981 0.00000000099999999981 0.00000000099999999981 0.00000000099999999981 0.00000000099999999981 0.00000000099999999981 0.00000000099999999981 0.99999999100000003249 0.00000000099999999981 0.00000000099999999981
76 76 (0) 10 : 0.99999999100000025454 0.00000000099999999979 0.00000000099999999979 0.00000000099999999979 0.00000000099999999979 0.00000000099999999979 0.00000000099999999979 0.00000000099999999979 0.00000000099999999979 0.00000000099999999979
1 1 (0) 1 : 0.10955556523310923389 0.08999995084527442901 0.36469390271716417562 0.11817267912603254820 0.05423383869842558769 0.11701276377379676852 0.05230073576185242240 0.09403049997474986765 0.00000006286959509396 0.00000000100000000000
2 2 (0) 1 : 0.00000000099999999986 0.00000000099999999986 0.99999999100000014352 0.00000000099999999986 0.00000000099999999986 0.00000000099999999986 0.00000000099999999986 0.00000000099999999986 0.00000000099999999986 0.00000000099999999986
3 3 (0) 1 : 0.00000000099999999978 0.00000000099999999978 0.00000000099999999978 0.00000000099999999978 0.00000000099999999978 0.99999999100000014352 0.00000000099999999978 0.00000000099999999978 0.00000000099999999978 0.00000000099999999978
4 4 (0) 1 : 0.28705793940231988381 0.11928691627200974090 0.11758988826522159821 0.04132904553788271235 0.00000000099999999999 0.15722729162878149034 0.00000000099999999999 0.18457838088116967912 0.05872769936235359284 0.03420283665026123410
5 5 (0) 1 : 0.19825567812729555373 0.00000000100000000000 0.08488199678842162088 0.05823503935992335734 0.20325871676816328892 0.00000000100000000000 0.14268333097877403115 0.25563049606976478989 0.04619951743085358442 0.01085522247680397075
6 6 (0) 1 : 0.17771071530215579171 0.00000000100000000000 0.15911649307567624079 0.03815852385441345640 0.07034236675697720653 0.28285501719402611487 0.10045950764687450185 0.15233278890932833161 0.00000000100000000000 0.01902458526054836424
7 7 (0) 1 : 0.35986958157272636027 0.14622413137598636035 0.30808365485724042987 0.00000000099999999998 0.00000000099999999998 0.16710858297909494952 0.00000000099999999998 0.00000000099999999998 0.00000000099999999998 0.01871404421495190609
8 8 (0) 2 : 0.25390261843225098159 0.28805605199430078800 0.26059474166364943182 0.00000000099999999997 0.16901696545219738188 0.00000000099999999997 0.00000000099999999997 0.00000000099999999997 0.02842961745760139852 0.00000000099999999997
9 9 (0) 2 : 0.00000000099999999976 0.99999999100000025454 0.00000000099999999976 0.00000000099999999976 0.00000000099999999976 0.00000000099999999976 0.00000000099999999976 0.00000000099999999976 0.00000000099999999976 0.00000000099999999976
10 10 (0) 2 : 0.00000000099999999963 0.99999999100000014352 0.00000000099999999963 0.00000000099999999963 0.00000000099999999963 0.00000000099999999963 0.00000000099999999963 0.00000000099999999963 0.00000000099999999963 0.00000000099999999963
11 11 (0) 2 : 0.00000000099999999990 0.88609385864365108887 0.00000000099999999990 0.11390613335634902636 0.00000000099999999990 0.00000000099999999990 0.00000000099999999990 0.00000000099999999990 0.00000000099999999990 0.00000000099999999990
12 12 (0) 2 : 0.20879673749022703566 0.00000000099999999997 0.58202391241046491643 0.00000000099999999997 0.17219710880951846765 0.00000000099999999997 0.00000000099999999997 0.00000000099999999997 0.00000000099999999997 0.03698223528978982627
13 13 (0) 2 : 0.00000000099999999981 0.00000000099999999981 0.00000000099999999981 0.00000000099999999981 0.00000000099999999981 0.99999999100000003249 0.00000000099999999981 0.00000000099999999981 0.00000000099999999981 0.00000000099999999981
14 14 (0) 3 : 0.99999999100000014352 0.00000000099999999983 0.00000000099999999983 0.00000000099999999983 0.00000000099999999983 0.00000000099999999983 0.00000000099999999983 0.00000000099999999983 0.00000000099999999983 0.00000000099999999983
15 15 (0) 3 : 0.00000000099999999986 0.00000000099999999986 0.99999999100000014352 0.00000000099999999986 0.00000000099999999986 0.00000000099999999986 0.00000000099999999986 0.00000000099999999986 0.00000000099999999986 0.00000000099999999986
16 16 (0) 3 : 0.00000000099999999977 0.00000000099999999977 0.00000000099999999977 0.00000000099999999977 0.00000000099999999977 0.99999999100000014352 0.00000000099999999977 0.00000000099999999977 0.00000000099999999977 0.00000000099999999977
17 17 (0) 3 : 0.00000000099999999979 0.99999999100000025454 0.00000000099999999979 0.00000000099999999979 0.00000000099999999979 0.00000000099999999979 0.00000000099999999979 0.00000000099999999979 0.00000000099999999979 0.00000000099999999979
18 18 (0) 4 : 0.00000000099999999985 0.00000000099999999985 0.00000000099999999985 0.00000000099999999985 0.00000000099999999985 0.99999999100000003249 0.00000000099999999985 0.00000000099999999985 0.00000000099999999985 0.00000000099999999985
19 19 (0) 4 : 0.00000000099999999977 0.00000000099999999977 0.00000000099999999977 0.00000000099999999977 0.00000000099999999977 0.00000000099999999977 0.00000000099999999977 0.99999999100000003249 0.00000000099999999977 0.00000000099999999977
20 20 (0) 4 : 0.00000000099999999986 0.00000000099999999986 0.99999999100000014352 0.00000000099999999986 0.00000000099999999986 0.00000000099999999986 0.00000000099999999986 0.00000000099999999986 0.00000000099999999986 0.00000000099999999986
21 21 (0) 4 : 0.00000000099999999985 0.00000000099999999985 0.00000000099999999985 0.00000000099999999985 0.00000000099999999985 0.99999999100000003249 0.00000000099999999985 0.00000000099999999985 0.00000000099999999985 0.00000000099999999985
22 22 (0) 4 : 0.09608649371275021500 0.00000000099999999998 0.10656120509230757043 0.00000000099999999998 0.21029938923518989857 0.17844611123999851166 0.14192598805337522383 0.25182199542730659969 0.00000000099999999998 0.01485881423907199801
23 23 (0) 4 : 0.00000000099999999976 0.00000000099999999976 0.00000000099999999976 0.00000000099999999976 0.00000000099999999976 0.00000000099999999976 0.00000000099999999976 0.99999999099999992147 0.00000000099999999976 0.00000000099999999976
24 24 (0) 4 : 0.32840068431176105967 0.20478017697596151425 0.00000000099999999996 0.00000000099999999996 0.00000000099999999996 0.28956345279659523317 0.17725567991568236259 0.00000000099999999996 0.00000000099999999996 0.00000000099999999996
25 25 (0) 4 : 0.27274507282485260795 0.00000000099999999999 0.19819633814531648075 0.00000000099999999999 0.33748927816729440421 0.00000000099999999999 0.00000000099999999999 0.18661097808990093072 0.00000000099999999999 0.00495832777263564319
26 26 (0) 4 : 0.15302385308588734025 0.12896550847984075694 0.00000000100000000000 0.02544596007343347469 0.19160556252355989693 0.10678452237836801031 0.15006900474728626649 0.20301332132528637775 0.04109226538633777709 0.00000000100000000000
27 27 (0) 4 : 0.99999999100000025454 0.00000000099999999986 0.00000000099999999986 0.00000000099999999986 0.00000000099999999986 0.00000000099999999986 0.00000000099999999986 0.00000000099999999986 0.00000000099999999986 0.00000000099999999986
28 28 (0) 4 : 0.11456459134431083713 0.00006399460534789977 0.13142136204976270775 0.00974902067475105771 0.17436607246637186863 0.25406704039072819379 0.22492754382965277071 0.00000000099999999999 0.05312220543072723733 0.03771816820834740513
29 29 (0) 4 : 0.32691515257134756700 0.18014121691381357326 0.24624705453133638455 0.03321350676383259121 0.00000000099999999999 0.01973507638043779308 0.17377866323867571796 0.00000418293055093414 0.01996514467000527066 0.00000000099999999999
30 30 (0) 4 : 0.00000000099999999996 0.00000000099999999996 0.49271269403418904709 0.00000000099999999996 0.50601206797434850060 0.00000000099999999996 0.00000000099999999996 0.00000000099999999996 0.00000000099999999996 0.00127523099146251953
31 31 (0) 4 : 0.44758465343079056886 0.00000000099999999991 0.00000000099999999991 0.00000000099999999991 0.00000000099999999991 0.55241533856920932433 0.00000000099999999991 0.00000000099999999991 0.00000000099999999991 0.00000000099999999991
32 32 (0) 4 : 0.99999999100000025454 0.00000000099999999980 0.00000000099999999980 0.00000000099999999980 0.00000000099999999980 0.00000000099999999980 0.00000000099999999980 0.00000000099999999980 0.00000000099999999980 0.00000000099999999980
33 33 (0) 4 : 0.30059816925411791955 0.29273658776859434738 0.00000000099999999998 0.00000000099999999998 0.16194405287472329880 0.01244998861112187223 0.18661504876553230980 0.00000000099999999998 0.00000000099999999998 0.04565614872591028384
34 34 (0) 5 : 0.34083931502403236324 0.00000066258636599842 0.00000000582017445112 0.01249580036967405140 0.36320392889019748051 0.00000000099999999999 0.00000000099999999999 0.27800475131374191573 0.00545553299581374301 0.00000000099999999999
35 35 (0) 6 : 0.00000000099999999996 0.00000000099999999996 0.71939843104097589421 0.00000000099999999996 0.22993204816487972098 0.00000000099999999996 0.00000000099999999996 0.00000000099999999996 0.05066951379414441625 0.00000000099999999996
36 36 (0) 6 : 0.00000000099999999995 0.22279257621791709321 0.39995038571133634253 0.00000000099999999995 0.00000000099999999995 0.00000000099999999995 0.00000000099999999995 0.37725703107074670672 0.00000000099999999995 0.00000000099999999995
37 37 (0) 6 : 0.00000000099999999922 0.00000000099999999922 0.00000000099999999922 0.00000000099999999922 0.00000000099999999922 0.00000000099999999922 0.00000000099999999922 0.00000000099999999922 0.99999999099999992147 0.00000000099999999922
38 38 (0) 6 : 0.00000000099999999977 0.00000000099999999977 0.00000000099999999977 0.00000000099999999977 0.99999999100000003249 0.00000000099999999977 0.00000000099999999977 0.00000000099999999977 0.00000000099999999977 0.00000000099999999977
39 39 (0) 6 : 0.00000000099999999978 0.00000000099999999978 0.00000000099999999978 0.00000000099999999978 0.00000000099999999978 0.00000000099999999978 0.99999999099999992147 0.00000000099999999978 0.00000000099999999978 0.00000000099999999978
40 40 (0) 6 : 0.18113900958156808896 0.13344593636342247378 0.00000000099999999999 0.02534851076763904726 0.19315110196736329229 0.20962943513023962749 0.02989896723162419057 0.19818343633425664074 0.02783028220659104768 0.00137331941729551044
41 41 (0) 6 : 0.00000000099999999975 0.00000000099999999975 0.00000000099999999975 0.99999999100000003249 0.00000000099999999975 0.00000000099999999975 0.00000000099999999975 0.00000000099999999975 0.00000000099999999975 0.00000000099999999975
42 42 (0) 6 : 0.32363636989288663282 0.21770584530564654480 0.15079264943116746367 0.00128030543200902255 0.00000000099999999998 0.00000000183591088399 0.01747104708347260033 0.26382967188520684010 0.02528410713370021420 0.00000000099999999998
43 43 (0) 6 : 0.00000000099999999984 0.00000000099999999984 0.99999999100000014352 0.00000000099999999984 0.00000000099999999984 0.00000000099999999984 0.00000000099999999984 0.00000000099999999984 0.00000000099999999984 0.00000000099999999984
44 44 (0) 6 : 0.34887137787699368241 0.11970329547395149039 0.25195198386359729525 0.01677673077036162877 0.00000000100000000000 0.00000000100000000000 0.11521904428944387822 0.14746735577460731714 0.00000000100000000000 0.00001020895104482379
45 45 (0) 6 : 0.00000000099999999978 0.00000000099999999978 0.00000000099999999978 0.00000000099999999978 0.00000000099999999978 0.00000000099999999978 0.00000000099999999978 0.99999999099999992147 0.00000000099999999978 0.00000000099999999978
46 46 (0) 6 : 0.00000000099999999878 0.00000000099999999878 0.00000000099999999878 0.00000000099999999878 0.00000000099999999878 0.00000000099999999878 0.00000000099999999878 0.00000000099999999878 0.00000000099999999878 0.99999999099999992147
47 47 (0) 6 : 0.00000000099999999984 0.00000000099999999984 0.99999999100000003249 0.00000000099999999984 0.00000000099999999984 0.00000000099999999984 0.00000000099999999984 0.00000000099999999984 0.00000000099999999984 0.00000000099999999984
48 48 (0) 6 : 0.21584433726700158473 0.00000000099999999999 0.00008244247013604328 0.00000000099999999999 0.11236168909560284579 0.29483063778420909307 0.16003002416427405952 0.14053762259813148972 0.04544385251468740367 0.03086939210595751604
49 49 (0) 6 : 0.00000000099999999794 0.00000000099999999794 0.00000000099999999794 0.99999999099999981045 0.00000000099999999794 0.00000000099999999794 0.00000000099999999794 0.00000000099999999794 0.00000000099999999794 0.00000000099999999794
50 50 (0) 6 : 0.47339624643466771126 0.00000000099999999993 0.00000000099999999993 0.00000000099999999993 0.00000000099999999993 0.00000000099999999993 0.48103534716807111460 0.00000000099999999993 0.04556839939726106681 0.00000000099999999993
51 51 (0) 6 : 0.24934435780644995106 0.00000000099999999999 0.25403241762003320181 0.05832694917029677267 0.21064889245994847244 0.00000000099999999999 0.06927710656971014513 0.12579517183678240455 0.02493322040168024362 0.00764188213509880195
52 52 (0) 6 : 0.00000000099999999927 0.00000000099999999927 0.00000000099999999927 0.00000000099999999927 0.00000000099999999927 0.00000000099999999927 0.00000000099999999927 0.00000000099999999927 0.00000000099999999927 0.99999999099999992147
53 53 (0) 6 : 0.99999999100000025454 0.00000000099999999981 0.00000000099999999981 0.00000000099999999981 0.00000000099999999981 0.00000000099999999981 0.00000000099999999981 0.00000000099999999981 0.00000000099999999981 0.00000000099999999981
54 54 (0) 6 : 0.00000000099999999976 0.00000000099999999976 0.00000000099999999976 0.00000000099999999976 0.99999999100000003249 0.00000000099999999976 0.00000000099999999976 0.00000000099999999976 0.00000000099999999976 0.00000000099999999976
55 55 (0) 6 : 0.00000000099999999982 0.00000000099999999982 0.00000000099999999982 0.00000000099999999982 0.00000000099999999982 0.99999999100000003249 0.00000000099999999982 0.00000000099999999982 0.00000000099999999982 0.00000000099999999982
56 56 (0) 6 : 0.00000000099999999994 0.00000000099999999994 0.00000000099999999994 0.00000000099999999994 0.38682439628710268975 0.00000000099999999994 0.00000000099999999994 0.61317559571289725895 0.00000000099999999994 0.00000000099999999994
57 57 (0) 6 : 0.99999999100000014352 0.00000000099999999979 0.00000000099999999979 0.00000000099999999979 0.00000000099999999979 0.00000000099999999979 0.00000000099999999979 0.00000000099999999979 0.00000000099999999979 0.00000000099999999979
58 58 (0) 7 : 0.00000000099999999992 0.00000000099999999992 0.00000000099999999992 0.00000000099999999992 0.34284434517232353912 0.00000000099999999992 0.65715564682767646509 0.00000000099999999992 0.00000000099999999992 0.00000000099999999992
59 59 (0) 7 : 0.00000000099999999976 0.00000000099999999976 0.00000000099999999976 0.00000000099999999976 0.00000000099999999976 0.00000000099999999976 0.00000000099999999976 0.99999999100000003249 0.00000000099999999976 0.00000000099999999976
60 60 (0) 7 : 0.00000000099999999986 0.00000000099999999986 0.99999999100000014352 0.00000000099999999986 0.00000000099999999986 0.00000000099999999986 0.00000000099999999986 0.00000000099999999986 0.00000000099999999986 0.00000000099999999986
61 61 (0) 7 : 0.00000000099999999978 0.99999999100000025454 0.00000000099999999978 0.00000000099999999978 0.00000000099999999978 0.00000000099999999978 0.00000000099999999978 0.00000000099999999978 0.00000000099999999978 0.00000000099999999978
62 62 (0) 7 : 0.00000000099999999913 0.00000000099999999913 0.00000000099999999913 0.00000000099999999913 0.00000000099999999913 0.00000000099999999913 0.00000000099999999913 0.00000000099999999913 0.99999999099999992147 0.00000000099999999913
63 63 (0) 7 : 0.00000000099999999996 0.19143124529387986477 0.54607989700894321583 0.00000000099999999996 0.00000000099999999996 0.00000000099999999996 0.26248885069717697860 0.00000000099999999996 0.00000000099999999996 0.00000000099999999996
64 64 (0) 8 : 0.99999999100000014352 0.00000000099999999986 0.00000000099999999986 0.00000000099999999986 0.00000000099999999986 0.00000000099999999986 0.00000000099999999986 0.00000000099999999986 0.00000000099999999986 0.00000000099999999986
65 65 (0) 8 : 0.00000000099999999978 0.00000000099999999978 0.00000000099999999978 0.00000000099999999978 0.00000000099999999978 0.00000000099999999978 0.00000000099999999978 0.99999999099999992147 0.00000000099999999978 0.00000000099999999978
66 66 (0) 9 : 0.00000000099999999978 0.00000000099999999978 0.00000000099999999978 0.00000000099999999978 0.99999999100000003249 0.00000000099999999978 0.00000000099999999978 0.00000000099999999978 0.00000000099999999978 0.00000000099999999978
67 67 (0) 10 : 0.00000000099999999998 0.00000000099999999998 0.36946804070668914921 0.01095929361179572015 0.24784597913432507288 0.35291619281347519355 0.00000000099999999998 0.00000000099999999998 0.01881048873371492236 0.00000000099999999998
68 68 (0) 10 : 0.16096142640323382600 0.05261912551395277193 0.23166086472149680087 0.00000000099999999998 0.00000000099999999998 0.24851391140364240129 0.13404930523160624167 0.16000115293742836475 0.00000000099999999998 0.01219421078863943547
69 69 (0) 10 : 0.00000000099999999977 0.00000000099999999977 0.00000000099999999977 0.00000000099999999977 0.00000000099999999977 0.00000000099999999977 0.99999999099999992147 0.00000000099999999977 0.00000000099999999977 0.00000000099999999977
70 70 (0) 10 : 0.00000000099999999996 0.00000000099999999996 0.00000000099999999996 0.00000000099999999996 0.44196635262148409318 0.00000000099999999996 0.55803363937851591103 0.00000000099999999996 0.00000000099999999996 0.00000000099999999996
71 71 (0) 10 : 0.00000000099999999978 0.00000000099999999978 0.00000000099999999978 0.00000000099999999978 0.99999999100000014352 0.00000000099999999978 0.00000000099999999978 0.00000000099999999978 0.00000000099999999978 0.00000000099999999978
72 72 (0) 10 : 0.00000000099999999978 0.00000000099999999978 0.00000000099999999978 0.00000000099999999978 0.99999999100000003249 0.00000000099999999978 0.00000000099999999978 0.00000000099999999978 0.00000000099999999978 0.00000000099999999978
73 73 (0) 10 : 0.25485991072391989132 0.12405799948422828460 0.17268874143137175059 0.02043335421505937735 0.17338742532505208027 0.07284022809349378902 0.12869150497615644557 0.04677708001226966311 0.00000014535382955976 0.00626361038461910411
74 74 (0) 10 : 0.00000000099999999966 0.00000000099999999966 0.00000000099999999966 0.00000000099999999966 0.00000000099999999966 0.00000000099999999966 0.99999999100000003249 0.00000000099999999966 0.00000000099999999966 0.00000000099999999966
75 75 (0) 10 : 0.00000000099999999995 0.00000000099999999995 0.00000000099999999995 0.00000000099999999995 0.00000000099999999995 0.40754612217963931409 0.59245386982036074563 0.00000000099999999995 0.00000000099999999995 0.00000000099999999995
76 76 (0) 10 : 0.00000000099999999973 0.00000000099999999973 0.00000000099999999973 0.00000000099999999973 0.00000000099999999973 0.00000000099999999973 0.99999999099999992147 0.00000000099999999973 0.00000000099999999973 0.00000000099999999973
