1:	0.2340 0.0370 0.0321 0.0126 0.0326 0.0160 0.0631 0.0602 0.2760 0.2362 	7
2:	0.0746 0.0095 0.0382 0.0864 0.5214 0.0066 0.0000 0.0833 0.0966 0.0833 	6
3:	0.2500 0.0000 0.0000 0.0000 0.1250 0.0000 0.0000 0.1250 0.2500 0.2500 	4
4:	0.2149 0.0026 0.0706 0.0066 0.0301 0.0062 0.1269 0.1441 0.2126 0.1854 	16
5:	0.2980 0.0122 0.2716 0.0000 0.0000 0.0070 0.0684 0.2153 0.1276 0.0000 	1
6:	0.1475 0.0929 0.1280 0.0907 0.0181 0.0537 0.1133 0.1188 0.1617 0.0754 	23
7:	0.0260 0.0011 0.1291 0.0022 0.1092 0.1696 0.0850 0.2642 0.2044 0.0091 	6
8:	0.2500 0.0000 0.2500 0.0000 0.0000 0.0000 0.0000 0.5000 0.0000 0.0000 	2
9:	0.0000 0.0000 1.0000 0.0000 0.0000 0.0000 0.0000 0.0000 0.0000 0.0000 	1
10:	0.0361 0.0033 0.2918 0.0045 0.0112 0.0009 0.4072 0.0103 0.1003 0.1344 	10
