1 1 (0) 1 : 0.10246122861726116027 0.00000000099999999999 0.40773741390197287826 0.12757681434755893668 0.09870763463193697740 0.00000000311200029789 0.06871361601162552513 0.00000000099999999999 0.00000000099999999999 0.05238831566947172586 0.00000023676520406675 0.14241473394296835786
2 2 (0) 1 : 0.00000000099999999976 0.00000000099999999976 0.00000000099999999976 0.00000000099999999976 0.99999998900000008906 0.00000000099999999976 0.00000000099999999976 0.00000000099999999976 0.00000000099999999976 0.00000000099999999976 0.00000000099999999976 0.00000000099999999976
3 3 (0) 1 : 0.00000000099999999976 0.00000000099999999976 0.00000000099999999976 0.00000000099999999976 0.00000000099999999976 0.00000000099999999976 0.00000000099999999976 0.00000000099999999976 0.99999998900000008906 0.00000000099999999976 0.00000000099999999976 0.00000000099999999976
4 4 (0) 1 : 0.00000000099999999975 0.00000000099999999975 0.00000000099999999975 0.00000000099999999975 0.00000000099999999975 0.00000000099999999975 0.00000000099999999975 0.00000000099999999975 0.00000000099999999975 0.00000000099999999975 0.00000000099999999975 0.99999998899999997803
5 5 (0) 1 : 0.00000000099999999997 0.00000000099999999997 0.00000000099999999997 0.06608184309310374815 0.35202002618415118018 0.00000000099999999997 0.00000000099999999997 0.04592316268013820618 0.00000000099999999997 0.00000000099999999997 0.00000000099999999997 0.53597496004260658520
6 6 (0) 1 : 0.15666694421681881533 0.00001789400668873697 0.28593693679544995856 0.03884843966742582144 0.00000000099999999999 0.00000000099999999999 0.04076822905113001994 0.00000000099999999999 0.20325981465799705661 0.01832718846783067471 0.01376169321400591214 0.24241285692265293616
7 7 (0) 1 : 0.00000000099999999993 0.40274461310221643107 0.00000000099999999993 0.00000000099999999993 0.00000000099999999993 0.00000000099999999993 0.00000000099999999993 0.00000000099999999993 0.00000000099999999993 0.00000000099999999993 0.00000000099999999993 0.59725537689778318562
8 8 (0) 2 : 0.00000000099999999995 0.00000000099999999995 0.31020659319571686208 0.00000000099999999995 0.00000000099999999995 0.22332215384365047828 0.10666770876375734900 0.03811137675675712461 0.00000000099999999995 0.02782383654292185440 0.00000000099999999995 0.29386832489719638684
9 9 (0) 2 : 0.00000000099999999976 0.00000000099999999976 0.00000000099999999976 0.00000000099999999976 0.00000000099999999976 0.99999998900000008906 0.00000000099999999976 0.00000000099999999976 0.00000000099999999976 0.00000000099999999976 0.00000000099999999976 0.00000000099999999976
10 10 (0) 2 : 0.00000000099999999958 0.00000000099999999958 0.00000000099999999958 0.00000000099999999958 0.00000000099999999958 0.99999998900000008906 0.00000000099999999958 0.00000000099999999958 0.00000000099999999958 0.00000000099999999958 0.00000000099999999958 0.00000000099999999958
11 11 (0) 2 : 0.00000000099999999989 0.00000000099999999989 0.00000000099999999989 0.12076232010711786258 0.00000000099999999989 0.87923766989288232310 0.00000000099999999989 0.00000000099999999989 0.00000000099999999989 0.00000000099999999989 0.00000000099999999989 0.00000000099999999989
12 12 (0) 2 : 0.00000000099999999971 0.99999998900000020008 0.00000000099999999971 0.00000000099999999971 0.00000000099999999971 0.00000000099999999971 0.00000000099999999971 0.00000000099999999971 0.00000000099999999971 0.00000000099999999971 0.00000000099999999971 0.00000000099999999971
13 13 (0) 2 : 0.99999998900000020008 0.00000000099999999961 0.00000000099999999961 0.00000000099999999961 0.00000000099999999961 0.00000000099999999961 0.00000000099999999961 0.00000000099999999961 0.00000000099999999961 0.00000000099999999961 0.00000000099999999961 0.00000000099999999961
14 14 (0) 3 : 0.00000000099999999970 0.00000000099999999970 0.00000000099999999970 0.00000000099999999970 0.00000000099999999970 0.00000000099999999970 0.00000000099999999970 0.00000000099999999970 0.00000000099999999970 0.00000000099999999970 0.00000000099999999970 0.99999998900000008906
15 15 (0) 3 : 0.00000000099999999977 0.99999998900000031110 0.00000000099999999977 0.00000000099999999977 0.00000000099999999977 0.00000000099999999977 0.00000000099999999977 0.00000000099999999977 0.00000000099999999977 0.00000000099999999977 0.00000000099999999977 0.00000000099999999977
16 16 (0) 3 : 0.00000000099999999995 0.00000000099999999995 0.00000000099999999995 0.00000000099999999995 0.00000000099999999995 0.00000000099999999995 0.33254462006830964871 0.02650371323044591054 0.45638080764984062521 0.18457085105140383363 0.00000000099999999995 0.00000000099999999995
17 17 (0) 3 : 0.99999998900000020008 0.00000000099999999960 0.00000000099999999960 0.00000000099999999960 0.00000000099999999960 0.00000000099999999960 0.00000000099999999960 0.00000000099999999960 0.00000000099999999960 0.00000000099999999960 0.00000000099999999960 0.00000000099999999960
18 18 (0) 4 : 0.99999998900000020008 0.00000000099999999972 0.00000000099999999972 0.00000000099999999972 0.00000000099999999972 0.00000000099999999972 0.00000000099999999972 0.00000000099999999972 0.00000000099999999972 0.00000000099999999972 0.00000000099999999972 0.00000000099999999972
19 19 (0) 4 : 0.00000000099999999977 0.00000000099999999977 0.99999998900000020008 0.00000000099999999977 0.00000000099999999977 0.00000000099999999977 0.00000000099999999977 0.00000000099999999977 0.00000000099999999977 0.00000000099999999977 0.00000000099999999977 0.00000000099999999977
20 20 (0) 4 : 0.00000000099999999975 0.99999998900000031110 0.00000000099999999975 0.00000000099999999975 0.00000000099999999975 0.00000000099999999975 0.00000000099999999975 0.00000000099999999975 0.00000000099999999975 0.00000000099999999975 0.00000000099999999975 0.00000000099999999975
21 21 (0) 4 : 0.39992610444566839556 0.00000000099999999993 0.60007388555433183175 0.00000000099999999993 0.00000000099999999993 0.00000000099999999993 0.00000000099999999993 0.00000000099999999993 0.00000000099999999993 0.00000000099999999993 0.00000000099999999993 0.00000000099999999993
22 22 (0) 4 : 0.00000000099999999992 0.00000000099999999992 0.65269611655957537888 0.00000000099999999992 0.00000000099999999992 0.00000000099999999992 0.00000000099999999992 0.00000000099999999992 0.34730387344042473741 0.00000000099999999992 0.00000000099999999992 0.00000000099999999992
23 23 (0) 4 : 0.28590835845251133529 0.00000000099999999997 0.32880062550194499860 0.00000000099999999997 0.00107832631293118325 0.38384976490371053304 0.00000000099999999997 0.00000000099999999997 0.00000000099999999997 0.00000000099999999997 0.00036291782890181658 0.00000000099999999997
24 24 (0) 4 : 0.21067666472649723697 0.00000000099999999994 0.00000000099999999994 0.00000000099999999994 0.00000000099999999994 0.00000000099999999994 0.00000000099999999994 0.00000000099999999994 0.50377346574181780525 0.00000000099999999994 0.00000000099999999994 0.28554986053168496252
25 25 (0) 4 : 0.00000000099999999977 0.99999998900000020008 0.00000000099999999977 0.00000000099999999977 0.00000000099999999977 0.00000000099999999977 0.00000000099999999977 0.00000000099999999977 0.00000000099999999977 0.00000000099999999977 0.00000000099999999977 0.00000000099999999977
26 26 (0) 4 : 0.00000000099999999987 0.00000000099999999987 0.99999998900000008906 0.00000000099999999987 0.00000000099999999987 0.00000000099999999987 0.00000000099999999987 0.00000000099999999987 0.00000000099999999987 0.00000000099999999987 0.00000000099999999987 0.00000000099999999987
27 27 (0) 4 : 0.00000000099999999992 0.00000000099999999992 0.38630965263855332470 0.00000000099999999992 0.00000000099999999992 0.00000000099999999992 0.00000000099999999992 0.00000000099999999992 0.00000000099999999992 0.00000000099999999992 0.00000000099999999992 0.61369033736144651403
28 28 (0) 4 : 0.00000000099999999982 0.00000000099999999982 0.00000000099999999982 0.00000000099999999982 0.00000000099999999982 0.00000000099999999982 0.00000000099999999982 0.00000000099999999982 0.99999998900000008906 0.00000000099999999982 0.00000000099999999982 0.00000000099999999982
29 29 (0) 4 : 0.00000000099999999976 0.00000000099999999976 0.00000000099999999976 0.00000000099999999976 0.00000000099999999976 0.00000000099999999976 0.00000000099999999976 0.00000000099999999976 0.00000000099999999976 0.00000000099999999976 0.00000000099999999976 0.99999998900000008906
30 30 (0) 4 : 0.03254222461445539782 0.00000000099999999996 0.35308999303962945726 0.00000000099999999996 0.00000000099999999996 0.00000000099999999996 0.00000000099999999996 0.00000000099999999996 0.30740423750869433350 0.00000000099999999996 0.00958286419222112613 0.29738067364499959355
31 31 (0) 4 : 0.00000000099999999956 0.00000000099999999956 0.00000000099999999956 0.00000000099999999956 0.00000000099999999956 0.00000000099999999956 0.99999998900000008906 0.00000000099999999956 0.00000000099999999956 0.00000000099999999956 0.00000000099999999956 0.00000000099999999956
32 32 (0) 4 : 0.00000000099999999980 0.00000000099999999980 0.00000000099999999980 0.00000000099999999980 0.00000000099999999980 0.99999998900000020008 0.00000000099999999980 0.00000000099999999980 0.00000000099999999980 0.00000000099999999980 0.00000000099999999980 0.00000000099999999980
33 33 (0) 4 : 0.00000000099999999973 0.00000000099999999973 0.00000000099999999973 0.00000000099999999973 0.00000000099999999973 0.00000000099999999973 0.00000000099999999973 0.00000000099999999973 0.99999998899999997803 0.00000000099999999973 0.00000000099999999973 0.00000000099999999973
34 34 (0) 5 : 0.15238879426557130903 0.00000515165828730432 0.27595242713633716392 0.00655851081868220800 0.00000000099999999999 0.00176671675424230662 0.16488124782628138520 0.01503136004828790027 0.17651309367043380161 0.00000000099999999999 0.00000000099999999999 0.20690269482187664818
35 35 (0) 6 : 0.00000000100000000000 0.03803855931489079356 0.00000001888083593627 0.03175915350811017723 0.25876315457466297909 0.27008856439784262315 0.14867330224965386032 0.08462019536845008516 0.00003711309528357678 0.00000000100000000000 0.00000084189175231462 0.16801909471851769751
36 36 (0) 6 : 0.00000000099999999981 0.00000000099999999981 0.99999998900000008906 0.00000000099999999981 0.00000000099999999981 0.00000000099999999981 0.00000000099999999981 0.00000000099999999981 0.00000000099999999981 0.00000000099999999981 0.00000000099999999981 0.00000000099999999981
37 37 (0) 6 : 0.00000000099999999905 0.00000000099999999905 0.00000000099999999905 0.00000000099999999905 0.00000000099999999905 0.00000000099999999905 0.00000000099999999905 0.99999998899999997803 0.00000000099999999905 0.00000000099999999905 0.00000000099999999905 0.00000000099999999905
38 38 (0) 6 : 0.00000000099999999969 0.00000000099999999969 0.00000000099999999969 0.00000000099999999969 0.99999998900000020008 0.00000000099999999969 0.00000000099999999969 0.00000000099999999969 0.00000000099999999969 0.00000000099999999969 0.00000000099999999969 0.00000000099999999969
39 39 (0) 6 : 0.00000000099999999973 0.00000000099999999973 0.00000000099999999973 0.00000000099999999973 0.99999998900000020008 0.00000000099999999973 0.00000000099999999973 0.00000000099999999973 0.00000000099999999973 0.00000000099999999973 0.00000000099999999973 0.00000000099999999973
40 40 (0) 6 : 0.00000000099999999982 0.00000000099999999982 0.00000000099999999982 0.00000000099999999982 0.00000000099999999982 0.00000000099999999982 0.00000000099999999982 0.00000000099999999982 0.99999998900000008906 0.00000000099999999982 0.00000000099999999982 0.00000000099999999982
41 41 (0) 6 : 0.00000000099999999970 0.00000000099999999970 0.00000000099999999970 0.99999998900000020008 0.00000000099999999970 0.00000000099999999970 0.00000000099999999970 0.00000000099999999970 0.00000000099999999970 0.00000000099999999970 0.00000000099999999970 0.00000000099999999970
42 42 (0) 6 : 0.00000000099999999980 0.99999998900000020008 0.00000000099999999980 0.00000000099999999980 0.00000000099999999980 0.00000000099999999980 0.00000000099999999980 0.00000000099999999980 0.00000000099999999980 0.00000000099999999980 0.00000000099999999980 0.00000000099999999980
43 43 (0) 6 : 0.00000000099999999963 0.00000000099999999963 0.00000000099999999963 0.00000000099999999963 0.00000000099999999963 0.00000000099999999963 0.00000000099999999963 0.00000000099999999963 0.00000000099999999963 0.99999998900000008906 0.00000000099999999963 0.00000000099999999963
44 44 (0) 6 : 0.00000000247318594055 0.23209129821999685550 0.19175540142164601565 0.01811969082016032240 0.00010169082036490994 0.00000000099999999999 0.12588930224692959636 0.00000000099999999999 0.00000000099999999999 0.13289170449826048781 0.00289207987185264182 0.29625882662760333330
45 45 (0) 6 : 0.00000000099999999987 0.00000000099999999987 0.00000000099999999987 0.00000000099999999987 0.00000000099999999987 0.99999998900000008906 0.00000000099999999987 0.00000000099999999987 0.00000000099999999987 0.00000000099999999987 0.00000000099999999987 0.00000000099999999987
46 46 (0) 6 : 0.00000000099999999852 0.00000000099999999852 0.00000000099999999852 0.00000000099999999852 0.00000000099999999852 0.00000000099999999852 0.00000000099999999852 0.00000000099999999852 0.00000000099999999852 0.00000000099999999852 0.99999998899999997803 0.00000000099999999852
47 47 (0) 6 : 0.00000000099999999977 0.00000000099999999977 0.99999998900000008906 0.00000000099999999977 0.00000000099999999977 0.00000000099999999977 0.00000000099999999977 0.00000000099999999977 0.00000000099999999977 0.00000000099999999977 0.00000000099999999977 0.00000000099999999977
48 48 (0) 6 : 0.00000000099999999966 0.00000000099999999966 0.00000000099999999966 0.00000000099999999966 0.00000000099999999966 0.00000000099999999966 0.00000000099999999966 0.00000000099999999966 0.00000000099999999966 0.99999998900000008906 0.00000000099999999966 0.00000000099999999966
49 49 (0) 6 : 0.00000000099999999749 0.00000000099999999749 0.00000000099999999749 0.99999998899999997803 0.00000000099999999749 0.00000000099999999749 0.00000000099999999749 0.00000000099999999749 0.00000000099999999749 0.00000000099999999749 0.00000000099999999749 0.00000000099999999749
50 50 (0) 6 : 0.99999998900000031110 0.00000000099999999964 0.00000000099999999964 0.00000000099999999964 0.00000000099999999964 0.00000000099999999964 0.00000000099999999964 0.00000000099999999964 0.00000000099999999964 0.00000000099999999964 0.00000000099999999964 0.00000000099999999964
51 51 (0) 6 : 0.00000000100000000000 0.06371836527427368613 0.15775752063815612347 0.05449132475594508501 0.12122526551675821826 0.18436628224471013349 0.00769081878151880484 0.02601484986269033892 0.07139249400633490561 0.05816251583315293350 0.00645177923777490690 0.24872878284868507603
52 52 (0) 6 : 0.00000000099999999911 0.00000000099999999911 0.00000000099999999911 0.00000000099999999911 0.00000000099999999911 0.00000000099999999911 0.00000000099999999911 0.00000000099999999911 0.00000000099999999911 0.00000000099999999911 0.99999998899999997803 0.00000000099999999911
53 53 (0) 6 : 0.00000000099999999957 0.00000000099999999957 0.00000000099999999957 0.00000000099999999957 0.00000000099999999957 0.00000000099999999957 0.99999998900000008906 0.00000000099999999957 0.00000000099999999957 0.00000000099999999957 0.00000000099999999957 0.00000000099999999957
54 54 (0) 6 : 0.00000000099999999961 0.00000000099999999961 0.00000000099999999961 0.00000000099999999961 0.00000000099999999961 0.00000000099999999961 0.99999998899999997803 0.00000000099999999961 0.00000000099999999961 0.00000000099999999961 0.00000000099999999961 0.00000000099999999961
55 55 (0) 6 : 0.00000000099999999969 0.00000000099999999969 0.00000000099999999969 0.00000000099999999969 0.99999998900000020008 0.00000000099999999969 0.00000000099999999969 0.00000000099999999969 0.00000000099999999969 0.00000000099999999969 0.00000000099999999969 0.00000000099999999969
56 56 (0) 6 : 0.00000000099999999977 0.00000000099999999977 0.00000000099999999977 0.00000000099999999977 0.00000000099999999977 0.00000000099999999977 0.00000000099999999977 0.00000000099999999977 0.99999998900000008906 0.00000000099999999977 0.00000000099999999977 0.00000000099999999977
57 57 (0) 6 : 0.00000000099999999968 0.00000000099999999968 0.00000000099999999968 0.00000000099999999968 0.00000000099999999968 0.00000000099999999968 0.00000000099999999968 0.00000000099999999968 0.00000000099999999968 0.00000000099999999968 0.00000000099999999968 0.99999998899999997803
58 58 (0) 7 : 0.00000000099999999962 0.00000000099999999962 0.00000000099999999962 0.00000000099999999962 0.99999998900000008906 0.00000000099999999962 0.00000000099999999962 0.00000000099999999962 0.00000000099999999962 0.00000000099999999962 0.00000000099999999962 0.00000000099999999962
59 59 (0) 7 : 0.34099056534233573856 0.25354960159959927246 0.29350491635884956576 0.00000000099999999995 0.00000000099999999995 0.00000000099999999995 0.00000000099999999995 0.00000000099999999995 0.00000000099999999995 0.11195490869921573274 0.00000000099999999995 0.00000000099999999995
60 60 (0) 7 : 0.00000000099999999998 0.19958823208749995604 0.26480753002648327321 0.00000346946382776900 0.25900549963406627185 0.00000000099999999998 0.00000000099999999998 0.00816523197330347970 0.00000000784680076950 0.00000000099999999998 0.01889362113615380631 0.24953640383186476148
61 61 (0) 7 : 0.59499021130758844578 0.00000000099999999992 0.00000000099999999992 0.00000000099999999992 0.00000000099999999992 0.40500977869241172602 0.00000000099999999992 0.00000000099999999992 0.00000000099999999992 0.00000000099999999992 0.00000000099999999992 0.00000000099999999992
62 62 (0) 7 : 0.00000000099999999894 0.00000000099999999894 0.00000000099999999894 0.00000000099999999894 0.00000000099999999894 0.00000000099999999894 0.00000000099999999894 0.99999998899999986701 0.00000000099999999894 0.00000000099999999894 0.00000000099999999894 0.00000000099999999894
63 63 (0) 7 : 0.07352710287538886946 0.18494743648841802108 0.12792899083059616760 0.01037464919058420088 0.22291092086372391035 0.16041356071560594621 0.03105872094371819186 0.00000000099999999998 0.03571075473997267768 0.15312786035199196788 0.00000000099999999998 0.00000000099999999998
64 64 (0) 8 : 0.00000000099999999996 0.00000000099999999996 0.00000000099999999996 0.00000000099999999996 0.00000000099999999996 0.00000000099999999996 0.22652308224503575618 0.03346815888224179830 0.24947606370070227189 0.00000000099999999996 0.00000000099999999996 0.49053268717202025417
65 65 (0) 8 : 0.00000000099999999977 0.99999998900000031110 0.00000000099999999977 0.00000000099999999977 0.00000000099999999977 0.00000000099999999977 0.00000000099999999977 0.00000000099999999977 0.00000000099999999977 0.00000000099999999977 0.00000000099999999977 0.00000000099999999977
66 66 (0) 9 : 0.00000000099999999985 0.00000000099999999985 0.99999998900000020008 0.00000000099999999985 0.00000000099999999985 0.00000000099999999985 0.00000000099999999985 0.00000000099999999985 0.00000000099999999985 0.00000000099999999985 0.00000000099999999985 0.00000000099999999985
67 67 (0) 10 : 0.12990713096402214943 0.00005713703601327262 0.28102425858152679794 0.02205003578058473482 0.12787655369704581387 0.07659234425580729866 0.18286832073605116533 0.03983219342165646160 0.00000063748527927059 0.13979138604201302165 0.00000000099999999999 0.00000000099999999999
68 68 (0) 10 : 0.00000036601773099983 0.12085254863976507833 0.16063241035476841234 0.00000000099999999999 0.09387852183357131564 0.09455671961732274589 0.04872163927191280886 0.00000000099999999999 0.17497175285947796919 0.07577277216400986337 0.00668269436314597020 0.22393057287829470914
69 69 (0) 10 : 0.00000000099999999979 0.00000000099999999979 0.00000000099999999979 0.00000000099999999979 0.00000000099999999979 0.00000000099999999979 0.00000000099999999979 0.00000000099999999979 0.99999998900000008906 0.00000000099999999979 0.00000000099999999979 0.00000000099999999979
70 70 (0) 10 : 0.00000000099999999997 0.00000000099999999997 0.27185680601500039621 0.00000000099999999997 0.27699834280450225110 0.00000000099999999997 0.00000000099999999997 0.00018471064547267177 0.32114468580369576189 0.12981483223597536925 0.00000000099999999997 0.00000061649535351545
71 71 (0) 10 : 0.00000000099999999981 0.00000000099999999981 0.00000000099999999981 0.00000000099999999981 0.00000000099999999981 0.99999998900000008906 0.00000000099999999981 0.00000000099999999981 0.00000000099999999981 0.00000000099999999981 0.00000000099999999981 0.00000000099999999981
72 72 (0) 10 : 0.00000000099999999984 0.00000000099999999984 0.99999998900000008906 0.00000000099999999984 0.00000000099999999984 0.00000000099999999984 0.00000000099999999984 0.00000000099999999984 0.00000000099999999984 0.00000000099999999984 0.00000000099999999984 0.00000000099999999984
73 73 (0) 10 : 0.00000000099999999969 0.00000000099999999969 0.00000000099999999969 0.00000000099999999969 0.00000000099999999969 0.00000000099999999969 0.99999998900000008906 0.00000000099999999969 0.00000000099999999969 0.00000000099999999969 0.00000000099999999969 0.00000000099999999969
74 74 (0) 10 : 0.00000000099999999956 0.00000000099999999956 0.00000000099999999956 0.00000000099999999956 0.00000000099999999956 0.00000000099999999956 0.00000000099999999956 0.00000000099999999956 0.00000000099999999956 0.99999998900000008906 0.00000000099999999956 0.00000000099999999956
75 75 (0) 10 : 0.27969492193406791936 0.13188055512416801962 0.00009597901449343908 0.00000000099999999998 0.00005254533141699985 0.15176354417756357518 0.15992993343555514385 0.03769183847236556861 0.23822135447321135526 0.00000000099999999998 0.00066932503715796759 0.00000000099999999998
76 76 (0) 10 : 0.00000000099999999953 0.00000000099999999953 0.00000000099999999953 0.00000000099999999953 0.00000000099999999953 0.00000000099999999953 0.00000000099999999953 0.00000000099999999953 0.00000000099999999953 0.99999998899999997803 0.00000000099999999953 0.00000000099999999953
