1:	0.0575 0.0332 0.0991 0.0020 0.0000 0.0066 0.0101 0.0370 0.3597 0.2072 0.1719 0.0156 	7
2:	0.1667 0.0201 0.0517 0.0000 0.5171 0.0064 0.0046 0.1667 0.0490 0.0000 0.0000 0.0178 	6
3:	0.2500 0.0000 0.0000 0.0000 0.0000 0.0066 0.0461 0.2500 0.2500 0.0000 0.1141 0.0831 	4
4:	0.1250 0.0000 0.2701 0.0006 0.0865 0.0000 0.0000 0.1206 0.1373 0.0001 0.1974 0.0625 	16
5:	0.0000 0.0066 0.2760 0.0000 0.0018 0.0150 0.0000 0.1524 0.2069 0.0000 0.1765 0.1649 	1
6:	0.0580 0.0915 0.1022 0.0874 0.0632 0.0483 0.0953 0.0435 0.0745 0.1470 0.0901 0.0992 	23
7:	0.1063 0.0017 0.1144 0.0032 0.0942 0.1680 0.0442 0.1682 0.0416 0.2470 0.0060 0.0052 	6
8:	0.5000 0.0000 0.0000 0.0000 0.0000 0.0168 0.0000 0.0000 0.2452 0.0000 0.1247 0.1133 	2
9:	0.0000 0.0000 1.0000 0.0000 0.0000 0.0000 0.0000 0.0000 0.0000 0.0000 0.0000 0.0000 	1
10:	0.0253 0.0022 0.1714 0.0007 0.1323 0.0078 0.2345 0.0410 0.0224 0.0499 0.1734 0.1391 	10
