-------------------------------------------------------------------------------
 L       Percentage of nodes in the largest component
 D       Percentage of nodes in components of size at most 3 [-div option]
 R       Percentage of nodes not in L or D: 100 - L -D
 S       Percentage of nodes that are singletons
 E       Fraction of edges retained (input graph has 2450)
 cce     Expected size of component, nodewise [ sum(sz^2) / sum^2(sz) ]
 EW      Edge weight traits (mean, median and IQR)
 ND      Node degree traits [mean, median and IQR]
 CCF     Clustering coefficient (scale 1-100)
 eff     Induced component efficiency relative to start graph (scale 1-1000)
Total number of nodes: 50
----------------------------------------------------------------------------------------------
  L   D   R   S     E     cce  EWmean   EWmed   EWiqr  NDmean   NDmed  NDiqr CCF  eff  Cutoff 
----------------------------------------------------------------------------------------------
100   0   0   0 0.829      50    0.58    0.57    0.06    40.6    43.5    4.5   -    -     0.50
100   0   0   0 0.793      50    0.58    0.57    0.06    38.9    41.5    5.5   -    -     0.51
100   0   0   0 0.749      50    0.58    0.57    0.06    36.7    39.5    6.5   -    -     0.52
100   0   0   0 0.689      50    0.59    0.58    0.06    33.8    35.5    8.0   -    -     0.53
100   0   0   0 0.617      50    0.59    0.58    0.05    30.2    32.5    8.5   -    -     0.54
 98   2   0   2 0.537      48    0.60    0.59    0.05    26.3    28.5    9.0   -    -     0.55
 98   2   0   2 0.467      48    0.61    0.60    0.05    22.9    24.5   10.0   -    -     0.56
 98   2   0   2 0.385      48    0.62    0.61    0.05    18.9    19.5    9.0   -    -     0.57
 96   4   0   4 0.314      46    0.63    0.62    0.05    15.4    15.5    8.5   -    -     0.58
 94   6   0   6 0.266      44    0.63    0.62    0.05    13.0    13.5    9.5   -    -     0.59
 94   6   0   6 0.217      44    0.64    0.63    0.04    10.6    11.5    8.5   -    -     0.60
 92   8   0   8 0.173      42    0.65    0.64    0.05     8.5     8.5    7.0   -    -     0.61
 84  16   0  16 0.133      35    0.66    0.65    0.04     6.5     7.5    7.5   -    -     0.62
 82  18   0  18 0.108      34    0.67    0.66    0.04     5.3     4.5    5.0   -    -     0.63
 82  18   0  18 0.082      34    0.68    0.67    0.05     4.0     3.5    4.5   -    -     0.64
 76  24   0  18 0.070      29    0.69    0.68    0.05     3.4     2.5    4.0   -    -     0.65
 36  40  24  26 0.052      10    0.71    0.68    0.05     2.6     2.5    4.0   -    -     0.66
 28  48  24  36 0.042       7    0.71    0.70    0.05     2.1     1.5    3.5   -    -     0.67
 24  56  20  44 0.032       6    0.73    0.71    0.07     1.6     1.5    2.5   -    -     0.68
 20  72   8  52 0.023       3    0.74    0.73    0.05     1.1     0.5    1.5   -    -     0.69
 20  80   0  60 0.020       3    0.75    0.74    0.04     1.0     0.5    1.5   -    -     0.70
 20  80   0  68 0.017       3    0.76    0.75    0.04     0.8     0.5    1.5   -    -     0.71
 16  84   0  68 0.016       2    0.76    0.76    0.03     0.8     0.5    1.5   -    -     0.72
 14  86   0  78 0.012       2    0.77    0.76    0.03     0.6     0.5    0.5   -    -     0.73
 12  88   0  80 0.011       2    0.78    0.76    0.04     0.5     0.5    0.5   -    -     0.74
 12  88   0  80 0.009       2    0.79    0.77    0.04     0.4     0.5    0.5   -    -     0.75
 12  88   0  80 0.007       2    0.79    0.77    0.04     0.4     0.5    0.5   -    -     0.76
  8  92   0  92 0.003       1    0.83    0.82    0.03     0.2     0.5    0.5   -    -     0.77
  8  92   0  92 0.003       1    0.83    0.82    0.03     0.2     0.5    0.5   -    -     0.78
  8  92   0  92 0.003       1    0.83    0.82    0.03     0.2     0.5    0.5   -    -     0.79
  8  92   0  92 0.002       1    0.84    0.84    0.04     0.1     0.5    0.5   -    -     0.80
  0 100   0  94 0.002       1    0.86    0.86    0.05     0.1     0.5    0.5   -    -     0.81
  0 100   0  94 0.002       1    0.86    0.86    0.05     0.1     0.5    0.5   -    -     0.82
  0 100   0  94 0.002       1    0.86    0.86    0.05     0.1     0.5    0.5   -    -     0.83
  0 100   0  96 0.001       1    0.89    0.89    0.00     0.0     0.5    0.5   -    -     0.84
  0 100   0  96 0.001       1    0.89    0.89    0.00     0.0     0.5    0.5   -    -     0.85
  0 100   0  96 0.001       1    0.89    0.89    0.00     0.0     0.5    0.5   -    -     0.86
  0 100   0  96 0.001       1    0.89    0.89    0.00     0.0     0.5    0.5   -    -     0.87
  0 100   0  96 0.001       1    0.89    0.89    0.00     0.0     0.5    0.5   -    -     0.88
  0 100   0  96 0.001       1    0.89    0.89    0.00     0.0     0.5    0.5   -    -     0.89
  0 100   0 100 0.000       1    0.00    0.00    0.00     0.0     0.5    0.5   -    -     0.90
  0 100   0 100 0.000       1    0.00    0.00    0.00     0.0     0.5    0.5   -    -     0.91
  0 100   0 100 0.000       1    0.00    0.00    0.00     0.0     0.5    0.5   -    -     0.92
  0 100   0 100 0.000       1    0.00    0.00    0.00     0.0     0.5    0.5   -    -     0.93
  0 100   0 100 0.000       1    0.00    0.00    0.00     0.0     0.5    0.5   -    -     0.94
  0 100   0 100 0.000       1    0.00    0.00    0.00     0.0     0.5    0.5   -    -     0.95
  0 100   0 100 0.000       1    0.00    0.00    0.00     0.0     0.5    0.5   -    -     0.96
  0 100   0 100 0.000       1    0.00    0.00    0.00     0.0     0.5    0.5   -    -     0.97
  0 100   0 100 0.000       1    0.00    0.00    0.00     0.0     0.5    0.5   -    -     0.98
  0 100   0 100 0.000       1    0.00    0.00    0.00     0.0     0.5    0.5   -    -     0.99
---------------------------------------------------------------------------------------------
