1:	0.1655 0.0305 0.3052 0.0189 0.0724 0.1529 0.2547 	7
2:	0.1791 0.0223 0.1764 0.0090 0.4972 0.0868 0.0292 	6
3:	0.1603 0.0083 0.5342 0.0056 0.0150 0.2140 0.0626 	4
4:	0.2612 0.0067 0.3254 0.0115 0.1486 0.0951 0.1514 	16
5:	0.1372 0.0120 0.4760 0.0000 0.0951 0.0818 0.1980 	1
6:	0.1975 0.0946 0.2165 0.0918 0.1001 0.1049 0.1948 	23
7:	0.2243 0.0026 0.0867 0.0000 0.1941 0.2104 0.2820 	6
8:	0.2511 0.0070 0.2006 0.0271 0.0232 0.1026 0.3882 	2
9:	0.6069 0.0000 0.2230 0.0037 0.0495 0.0630 0.0540 	1
10:	0.3868 0.0031 0.1846 0.0105 0.1863 0.0508 0.1780 	10
