1 1 (0) 1 : 0.36322955491304415032 0.04475647134785735309 0.12252197921282088899 0.00000000100000000000 0.41881756677768566810 0.04385903402962772896 0.00681539271896430474
2 2 (0) 1 : 0.44019947905298362212 0.00000000099999999999 0.00000000099999999999 0.03603895723544731089 0.00000001717997741286 0.43417214394473763184 0.08958940058685385677
3 3 (0) 1 : 0.09300080627699655600 0.11148694532987406258 0.00000000099999999998 0.04654707372745186394 0.42246443705473557539 0.32650063017152430866 0.00000010643941762176
4 4 (0) 1 : 0.00000000099999999999 0.00000197490010931062 0.04514074499038345234 0.04559143168676928898 0.00000000099999999999 0.82825405191697076823 0.08101179450576721786
5 5 (0) 1 : 0.00000000099999999989 0.99999999400000005867 0.00000000099999999989 0.00000000099999999989 0.00000000099999999989 0.00000000099999999989 0.00000000099999999989
6 6 (0) 1 : 0.11451062377814702486 0.08303486380315387716 0.03839863275738467085 0.02929264136578751607 0.22952543353204404863 0.50523780376348292886 0.00000000100000000000
7 7 (0) 1 : 0.00000000099999999994 0.00000000099999999994 0.00000000099999999994 0.00000000099999999994 0.00000000099999999994 0.99999999399999994765 0.00000000099999999994
8 8 (0) 2 : 0.34048173281399973789 0.00000000099999999999 0.00000000099999999999 0.00000000099999999999 0.00000086754168080657 0.60333190431967831380 0.05618549232464110921
9 9 (0) 2 : 0.47189296787421253221 0.00005947736373445353 0.05026660541751210021 0.03821263722260073714 0.35868093064318984364 0.04871354128404810357 0.03217384019470215933
10 10 (0) 2 : 0.51082888618576616224 0.00000000099999999999 0.07326747619129150846 0.02080188221433234078 0.38520129385453955040 0.00000000099999999999 0.00990045955407044438
11 11 (0) 2 : 0.41492722602953541200 0.00000000099999999999 0.17000870768978615377 0.00000000099999999999 0.38641297075817415685 0.00000000099999999999 0.02865109252250437957
12 12 (0) 2 : 0.00000000099999999996 0.00000000099999999996 0.00000000099999999996 0.06079445256575787687 0.93920554243424203555 0.00000000099999999996 0.00000000099999999996
13 13 (0) 2 : 0.26058460101818220478 0.00000000099999999997 0.00000000099999999997 0.00000000099999999997 0.22168922380056815813 0.47404388080938314465 0.04368229137186645239
14 14 (0) 3 : 0.00000000099999999993 0.00000000099999999993 0.00000000099999999993 0.00000000099999999993 0.00000000099999999993 0.99999999400000005867 0.00000000099999999993
15 15 (0) 3 : 0.30123436782465212724 0.00672804589166591926 0.02543447448717614870 0.02828094826026215924 0.34560494976871930506 0.28240417838228631942 0.01031303538523802542
16 16 (0) 3 : 0.00000000099999999998 0.00000000099999999998 0.00000000099999999998 0.00000000099999999998 0.57031813584076984647 0.37178018080007541046 0.05790167935915477987
17 17 (0) 3 : 0.00000000099999999992 0.00000000099999999992 0.00000000099999999992 0.00000000099999999992 0.00000000099999999992 0.99999999400000005867 0.00000000099999999992
18 18 (0) 4 : 0.12614792210201636324 0.20116712614539936088 0.00236054879416696490 0.01601952012562002717 0.00000000100000000000 0.58028128490404651263 0.07402359692875067065
19 19 (0) 4 : 0.26636385947002350072 0.26654496349688244772 0.01976900396166270460 0.00000000099999999999 0.44731812574619161937 0.00000404532523962667 0.00000000099999999999
20 20 (0) 4 : 0.00000000099999999995 0.00000000099999999995 0.00000000099999999995 0.00000000099999999995 0.00000000099999999995 0.99999999400000005867 0.00000000099999999995
21 21 (0) 4 : 0.27763378924539339199 0.00000000100000000000 0.01738114717506831011 0.00000000100000000000 0.00000000100000000000 0.64042522515381561377 0.06455983542572259204
22 22 (0) 4 : 0.25633507281189871208 0.00039278371642117261 0.00178406697993448529 0.01580105799415372145 0.44299220731381483418 0.28269481018377690118 0.00000000100000000000
23 23 (0) 4 : 0.31499053947053751168 0.17984407136149332951 0.00280394905760099258 0.02553095771776361586 0.28123487425798432415 0.19559560713462026404 0.00000000100000000000
24 24 (0) 4 : 0.00000000099999999996 0.24074848200932325026 0.00000000099999999996 0.00000000099999999996 0.00000000099999999996 0.75925151299067661359 0.00000000099999999996
25 25 (0) 4 : 0.00000000099999999994 0.00000000099999999994 0.00000000099999999994 0.00000000099999999994 0.00000000099999999994 0.99999999400000005867 0.00000000099999999994
26 26 (0) 4 : 0.32667993108568388338 0.01255846832592705416 0.03327756087958749776 0.01114489381022557880 0.22820391467004455532 0.34981212482566576005 0.03832310640286575032
27 27 (0) 4 : 0.13968346870090597722 0.00000000100000000000 0.00215692601316843594 0.01861737961366468491 0.47854603176989696234 0.36099605368818710183 0.00000013921417677105
28 28 (0) 4 : 0.26705832836785570183 0.00000000100000000000 0.01728769974424197026 0.05281536272951618816 0.38528950654487031935 0.20533400965100356839 0.07221509196251210683
29 29 (0) 4 : 0.24452631983535683124 0.00009692886259515767 0.03134925793274261074 0.01663913763657068334 0.12567070737855251528 0.54140715339020029084 0.04031049496398191739
30 30 (0) 4 : 0.08823791439542702508 0.00000000244024528395 0.01092486049421014828 0.02273875454891187073 0.49835326213722147548 0.35791162588339769934 0.02183358010058653390
31 31 (0) 4 : 0.00000000099999999996 0.00000000099999999996 0.00000000099999999996 0.00000000099999999996 0.50095218878916258909 0.49904780621083738579 0.00000000099999999996
32 32 (0) 4 : 0.00000000099999999993 0.00000000099999999993 0.00000000099999999993 0.00000000099999999993 0.99999999400000005867 0.00000000099999999993 0.00000000099999999993
33 33 (0) 4 : 0.00000001772830625994 0.19359261775847133591 0.00000000099999999998 0.06740572932520789984 0.73900163218801451226 0.00000000099999999998 0.00000000099999999998
34 34 (0) 5 : 0.00000000099999999997 0.00000000099999999997 0.00000000099999999997 0.00000000099999999997 0.00000000099999999997 0.99999999399999994765 0.00000000099999999997
35 35 (0) 6 : 0.18336948262788535513 0.10828358432361019636 0.01635392793379542020 0.00793748393955368350 0.34050518352479564044 0.25966607175615463721 0.08388426589420511226
36 36 (0) 6 : 0.56225967957971123568 0.00000000099999999998 0.00000000099999999998 0.00000000099999999998 0.00000000099999999998 0.39934636961424907486 0.03839394680603987892
37 37 (0) 6 : 0.00000000099999999946 0.00000000099999999946 0.00000000099999999946 0.00000000099999999946 0.00000000099999999946 0.00000000099999999946 0.99999999400000005867
38 38 (0) 6 : 0.99999999400000005867 0.00000000099999999990 0.00000000099999999990 0.00000000099999999990 0.00000000099999999990 0.00000000099999999990 0.00000000099999999990
39 39 (0) 6 : 0.99999999400000016969 0.00000000099999999993 0.00000000099999999993 0.00000000099999999993 0.00000000099999999993 0.00000000099999999993 0.00000000099999999993
40 40 (0) 6 : 0.00000000099999999990 0.99999999400000005867 0.00000000099999999990 0.00000000099999999990 0.00000000099999999990 0.00000000099999999990 0.00000000099999999990
41 41 (0) 6 : 0.00000000099999999984 0.00000000099999999984 0.99999999399999994765 0.00000000099999999984 0.00000000099999999984 0.00000000099999999984 0.00000000099999999984
42 42 (0) 6 : 0.13006760945144293928 0.16602314359024381019 0.01573009777898780673 0.00000000099999999999 0.27662771902248861622 0.37631300249783988798 0.03523842665899677012
43 43 (0) 6 : 0.19928213244028655793 0.18766337196825552680 0.01454194217672346093 0.04587020427391678978 0.52460529745398554180 0.02777972959002716555 0.00025732209680504482
44 44 (0) 6 : 0.16207364237975135923 0.12890670661518188744 0.02331050687003190236 0.01306087646830891673 0.20974769032792014989 0.46289759489666537640 0.00000298244214028480
45 45 (0) 6 : 0.00000000099999999989 0.99999999400000005867 0.00000000099999999989 0.00000000099999999989 0.00000000099999999989 0.00000000099999999989 0.00000000099999999989
46 46 (0) 6 : 0.00000000099999999917 0.00000000099999999917 0.00000000099999999917 0.99999999400000005867 0.00000000099999999917 0.00000000099999999917 0.00000000099999999917
47 47 (0) 6 : 0.99999999400000005867 0.00000000099999999991 0.00000000099999999991 0.00000000099999999991 0.00000000099999999991 0.00000000099999999991 0.00000000099999999991
48 48 (0) 6 : 0.00000000099999999999 0.27565515043194582789 0.00000000099999999999 0.03108665138869280697 0.63994201213632107006 0.00000000099999999999 0.05331618304304028277
49 49 (0) 6 : 0.00000000099999999864 0.00000000099999999864 0.99999999399999994765 0.00000000099999999864 0.00000000099999999864 0.00000000099999999864 0.00000000099999999864
50 50 (0) 6 : 0.00000000099999999995 0.00000000099999999995 0.00000000099999999995 0.00000000099999999995 0.95832506436847408882 0.00000000099999999995 0.04167493063152589994
51 51 (0) 6 : 0.00000000100000000000 0.39742342786849937930 0.05103148915936380620 0.02848718429184706954 0.49429966976598171957 0.00000087190835731904 0.02875735600595059893
52 52 (0) 6 : 0.00000000099999999950 0.00000000099999999950 0.00000000099999999950 0.99999999399999994765 0.00000000099999999950 0.00000000099999999950 0.00000000099999999950
53 53 (0) 6 : 0.00000000099999999991 0.00000000099999999991 0.00000000099999999991 0.00000000099999999991 0.99999999399999994765 0.00000000099999999991 0.00000000099999999991
54 54 (0) 6 : 0.00000000099999999998 0.30671565137627770925 0.00000000099999999998 0.02525805802778660278 0.23094379819686999822 0.43708248939906546582 0.00000000099999999998
55 55 (0) 6 : 0.99999999400000016969 0.00000000099999999991 0.00000000099999999991 0.00000000099999999991 0.00000000099999999991 0.00000000099999999991 0.00000000099999999991
56 56 (0) 6 : 0.00000000099999999986 0.99999999400000016969 0.00000000099999999986 0.00000000099999999986 0.00000000099999999986 0.00000000099999999986 0.00000000099999999986
57 57 (0) 6 : 0.00000000099999999992 0.00000000099999999992 0.00000000099999999992 0.00000000099999999992 0.00000000099999999992 0.99999999400000005867 0.00000000099999999992
58 58 (0) 7 : 0.55165977227565254903 0.44834022272434753686 0.00000000099999999993 0.00000000099999999993 0.00000000099999999993 0.00000000099999999993 0.00000000099999999993
59 59 (0) 7 : 0.16490430309879824944 0.19006143604272873748 0.00000000099999999999 0.00000000099999999999 0.42068775804502461790 0.18048233723477544177 0.04386416357867282956
60 60 (0) 7 : 0.00000000099999999986 0.99999999400000005867 0.00000000099999999986 0.00000000099999999986 0.00000000099999999986 0.00000000099999999986 0.00000000099999999986
61 61 (0) 7 : 0.00000000099999999998 0.26323592765451120368 0.00000000099999999998 0.00000000099999999998 0.00000000099999999998 0.67881483000572728770 0.05794923833976127481
62 62 (0) 7 : 0.00000000099999999940 0.00000000099999999940 0.00000000099999999940 0.00000000099999999940 0.00000000099999999940 0.00000000099999999940 0.99999999400000005867
63 63 (0) 7 : 0.27973459416038970460 0.15898263233690271279 0.02926691122886653992 0.00000000099999999998 0.53201585927384109631 0.00000000099999999998 0.00000000099999999998
64 64 (0) 8 : 0.00000000099999999998 0.00000000099999999998 0.00054812606428889389 0.04965358417589030987 0.94205166878828583421 0.00000000099999999998 0.00774661797153509534
65 65 (0) 8 : 0.00000000099999999987 0.99999999400000016969 0.00000000099999999987 0.00000000099999999987 0.00000000099999999987 0.00000000099999999987 0.00000000099999999987
66 66 (0) 9 : 0.00000000099999999996 0.00000000099999999996 0.00000000099999999996 0.00000000099999999996 0.99999999400000005867 0.00000000099999999996 0.00000000099999999996
67 67 (0) 10 : 0.00000000099999999996 0.00000000099999999996 0.00000003006335758060 0.00000000099999999996 0.98515427267968025404 0.00000000099999999996 0.01484569325696214956
68 68 (0) 10 : 0.22410992796970310992 0.17778201555658132427 0.00000000099999999999 0.01096259791096387132 0.15557677394370086899 0.43156868261905068085 0.00000000099999999999
69 69 (0) 10 : 0.31763581152189335199 0.00000000099999999998 0.00000000099999999998 0.06804400001205943016 0.58154533985915879413 0.00000022558607062787 0.03277462102081788592
70 70 (0) 10 : 0.15420864362372019296 0.17586172354042839405 0.00000000099999999999 0.02348706956675064572 0.44542411937904852204 0.18824381616132693229 0.01277462672872522326
71 71 (0) 10 : 0.00000000099999999998 0.28390568904779178716 0.00000000099999999998 0.00000000099999999998 0.71609430595220824323 0.00000000099999999998 0.00000000099999999998
72 72 (0) 10 : 0.00000000099999999994 0.00000000099999999994 0.00000000099999999994 0.00000000099999999994 0.99999999399999994765 0.00000000099999999994 0.00000000099999999994
73 73 (0) 10 : 0.30731276064904639034 0.00000000100000000000 0.01476175833673165974 0.00862605312656916645 0.29040990125353538520 0.37637199056428533028 0.00251753506983206331
74 74 (0) 10 : 0.99999999400000005867 0.00000000099999999986 0.00000000099999999986 0.00000000099999999986 0.00000000099999999986 0.00000000099999999986 0.00000000099999999986
75 75 (0) 10 : 0.00000000099999999996 0.00000000099999999996 0.00000000099999999996 0.00000000099999999996 0.94617594946651373267 0.00000000099999999996 0.05382404553348626997
76 76 (0) 10 : 0.99999999400000016969 0.00000000099999999990 0.00000000099999999990 0.00000000099999999990 0.00000000099999999990 0.00000000099999999990 0.00000000099999999990
1 1 (0) 1 : 0.31217317986945003483 0.04043813493649046908 0.22966276176247282792 0.12024792797819221224 0.07722877126332568232 0.00000000100000000000 0.22024922319006901006
2 2 (0) 1 : 0.40854050650087103680 0.00000000099999999996 0.57106856436199660010 0.00000000099999999996 0.00000000099999999996 0.02039092513713241031 0.00000000099999999996
3 3 (0) 1 : 0.00000000099999999996 0.61368807593166041503 0.00000000099999999996 0.00000000099999999996 0.00000000099999999996 0.01451959547261499200 0.37179232459572458813
4 4 (0) 1 : 0.00000000100000000000 0.42366207415200668462 0.34522290040813052858 0.04533247957060870803 0.06889462000770359140 0.03211513740555782537 0.08477278745599266252
5 5 (0) 1 : 0.36033026777326482293 0.22173872746978987025 0.21415244085678758479 0.05380874367544217357 0.06914848317826713386 0.00794155775010341007 0.07287977929634492646
6 6 (0) 1 : 0.19829591932425716383 0.24290577307475300084 0.25493760529794834424 0.04376486173905010102 0.00144661827649141895 0.02141826096837522522 0.23723096131912471685
7 7 (0) 1 : 0.07665028276674273888 0.59372055736725937169 0.18918780466098403248 0.00000000100000000000 0.10708297799157882879 0.03335837521343518186 0.00000000100000000000
8 8 (0) 2 : 0.14739806774634561792 0.13074211265174442986 0.11904140031239177078 0.00000000099999999999 0.26271137587394438606 0.00000000099999999999 0.34010704141557368541
9 9 (0) 2 : 0.00000000099999999982 0.00000000099999999982 0.00000000099999999982 0.00000000099999999982 0.99999999400000005867 0.00000000099999999982 0.00000000099999999982
10 10 (0) 2 : 0.00000000099999999975 0.00000000099999999975 0.00000000099999999975 0.00000000099999999975 0.99999999400000005867 0.00000000099999999975 0.00000000099999999975
11 11 (0) 2 : 0.00000000099999999994 0.00000000099999999994 0.00000000099999999994 0.11081054594103602329 0.88918944905896390996 0.00000000099999999994 0.00000000099999999994
12 12 (0) 2 : 0.00000000100000000000 0.47189584918425964144 0.12107341948272618004 0.00000000100000000000 0.00000000100000000000 0.04722339138742997350 0.35980733694558436619
13 13 (0) 2 : 0.16380397098002968947 0.29423616491151094454 0.24588526268191329693 0.00000000099999999998 0.07204891572383696763 0.00000000099999999998 0.22402568370270919962
14 14 (0) 3 : 0.00000000099999999989 0.00000000099999999989 0.99999999399999994765 0.00000000099999999989 0.00000000099999999989 0.00000000099999999989 0.00000000099999999989
15 15 (0) 3 : 0.19365798968579778228 0.43924748405935820639 0.31951880601125304260 0.03661202883794122814 0.00000000099999999999 0.01096368940564986655 0.00000000099999999999
16 16 (0) 3 : 0.00000000099999999997 0.45597039634106889539 0.54402959865893130154 0.00000000099999999997 0.00000000099999999997 0.00000000099999999997 0.00000000099999999997
17 17 (0) 3 : 0.00000000099999999993 0.99999999400000005867 0.00000000099999999993 0.00000000099999999993 0.00000000099999999993 0.00000000099999999993 0.00000000099999999993
18 18 (0) 4 : 0.00000000099999999991 0.00000000099999999991 0.99999999400000005867 0.00000000099999999991 0.00000000099999999991 0.00000000099999999991 0.00000000099999999991
19 19 (0) 4 : 0.45832369812875384252 0.00000000099999999999 0.00000000099999999999 0.03092062486526321943 0.00354781146992514621 0.00000000099999999999 0.50720786253605765204
20 20 (0) 4 : 0.26444979769634646694 0.30516724009896106784 0.24343275251758142441 0.01442320547706829603 0.04414193067377636392 0.00000000100000000000 0.12838507253626643689
21 21 (0) 4 : 0.11985709793062541972 0.39696190603964426336 0.30543166488244671841 0.00151886728691951259 0.17623028846004937242 0.00000017440031456879 0.00000000100000000000
22 22 (0) 4 : 0.29297997698295891178 0.13715757333697392584 0.10059933237375785764 0.00000000099999999999 0.00000000099999999999 0.01373882553839833078 0.45552428976791109472
23 23 (0) 4 : 0.00000000099999999986 0.00000000099999999986 0.00000000099999999986 0.00000000099999999986 0.99999999400000005867 0.00000000099999999986 0.00000000099999999986
24 24 (0) 4 : 0.15413599483788928413 0.30752629136415521316 0.00000001115672185478 0.00000000099999999998 0.12263522151085673451 0.00000000099999999998 0.41570247913037688958
25 25 (0) 4 : 0.00000000099999999993 0.99999999400000005867 0.00000000099999999993 0.00000000099999999993 0.00000000099999999993 0.00000000099999999993 0.00000000099999999993
26 26 (0) 4 : 0.12757155606165068717 0.41274068865949586904 0.00000000100000000000 0.02748478988478893908 0.19687741115056339725 0.00000000100000000000 0.23532555224350112932
27 27 (0) 4 : 0.00000000099999999995 0.99999999400000016969 0.00000000099999999995 0.00000000099999999995 0.00000000099999999995 0.00000000099999999995 0.00000000099999999995
28 28 (0) 4 : 0.00000000099999999996 0.00000000099999999996 0.00000000099999999996 0.00000000099999999996 0.00000000099999999996 0.00000000099999999996 0.99999999400000005867
29 29 (0) 4 : 0.24562692484482301358 0.14799319789559559069 0.16629621747167783186 0.02582902727498177786 0.12710121557121240032 0.01485125502250065656 0.27230216191920875168
30 30 (0) 4 : 0.00000000099999999992 0.00000000099999999992 0.00000000099999999992 0.00000000099999999992 0.00000000099999999992 0.00000000099999999992 0.99999999400000005867
31 31 (0) 4 : 0.00000000099999999987 0.00000000099999999987 0.99999999400000005867 0.00000000099999999987 0.00000000099999999987 0.00000000099999999987 0.00000000099999999987
32 32 (0) 4 : 0.00000000099999999990 0.00000000099999999990 0.00000000099999999990 0.00000000099999999990 0.00000000099999999990 0.00000000099999999990 0.99999999399999994765
33 33 (0) 4 : 0.00000000099999999994 0.00000000099999999994 0.00000000099999999994 0.00000000099999999994 0.00000000099999999994 0.03337537956906994757 0.96662461543093003424
34 34 (0) 5 : 0.20871148207851886180 0.17032667104088630716 0.23885754086838906218 0.01529367983286394027 0.08519326346373981562 0.00000000099999999999 0.28161736171560219910
35 35 (0) 6 : 0.00000000100000000000 0.52153177534524941539 0.46128041732970159750 0.01718748872205860465 0.00000000100000000000 0.00000000100000000000 0.00000031560299039377
36 36 (0) 6 : 0.13959307234995357860 0.37636979415698479379 0.23712829772924509664 0.00000000099999999998 0.24690883276381653255 0.00000000099999999998 0.00000000099999999998
37 37 (0) 6 : 0.00000000099999999982 0.00000000099999999982 0.99999999400000005867 0.00000000099999999982 0.00000000099999999982 0.00000000099999999982 0.00000000099999999982
38 38 (0) 6 : 0.00000000099999999992 0.99999999400000016969 0.00000000099999999992 0.00000000099999999992 0.00000000099999999992 0.00000000099999999992 0.00000000099999999992
39 39 (0) 6 : 0.99999999400000016969 0.00000000099999999991 0.00000000099999999991 0.00000000099999999991 0.00000000099999999991 0.00000000099999999991 0.00000000099999999991
40 40 (0) 6 : 0.00000000099999999999 0.69096399831958699167 0.27909525483153385661 0.02994049536610373860 0.00000024848277550447 0.00000000099999999999 0.00000000099999999999
41 41 (0) 6 : 0.00000000099999999983 0.00000000099999999983 0.00000000099999999983 0.99999999399999994765 0.00000000099999999983 0.00000000099999999983 0.00000000099999999983
42 42 (0) 6 : 0.21886125961582408861 0.24699705651827374986 0.26272977870536357026 0.01836170428265811866 0.13486079877826920304 0.00000000099999999999 0.11818940109961137419
43 43 (0) 6 : 0.24147900931391574897 0.19650213901539814731 0.22858799610546401415 0.02301348212161236084 0.01986808619369780787 0.03359590231710815611 0.25695338493280378556
44 44 (0) 6 : 0.18550558933093641567 0.28887137558213976662 0.02970892687126296117 0.03319636328309698986 0.11341162238283869490 0.00783150915009468013 0.34147461339963053328
45 45 (0) 6 : 0.00000000099999999992 0.99999999400000005867 0.00000000099999999992 0.00000000099999999992 0.00000000099999999992 0.00000000099999999992 0.00000000099999999992
46 46 (0) 6 : 0.00000000099999999916 0.00000000099999999916 0.00000000099999999916 0.00000000099999999916 0.00000000099999999916 0.99999999399999994765 0.00000000099999999916
47 47 (0) 6 : 0.99999999400000016969 0.00000000099999999989 0.00000000099999999989 0.00000000099999999989 0.00000000099999999989 0.00000000099999999989 0.00000000099999999989
48 48 (0) 6 : 0.00000000099999999993 0.99999999400000005867 0.00000000099999999993 0.00000000099999999993 0.00000000099999999993 0.00000000099999999993 0.00000000099999999993
49 49 (0) 6 : 0.00000000099999999862 0.00000000099999999862 0.00000000099999999862 0.99999999399999994765 0.00000000099999999862 0.00000000099999999862 0.00000000099999999862
50 50 (0) 6 : 0.25683089856657603800 0.00000000099999999998 0.23360932215536123202 0.00000000099999999998 0.08533079578532636045 0.00000000099999999998 0.42422898049273632948
51 51 (0) 6 : 0.25027902184955724829 0.10663600713543378018 0.18280704407624878693 0.05805108217125811571 0.08028616538874563946 0.01956850710826107259 0.30237217227049528745
52 52 (0) 6 : 0.00000000099999999949 0.00000000099999999949 0.00000000099999999949 0.00000000099999999949 0.00000000099999999949 0.99999999400000005867 0.00000000099999999949
53 53 (0) 6 : 0.00000000099999999989 0.00000000099999999989 0.00000000099999999989 0.00000000099999999989 0.00000000099999999989 0.00000000099999999989 0.99999999400000005867
54 54 (0) 6 : 0.00000000099999999992 0.99999999400000005867 0.00000000099999999992 0.00000000099999999992 0.00000000099999999992 0.00000000099999999992 0.00000000099999999992
55 55 (0) 6 : 0.00000000099999999992 0.99999999400000016969 0.00000000099999999992 0.00000000099999999992 0.00000000099999999992 0.00000000099999999992 0.00000000099999999992
56 56 (0) 6 : 0.99999999400000005867 0.00000000099999999993 0.00000000099999999993 0.00000000099999999993 0.00000000099999999993 0.00000000099999999993 0.00000000099999999993
57 57 (0) 6 : 0.00000000099999999993 0.00000000099999999993 0.00000000099999999993 0.00000000099999999993 0.00000000099999999993 0.00000000099999999993 0.99999999400000005867
58 58 (0) 7 : 0.99999999400000016969 0.00000000099999999987 0.00000000099999999987 0.00000000099999999987 0.00000000099999999987 0.00000000099999999987 0.00000000099999999987
59 59 (0) 7 : 0.00000000109695424929 0.47719111509807776716 0.34138509658815191505 0.00000000099999999998 0.18142378421681618073 0.00000000099999999998 0.00000000099999999998
60 60 (0) 7 : 0.99999999400000005867 0.00000000099999999990 0.00000000099999999990 0.00000000099999999990 0.00000000099999999990 0.00000000099999999990 0.00000000099999999990
61 61 (0) 7 : 0.00000000099999999985 0.00000000099999999985 0.00000000099999999985 0.00000000099999999985 0.99999999399999994765 0.00000000099999999985 0.00000000099999999985
62 62 (0) 7 : 0.00000000099999999979 0.00000000099999999979 0.99999999400000005867 0.00000000099999999979 0.00000000099999999979 0.00000000099999999979 0.00000000099999999979
63 63 (0) 7 : 0.32701703586805197510 0.00000000099999999999 0.00000000099999999999 0.01840778977178153183 0.16418785814548533808 0.00000000099999999999 0.49038731321468093105
64 64 (0) 8 : 0.00000000099999999999 0.00000000099999999999 0.35644016790885829638 0.00596584851609252478 0.00000000099999999999 0.03711769371485241359 0.60047628686019660638
65 65 (0) 8 : 0.44468423685897845443 0.30599223984262452491 0.04618749236979304701 0.01265674112729414658 0.16241488950406926528 0.02806439929724047211 0.00000000100000000000
66 66 (0) 9 : 0.00000000099999999996 0.54991513635845357122 0.00000000099999999996 0.00000000099999999996 0.00000000099999999996 0.00000000099999999996 0.45008485864154657019
67 67 (0) 10 : 0.24589871246686609285 0.07752815411589429606 0.28550259349599510506 0.02387673434817897192 0.00000000099999999999 0.00000000099999999999 0.36719380357306546925
68 68 (0) 10 : 0.28473143857219507247 0.14444855083517718630 0.21591752569221983604 0.00000000099999999999 0.10322268437942239139 0.01888384098858955987 0.23279595853239590242
69 69 (0) 10 : 0.40717097293033549521 0.00000000099999999997 0.00000000099999999997 0.00000000099999999997 0.00000000099999999997 0.04814890053568991746 0.54468012253397457556
70 70 (0) 10 : 0.34802869176231526760 0.00000000099999999998 0.13518522352263742659 0.00000000099999999998 0.00000000099999999998 0.02342568509493944337 0.49336039662010783280
71 71 (0) 10 : 0.00000000099999999998 0.39808492360678643385 0.00000000099999999998 0.00000000099999999998 0.17745563591158022843 0.00000000099999999998 0.42445943648163320105
72 72 (0) 10 : 0.00000000099999999991 0.00000000099999999991 0.00000000099999999991 0.00000000099999999991 0.00000000099999999991 0.00000000099999999991 0.99999999399999994765
73 73 (0) 10 : 0.16903839119310601347 0.32099198516972576867 0.17419140075785072286 0.02162880589106497969 0.06671472970076251785 0.00678371894210893882 0.24065096834538118875
74 74 (0) 10 : 0.99999999400000005867 0.00000000099999999985 0.00000000099999999985 0.00000000099999999985 0.00000000099999999985 0.00000000099999999985 0.00000000099999999985
75 75 (0) 10 : 0.19389332562673405880 0.00000000099999999999 0.22704067785415685266 0.00000000099999999999 0.00025462968428037838 0.03079178608656347668 0.54801957874826534578
76 76 (0) 10 : 0.99999999400000005867 0.00000000099999999990 0.00000000099999999990 0.00000000099999999990 0.00000000099999999990 0.00000000099999999990 0.00000000099999999990
1 1 (0) 1 : 0.12377985352003725850 0.34381481626135024232 0.40178336169559175639 0.08569624667228391279 0.00000000100000000000 0.00763225282473479778 0.03729346802600209954
2 2 (0) 1 : 0.00056816387411120497 0.18793765899379868967 0.32362447623448242773 0.28852870970742350298 0.03051381521593549487 0.06751155866883001844 0.10131561730541878419
3 3 (0) 1 : 0.00000000099999999995 0.00000000099999999995 0.44513885688384507988 0.00000000099999999995 0.03482318305513486950 0.00000000099999999995 0.52003795606102010129
4 4 (0) 1 : 0.02222507546759822095 0.00000000099999999999 0.00000000099999999999 0.42444590812726745721 0.02367407129998161386 0.52965494210515262630 0.00000000099999999999
5 5 (0) 1 : 0.00000000099999999989 0.00000000099999999989 0.00000000099999999989 0.00000000099999999989 0.00000000099999999989 0.99999999400000005867 0.00000000099999999989
6 6 (0) 1 : 0.03346318734274199985 0.00000388999015960440 0.38249925323176420244 0.10649759353428765729 0.02719337526605913880 0.22196125118204804161 0.22838144945293936683
7 7 (0) 1 : 0.00000000099999999997 0.00000000099999999997 0.00000000099999999997 0.00000000099999999997 0.00768593157533698987 0.45286079542453888669 0.53945326900012413596
8 8 (0) 2 : 0.00000000099999999999 0.36497326573410066031 0.00000000099999999999 0.06955573741851094061 0.00000000099999999999 0.13156224993843251836 0.43390874390895572965
9 9 (0) 2 : 0.00000000099999999991 0.99999999400000016969 0.00000000099999999991 0.00000000099999999991 0.00000000099999999991 0.00000000099999999991 0.00000000099999999991
10 10 (0) 2 : 0.00000000099999999984 0.99999999400000016969 0.00000000099999999984 0.00000000099999999984 0.00000000099999999984 0.00000000099999999984 0.00000000099999999984
11 11 (0) 2 : 0.13434868253852955133 0.86565131246147064559 0.00000000099999999995 0.00000000099999999995 0.00000000099999999995 0.00000000099999999995 0.00000000099999999995
12 12 (0) 2 : 0.00000000099999999998 0.00000000099999999998 0.49012905776643822531 0.00000000099999999998 0.04647152206014736747 0.00000000099999999998 0.46339941617341440239
13 13 (0) 2 : 0.00000000099999999994 0.00000000099999999994 0.38682072835993458471 0.61317926664006539017 0.00000000099999999994 0.00000000099999999994 0.00000000099999999994
14 14 (0) 3 : 0.00000000099999999991 0.00000000099999999991 0.00000000099999999991 0.00000000099999999991 0.00000000099999999991 0.00000000099999999991 0.99999999400000005867
15 15 (0) 3 : 0.02907282063410334544 0.00000000100000000000 0.41166632550537674007 0.00000000100000000000 0.02187853382625898346 0.20758603375581785588 0.32979628427844309702
16 16 (0) 3 : 0.00000000099999999987 0.00000000099999999987 0.99999999399999994765 0.00000000099999999987 0.00000000099999999987 0.00000000099999999987 0.00000000099999999987
17 17 (0) 3 : 0.00000000099999999984 0.00000000099999999984 0.00000000099999999984 0.99999999399999994765 0.00000000099999999984 0.00000000099999999984 0.00000000099999999984
18 18 (0) 4 : 0.00000000099999999999 0.00000000099999999999 0.24858689082532386960 0.41142542787296215723 0.03094818861128210280 0.30903948969043182338 0.00000000099999999999
19 19 (0) 4 : 0.00000000099999999993 0.00000000099999999993 0.99999999400000005867 0.00000000099999999993 0.00000000099999999993 0.00000000099999999993 0.00000000099999999993
20 20 (0) 4 : 0.00000000099999999997 0.00000000099999999997 0.00000000099999999997 0.00000000099999999997 0.00000000099999999997 0.56167249561316734408 0.43832749938683268631
21 21 (0) 4 : 0.00000000099999999998 0.52511888097117886964 0.00000000099999999998 0.47488111402882121626 0.00000000099999999998 0.00000000099999999998 0.00000000099999999998
22 22 (0) 4 : 0.00000000100000000000 0.29547178502345916584 0.39058707825388788715 0.00000000100000000000 0.00692435295261468325 0.17651112786229647411 0.13050565390774179764
23 23 (0) 4 : 0.00000000100000000000 0.41063638254097217795 0.30025284886156278219 0.06206274335416672727 0.00348718398676078033 0.22356083925653741362 0.00000000100000000000
24 24 (0) 4 : 0.00000000099999999998 0.18107893031591820732 0.07681502964323554117 0.12651152147204461351 0.00000000099999999998 0.23615280860563242493 0.37944170796316922800
25 25 (0) 4 : 0.00000000099999999997 0.00000000099999999997 0.00000000099999999997 0.00000000099999999997 0.00000000099999999997 0.44139858763506867323 0.55860140736493135716
26 26 (0) 4 : 0.02987904702192389558 0.50250792025379353856 0.00000000099999999999 0.00000000099999999999 0.00000000099999999999 0.00000000099999999999 0.46761302872428262001
27 27 (0) 4 : 0.00000000099999999999 0.25960664185932025294 0.25478089260567166052 0.09916765970829806431 0.01123495826791919353 0.00000000099999999999 0.37520984555879088873
28 28 (0) 4 : 0.01578828302360416394 0.25460165667148276780 0.14909069691699533555 0.21835192766224970073 0.04818333525959552638 0.12706729437465175137 0.18691680609142075076
29 29 (0) 4 : 0.02908001282347564068 0.27018535827953843453 0.00000000100000000000 0.14935771475404810427 0.01065548702305602231 0.16580074829877078368 0.37492067782111093699
30 30 (0) 4 : 0.00000000099999999999 0.14126923816164532743 0.38491477090517711712 0.00000000099999999999 0.03042027845645811981 0.23731802159348278081 0.20607768888323677037
31 31 (0) 4 : 0.00000000099999999987 0.00000000099999999987 0.99999999400000005867 0.00000000099999999987 0.00000000099999999987 0.00000000099999999987 0.00000000099999999987
32 32 (0) 4 : 0.00000000099999999991 0.00000000099999999991 0.00000000099999999991 0.00000000099999999991 0.00000000099999999991 0.00000000099999999991 0.99999999400000005867
33 33 (0) 4 : 0.00000000099999999998 0.39334792338600360617 0.00000000656070380348 0.00000000099999999998 0.06224477953937363611 0.00000000099999999998 0.54440728751391886941
34 34 (0) 5 : 0.01562498385232149144 0.09584265946276289416 0.11559090847800726487 0.10764499871491227390 0.00000000100000000000 0.20872010300552681916 0.45657634548646930384
35 35 (0) 6 : 0.02601018099694844474 0.09282096760035099536 0.31442952619181230300 0.09423185100339644127 0.00952679998030297147 0.14721831903590631985 0.31576235519128265095
36 36 (0) 6 : 0.00000000099999999999 0.41311407072683192787 0.22014159468632613081 0.16707460134855875444 0.00463458340611563879 0.04979088487714900674 0.14524426395501838227
37 37 (0) 6 : 0.00000000099999999979 0.00000000099999999979 0.00000000099999999979 0.99999999400000005867 0.00000000099999999979 0.00000000099999999979 0.00000000099999999979
38 38 (0) 6 : 0.00000000099999999988 0.00000000099999999988 0.00000000099999999988 0.00000000099999999988 0.00000000099999999988 0.99999999399999994765 0.00000000099999999988
39 39 (0) 6 : 0.00000000099999999997 0.69998335510745290922 0.00000000099999999997 0.30001663989254717668 0.00000000099999999997 0.00000000099999999997 0.00000000099999999997
40 40 (0) 6 : 0.03562804311107173327 0.12054372023729337249 0.00037939724405842864 0.29785341462815700941 0.00000000100000000000 0.10927347368418681428 0.43632195009523261353
41 41 (0) 6 : 0.99999999400000005867 0.00000000099999999984 0.00000000099999999984 0.00000000099999999984 0.00000000099999999984 0.00000000099999999984 0.00000000099999999984
42 42 (0) 6 : 0.02268819445227382089 0.00000000099999999999 0.24506602157511012119 0.18673941576305244650 0.00000000099999999999 0.24843756452831877723 0.29706880168124488728
43 43 (0) 6 : 0.00000000099999999990 0.00000000099999999990 0.99999999400000005867 0.00000000099999999990 0.00000000099999999990 0.00000000099999999990 0.00000000099999999990
44 44 (0) 6 : 0.02776859082824038177 0.12142730099287062095 0.15795059616821041648 0.00000000100000000000 0.00688259330696000277 0.31682973472833481088 0.36914118297538367486
45 45 (0) 6 : 0.00000000099999999990 0.00000000099999999990 0.00000000099999999990 0.00000000099999999990 0.00000000099999999990 0.99999999400000005867 0.00000000099999999990
46 46 (0) 6 : 0.00000000099999999917 0.00000000099999999917 0.00000000099999999917 0.00000000099999999917 0.99999999399999994765 0.00000000099999999917 0.00000000099999999917
47 47 (0) 6 : 0.02456469047775907896 0.46947865869106514269 0.33115039902766651991 0.00000000099999999999 0.02802615495796564882 0.14678009484554352393 0.00000000099999999999
48 48 (0) 6 : 0.00000000099999999993 0.99999999400000016969 0.00000000099999999993 0.00000000099999999993 0.00000000099999999993 0.00000000099999999993 0.00000000099999999993
49 49 (0) 6 : 0.99999999399999994765 0.00000000099999999862 0.00000000099999999862 0.00000000099999999862 0.00000000099999999862 0.00000000099999999862 0.00000000099999999862
50 50 (0) 6 : 0.00000000099999999984 0.00000000099999999984 0.00000000099999999984 0.99999999400000005867 0.00000000099999999984 0.00000000099999999984 0.00000000099999999984
51 51 (0) 6 : 0.06221407696571413376 0.16762336727869381336 0.10247033423584048228 0.00000000100000000000 0.01633345130344741533 0.34499533834733059345 0.30636343086897360743
52 52 (0) 6 : 0.00000000099999999950 0.00000000099999999950 0.00000000099999999950 0.00000000099999999950 0.99999999399999994765 0.00000000099999999950 0.00000000099999999950
53 53 (0) 6 : 0.00000000099999999989 0.00000000099999999989 0.00000000099999999989 0.00000000099999999989 0.00000000099999999989 0.00000000099999999989 0.99999999400000005867
54 54 (0) 6 : 0.00000000099999999991 0.00000000099999999991 0.00000000099999999991 0.00000000099999999991 0.00000000099999999991 0.00000000099999999991 0.99999999400000005867
55 55 (0) 6 : 0.00000000099999999999 0.40712716978092378106 0.34595615033192306242 0.00000000099999999999 0.03324192051384907559 0.21367475637330396454 0.00000000099999999999
56 56 (0) 6 : 0.00000000099999999989 0.00000000099999999989 0.00000000099999999989 0.00000000099999999989 0.00000000099999999989 0.99999999399999994765 0.00000000099999999989
57 57 (0) 6 : 0.00000000099999999990 0.00000000099999999990 0.00000000099999999990 0.00000000099999999990 0.00000000099999999990 0.00000000099999999990 0.99999999400000005867
58 58 (0) 7 : 0.00000000099999999988 0.99999999400000005867 0.00000000099999999988 0.00000000099999999988 0.00000000099999999988 0.00000000099999999988 0.00000000099999999988
59 59 (0) 7 : 0.00000000099999999989 0.00000000099999999989 0.99999999400000005867 0.00000000099999999989 0.00000000099999999989 0.00000000099999999989 0.00000000099999999989
60 60 (0) 7 : 0.00000000099999999989 0.00000000099999999989 0.00000000099999999989 0.00000000099999999989 0.00000000099999999989 0.99999999399999994765 0.00000000099999999989
61 61 (0) 7 : 0.00000000099999999998 0.27014073441853875268 0.00000000099999999998 0.28225517508217307094 0.00000000099999999998 0.24511338616254257916 0.20249070133674565430
62 62 (0) 7 : 0.00000000099999999972 0.00000000099999999972 0.00000000099999999972 0.99999999400000005867 0.00000000099999999972 0.00000000099999999972 0.00000000099999999972
63 63 (0) 7 : 0.01966285778250101077 0.37512302913008344074 0.44011206698628091427 0.00000000099999999999 0.00000000099999999999 0.00000000099999999999 0.16510204310113477111
64 64 (0) 8 : 0.00026158414342344714 0.00000000099999999999 0.00000000099999999999 0.19519255503200966251 0.03909051668612049252 0.00000000099999999999 0.76545534113844637680
65 65 (0) 8 : 0.00000000099999999988 0.00000000099999999988 0.00000000099999999988 0.00000000099999999988 0.00000000099999999988 0.99999999400000005867 0.00000000099999999988
66 66 (0) 9 : 0.00000000099999999998 0.24736696838709584800 0.27109906137604078413 0.08726391210788747577 0.00609818650049925512 0.11596608172644320978 0.27220578890203339650
67 67 (0) 10 : 0.00000000099999999990 0.00000000099999999990 0.99999999399999994765 0.00000000099999999990 0.00000000099999999990 0.00000000099999999990 0.00000000099999999990
68 68 (0) 10 : 0.00000000099999999999 0.18439631261477182345 0.30624544507204459753 0.00000000099999999999 0.01403427275302370283 0.26004937526820037785 0.23527459229195943347
69 69 (0) 10 : 0.00000000099999999998 0.24381479600567942945 0.20724398232513402407 0.13345861176496329192 0.05369888115234845022 0.00000000099999999998 0.36178372675187464580
70 70 (0) 10 : 0.00000000099999999992 0.99999999400000016969 0.00000000099999999992 0.00000000099999999992 0.00000000099999999992 0.00000000099999999992 0.00000000099999999992
71 71 (0) 10 : 0.00000000099999999998 0.40630044242504120833 0.18070008029319817311 0.00000000099999999998 0.00000000099999999998 0.00000000099999999998 0.41299947328176056516
72 72 (0) 10 : 0.00000000099999999998 0.46784496646994538915 0.29180679767994766038 0.00000000106404913891 0.00000000099999999998 0.00000000099999999998 0.24034823178605771443
73 73 (0) 10 : 0.00000000099999999995 0.00000000099999999995 0.00000000099999999995 0.00000000099999999995 0.00000000099999999995 0.00000000099999999995 0.99999999400000005867
74 74 (0) 10 : 0.01611250449990308739 0.25975556420358369980 0.20796729111462544659 0.07472840225254041846 0.00000000099999999999 0.23032509670812145730 0.21111114022122579037
75 75 (0) 10 : 0.00000000099999999999 0.20321414201607942984 0.27026417067777130931 0.24425799247455307062 0.01518877173727807041 0.00000000099999999999 0.26707492109431818506
76 76 (0) 10 : 0.02009882730616891280 0.00000000099999999998 0.55903760538550029136 0.00000000099999999998 0.00508211796888469094 0.41578144633944613684 0.00000000099999999998
1 1 (0) 1 : 0.13837250309833160067 0.11578441011408030503 0.05688071604251928454 0.34621445514664389576 0.00000000100000000000 0.12653894913717428361 0.21620896546125051296
2 2 (0) 1 : 0.37872744098618377206 0.00000000099999999996 0.00000000099999999996 0.59767398182312625465 0.02359857319068991641 0.00000000099999999996 0.00000000099999999996
3 3 (0) 1 : 0.99999999400000005867 0.00000000099999999989 0.00000000099999999989 0.00000000099999999989 0.00000000099999999989 0.00000000099999999989 0.00000000099999999989
4 4 (0) 1 : 0.31287647841459614861 0.04491722525572477281 0.07998415153115417953 0.00000000100000000000 0.03946368484488194106 0.40321919829362434795 0.11953926066001853423
5 5 (0) 1 : 0.00000000099999999992 0.00000000099999999992 0.00000000099999999992 0.00000000099999999992 0.00000000099999999992 0.00000000099999999992 0.99999999400000005867
6 6 (0) 1 : 0.26341317045527745666 0.04284618017060095457 0.00000000100000000000 0.12824307044623006746 0.01717873613884646905 0.23461951998024954680 0.31369932180879539496
7 7 (0) 1 : 0.20384233707075816167 0.00000000100000000000 0.04691800335811269901 0.26499268540283321682 0.02875515311176877684 0.21915097235270805665 0.23634084770381899587
8 8 (0) 2 : 0.00000000099999999998 0.00000000099999999998 0.10437727352492970345 0.31163031712058580913 0.00000000099999999998 0.35043578651266132917 0.23355661984182315982
9 9 (0) 2 : 0.00000000099999999974 0.00000000099999999974 0.99999999399999994765 0.00000000099999999974 0.00000000099999999974 0.00000000099999999974 0.00000000099999999974
10 10 (0) 2 : 0.00000000099999999961 0.00000000099999999961 0.99999999400000005867 0.00000000099999999961 0.00000000099999999961 0.00000000099999999961 0.00000000099999999961
11 11 (0) 2 : 0.00000000099999999985 0.00000000099999999985 0.99999999400000005867 0.00000000099999999985 0.00000000099999999985 0.00000000099999999985 0.00000000099999999985
12 12 (0) 2 : 0.17849442255851874495 0.00000000099999999999 0.00000000099999999999 0.36133384948360391942 0.05557093194021379273 0.40460079301766344040 0.00000000099999999999
13 13 (0) 2 : 0.99999999400000005867 0.00000000099999999988 0.00000000099999999988 0.00000000099999999988 0.00000000099999999988 0.00000000099999999988 0.00000000099999999988
14 14 (0) 3 : 0.18502358169563082324 0.00859203382724722450 0.00000000100000000000 0.17800908818861746474 0.00865760794077924563 0.34278202517377853731 0.27693566217394671725
15 15 (0) 3 : 0.09244757948960417859 0.03304659826983196574 0.00000000100000000000 0.40278860849127606780 0.02274994953640614367 0.26796427998228622425 0.18100298323059543781
16 16 (0) 3 : 0.99999999400000016969 0.00000000099999999987 0.00000000099999999987 0.00000000099999999987 0.00000000099999999987 0.00000000099999999987 0.00000000099999999987
17 17 (0) 3 : 0.00000000099999999989 0.00000000099999999989 0.00000000099999999989 0.00000000099999999989 0.00000000099999999989 0.99999999399999994765 0.00000000099999999989
18 18 (0) 4 : 0.42875650561209327494 0.00004808640369980517 0.00000000099999999999 0.35142553497451306521 0.03005411934311961672 0.00000000099999999999 0.18971575166657422828
19 19 (0) 4 : 0.00000000099999999999 0.02415514729131816932 0.02924935068547409797 0.36717242360891200192 0.00000000099999999999 0.24481196326364168536 0.33461111315065411587
20 20 (0) 4 : 0.00000000099999999997 0.00000000099999999997 0.00000000099999999997 0.42070281827091088322 0.00000000099999999997 0.00000000099999999997 0.57929717672908898063
21 21 (0) 4 : 0.99999999400000016969 0.00000000099999999991 0.00000000099999999991 0.00000000099999999991 0.00000000099999999991 0.00000000099999999991 0.00000000099999999991
22 22 (0) 4 : 0.15269578589941046332 0.00000000100000000000 0.00000000100000000000 0.14935080415923979169 0.01138466995428067709 0.26151699329605976319 0.42505174469100925894
23 23 (0) 4 : 0.16660703867061585348 0.00361827917039817329 0.08878245632673931187 0.20456125088523785527 0.01354187123457534399 0.36987506160622957152 0.15301404210620395130
24 24 (0) 4 : 0.00000000099999999998 0.00000000099999999998 0.00000001258153845592 0.00000000099999999998 0.00000000099999999998 0.62042796549376122428 0.37957201792470030011
25 25 (0) 4 : 0.00000000099999999992 0.00000000099999999992 0.00000000099999999992 0.00000000099999999992 0.00000000099999999992 0.00000000099999999992 0.99999999399999994765
26 26 (0) 4 : 0.17882204021563069540 0.03725161753462363778 0.10201545386254412540 0.13347896278947604665 0.00042641236326723783 0.33075375279941193751 0.21725176043504623724
27 27 (0) 4 : 0.19361652507380364141 0.00352909459784656217 0.00000000099999999999 0.34681396112424295319 0.01814784163270069528 0.43789257557140609523 0.00000000099999999999
28 28 (0) 4 : 0.36488927316122371503 0.01626880747399907234 0.02614608993848869384 0.13135630617794000208 0.04503118407700235776 0.16814757744832753428 0.24816076172301865244
29 29 (0) 4 : 0.15021047988939090212 0.02489851188120249456 0.07695682501012884869 0.24044651855812276819 0.01301315553112983650 0.23195215572770616630 0.26252235340231888649
30 30 (0) 4 : 0.00000000099999999998 0.00000000099999999998 0.00000000099999999998 0.55370602624740716813 0.02677699243093393383 0.00000000099999999998 0.41951697732165893484
31 31 (0) 4 : 0.00000000099999999989 0.00000000099999999989 0.00000000099999999989 0.00000000099999999989 0.00000000099999999989 0.99999999400000005867 0.00000000099999999989
32 32 (0) 4 : 0.00000000099999999990 0.00000000099999999990 0.00000000099999999990 0.00000000099999999990 0.00000000099999999990 0.99999999399999994765 0.00000000099999999990
33 33 (0) 4 : 0.00000000099999999997 0.00000000099999999997 0.24133079084897779421 0.00000000099999999997 0.06126888156361348647 0.69740032358740866592 0.00000000099999999997
34 34 (0) 5 : 0.04282589594584938764 0.01540895519304883061 0.06865968844017843187 0.00000000202717721042 0.00000000099999999999 0.42241595307935936310 0.45068950431438681292
35 35 (0) 6 : 0.00000000099999999992 0.00000000099999999992 0.00000000099999999992 0.99999999400000005867 0.00000000099999999992 0.00000000099999999992 0.00000000099999999992
36 36 (0) 6 : 0.00000000099999999992 0.00000000099999999992 0.00000000099999999992 0.99999999400000005867 0.00000000099999999992 0.00000000099999999992 0.00000000099999999992
37 37 (0) 6 : 0.99999999400000005867 0.00000000099999999982 0.00000000099999999982 0.00000000099999999982 0.00000000099999999982 0.00000000099999999982 0.00000000099999999982
38 38 (0) 6 : 0.00000000099999999988 0.00000000099999999988 0.00000000099999999988 0.99999999400000005867 0.00000000099999999988 0.00000000099999999988 0.00000000099999999988
39 39 (0) 6 : 0.22064898653141071239 0.00332934507172456297 0.00000000100000000000 0.15161175004974802860 0.00000000100000000000 0.28985568500258046543 0.33455423134453626810
40 40 (0) 6 : 0.32040421731243240444 0.04573869384833587071 0.00000000099999999999 0.00000000099999999999 0.00001789895254091563 0.63383918688669071972 0.00000000099999999999
41 41 (0) 6 : 0.00000000099999999983 0.99999999400000005867 0.00000000099999999983 0.00000000099999999983 0.00000000099999999983 0.00000000099999999983 0.00000000099999999983
42 42 (0) 6 : 0.14348312641029467573 0.01978081638800262276 0.06834376044323856036 0.02440947498073639185 0.00000000099999999999 0.46971767740982800499 0.27426514336789958870
43 43 (0) 6 : 0.00000000099999999990 0.00000000099999999990 0.00000000099999999990 0.99999999399999994765 0.00000000099999999990 0.00000000099999999990 0.00000000099999999990
44 44 (0) 6 : 0.00000000100000000000 0.02197876173408748468 0.00000074172740467800 0.33095541968710673331 0.00589421321224760462 0.32823245200622586104 0.31293841063292776594
45 45 (0) 6 : 0.34800973949760050097 0.00000000099999999998 0.00000000099999999998 0.00000000099999999998 0.01286898608563095438 0.00000000099999999998 0.63912127041676836114
46 46 (0) 6 : 0.00000000099999999915 0.00000000099999999915 0.00000000099999999915 0.00000000099999999915 0.99999999400000005867 0.00000000099999999915 0.00000000099999999915
47 47 (0) 6 : 0.00000000099999999992 0.00000000099999999992 0.00000000099999999992 0.00000000099999999992 0.00000000099999999992 0.00000000099999999992 0.99999999399999994765
48 48 (0) 6 : 0.35664369773394111185 0.00000000099999999999 0.00000000099999999999 0.00000235123765365168 0.03129917218038404114 0.33641898648542856165 0.27563579036259250321
49 49 (0) 6 : 0.00000000099999999862 0.99999999399999994765 0.00000000099999999862 0.00000000099999999862 0.00000000099999999862 0.00000000099999999862 0.00000000099999999862
50 50 (0) 6 : 0.20744891448704186332 0.00000000099999999995 0.00000000099999999995 0.00000000099999999995 0.00000000099999999995 0.79255108051295797278 0.00000000099999999995
51 51 (0) 6 : 0.00043446336536588469 0.06042687535079582783 0.04420463196154800212 0.20635161621123870868 0.01878446849393192522 0.24535769958412978475 0.42444024503298993789
52 52 (0) 6 : 0.00000000099999999948 0.00000000099999999948 0.00000000099999999948 0.00000000099999999948 0.99999999399999994765 0.00000000099999999948 0.00000000099999999948
53 53 (0) 6 : 0.00000000099999999988 0.00000000099999999988 0.00000000099999999988 0.00000000099999999988 0.00000000099999999988 0.99999999400000005867 0.00000000099999999988
54 54 (0) 6 : 0.00000000099999999998 0.00000000099999999998 0.00000000099999999998 0.00000000099999999998 0.02628585084108055539 0.54280820875907331846 0.43090593639984620111
55 55 (0) 6 : 0.43772058747425718339 0.00000000099999999996 0.00000000099999999996 0.56227940752574290251 0.00000000099999999996 0.00000000099999999996 0.00000000099999999996
56 56 (0) 6 : 0.29083520040915489258 0.02422800814186351626 0.07984475768522447670 0.00000000099999999999 0.00000000099999999999 0.00000000099999999999 0.60509203076375694952
57 57 (0) 6 : 0.00000000099999999998 0.00000000099999999998 0.00000000099999999998 0.32254448618570596974 0.00000000099999999998 0.67745550881429394963 0.00000000099999999998
58 58 (0) 7 : 0.00000000099999999996 0.00000000099999999996 0.00000000099999999996 0.56293927249823039194 0.00000000099999999996 0.00000000099999999996 0.43706072250176969396
59 59 (0) 7 : 0.27979501757272773332 0.00000000099999999998 0.05741445879214693987 0.34889459530403149623 0.00000000099999999998 0.31389350737325183438 0.00000241895784198931
60 60 (0) 7 : 0.00000000099999999990 0.00000000099999999990 0.00000000099999999990 0.00000000099999999990 0.00000000099999999990 0.00000000099999999990 0.99999999400000005867
61 61 (0) 7 : 0.26910100109145612679 0.00000000099999999998 0.21318664356729297160 0.00000000099999999998 0.00000000099999999998 0.32683478962852241523 0.19087756271272848796
62 62 (0) 7 : 0.99999999400000005867 0.00000000099999999981 0.00000000099999999981 0.00000000099999999981 0.00000000099999999981 0.00000000099999999981 0.00000000099999999981
63 63 (0) 7 : 0.00000000099999999992 0.00000000099999999992 0.00000000099999999992 0.99999999400000005867 0.00000000099999999992 0.00000000099999999992 0.00000000099999999992
64 64 (0) 8 : 0.22584543137760410003 0.02225740901961166182 0.00013240898555399688 0.25020529447425676750 0.03817287336607261272 0.46338656179601861451 0.00000002098088206382
65 65 (0) 8 : 0.14347895790402881433 0.00000000100000000000 0.07001366339904165070 0.31686718065067875916 0.03181511340569108393 0.00000000100000000000 0.43782508264055958191
66 66 (0) 9 : 0.22756349454004576316 0.00000000099999999998 0.00000000099999999998 0.31321693172609277322 0.01233225308383162876 0.29276003100807551638 0.15412728764195435249
67 67 (0) 10 : 0.34324704815075923747 0.02023897384213037970 0.00000000099999999999 0.46054053557457957924 0.00000000099999999999 0.17597343943253088150 0.00000000099999999999
68 68 (0) 10 : 0.21140530451996736305 0.00000000099999999999 0.01686110312347963158 0.15000100576737399050 0.01635999760432486905 0.17085651043914840130 0.43451607754570575892
69 69 (0) 10 : 0.00000000099999999997 0.00000000099999999997 0.00000000099999999997 0.00000000099999999997 0.04207299439059473956 0.53234243846797868471 0.42558456314142656396
70 70 (0) 10 : 0.23730927031281442985 0.00000000099999999999 0.04162734944636217044 0.00000000099999999999 0.02258896737459376719 0.32406535791010876446 0.37440905295612081360
71 71 (0) 10 : 0.00000000099999999998 0.00000000099999999998 0.11857253256248397044 0.36225734976986007085 0.00000000099999999998 0.51917011366765586367 0.00000000099999999998
72 72 (0) 10 : 0.00000000099999999999 0.00000000099999999999 0.04320885820596363086 0.45112664518704426175 0.00000000099999999999 0.50566449260699197765 0.00000000099999999999
73 73 (0) 10 : 0.00000000099999999992 0.00000000099999999992 0.00000000099999999992 0.99999999400000005867 0.00000000099999999992 0.00000000099999999992 0.00000000099999999992
74 74 (0) 10 : 0.00000000099999999986 0.00000000099999999986 0.00000000099999999986 0.00000000099999999986 0.00000000099999999986 0.00000000099999999986 0.99999999399999994765
75 75 (0) 10 : 0.00000000099999999994 0.00000000099999999994 0.00000000099999999994 0.00000000099999999994 0.00000000099999999994 0.99999999400000005867 0.00000000099999999994
76 76 (0) 10 : 0.00000000099999999989 0.00000000099999999989 0.00000000099999999989 0.00000000099999999989 0.00000000099999999989 0.00000000099999999989 0.99999999400000005867
1 1 (0) 1 : 0.52566737729876089613 0.33556043315006767180 0.13370533748407711916 0.00000000100000000000 0.00125461400911812404 0.00381223605797615913 0.00000000100000000000
2 2 (0) 1 : 0.31856016784839447098 0.17451988394361558909 0.00444525810454514652 0.09710914316174801275 0.07170395116780717282 0.29992601547332298217 0.03373558030056662133
3 3 (0) 1 : 0.00000140601754085221 0.13676239305577034266 0.00000000099999999998 0.00000000099999999998 0.20304157106591017024 0.61250405120584061613 0.04769057665493811604
4 4 (0) 1 : 0.00000000099999999999 0.25354515482101552815 0.04013930512935731665 0.07032891836410634645 0.00000000099999999999 0.60199343339433852851 0.03399318629118228824
5 5 (0) 1 : 0.00000000099999999990 0.99999999400000016969 0.00000000099999999990 0.00000000099999999990 0.00000000099999999990 0.00000000099999999990 0.00000000099999999990
6 6 (0) 1 : 0.00000000100000000000 0.25299705059494620452 0.03674960941063486197 0.00000000100000000000 0.20697507820541541368 0.47840100662147289068 0.02487725316753057470
7 7 (0) 1 : 0.00000000099999999996 0.00000000099999999996 0.00000000099999999996 0.00000000099999999996 0.00000000099999999996 0.99999999399999994765 0.00000000099999999996
8 8 (0) 2 : 0.25188732285051390614 0.19946508087302478041 0.00000000099999999999 0.04771207550802009090 0.23124765384371551158 0.26968786492472557326 0.00000000099999999999
9 9 (0) 2 : 0.00000000099999999991 0.00000000099999999991 0.00000000099999999991 0.00000000099999999991 0.99999999400000005867 0.00000000099999999991 0.00000000099999999991
10 10 (0) 2 : 0.00000000099999999985 0.00000000099999999985 0.00000000099999999985 0.00000000099999999985 0.99999999400000005867 0.00000000099999999985 0.00000000099999999985
11 11 (0) 2 : 0.00000000099999999996 0.00000000099999999996 0.13007304917840437075 0.00000000099999999996 0.86992694582159557637 0.00000000099999999996 0.00000000099999999996
12 12 (0) 2 : 0.00000000099999999994 0.00000000099999999994 0.00000000099999999994 0.00000000099999999994 0.00000000099999999994 0.99999999399999994765 0.00000000099999999994
13 13 (0) 2 : 0.35616335718615033112 0.00000000099999999997 0.00000000099999999997 0.03805571463171070895 0.25860436724063257108 0.34717655794150631410 0.00000000099999999997
14 14 (0) 3 : 0.00000000099999999992 0.00000000099999999992 0.00000000099999999992 0.00000000099999999992 0.00000000099999999992 0.99999999400000005867 0.00000000099999999992
15 15 (0) 3 : 0.29755316067312159722 0.12292870813129938568 0.03229979836597380444 0.00000011726299568489 0.00000000100000000000 0.52757943697654197113 0.01963877759006750837
16 16 (0) 3 : 0.00000000099999999997 0.26333526954361036188 0.00000000099999999997 0.07049402767404681913 0.00000000099999999997 0.66617069878234269620 0.00000000099999999997
17 17 (0) 3 : 0.00000000099999999992 0.00000000099999999992 0.00000000099999999992 0.00000000099999999992 0.00000000099999999992 0.99999999399999994765 0.00000000099999999992
18 18 (0) 4 : 0.32729397481423322391 0.16868430808881204608 0.00763273745460441196 0.07374025941758394209 0.06950785605337814199 0.31679229416699100641 0.03634857000439714603
19 19 (0) 4 : 0.41720294731414075962 0.29565973794961064591 0.02069793745039129676 0.00000000099999999999 0.26643937428585745542 0.00000000099999999999 0.00000000099999999999
20 20 (0) 4 : 0.26156449243111284941 0.23319644144303183775 0.01696074345194984595 0.03528043531552716577 0.15983654250405063268 0.29316134385432751630 0.00000000100000000000
21 21 (0) 4 : 0.00000000099999999999 0.18515505267026102776 0.00000000099999999999 0.06063161341843181090 0.23772687490602459337 0.51648645600528242383 0.00000000099999999999
22 22 (0) 4 : 0.37290023293277735350 0.20402514023078785477 0.00283002142696829780 0.00000000100000000000 0.14926367754080807626 0.25549441682402479481 0.01548651004463364247
23 23 (0) 4 : 0.00000000099999999988 0.99999999400000005867 0.00000000099999999988 0.00000000099999999988 0.00000000099999999988 0.00000000099999999988 0.00000000099999999988
24 24 (0) 4 : 0.00000000099999999997 0.19309745864253632930 0.00000000099999999997 0.00000000099999999997 0.26107756372353108087 0.54582497363393256418 0.00000000099999999997
25 25 (0) 4 : 0.22565961533816644713 0.12451656873126795699 0.00000000099999999999 0.02352801784223284773 0.17300481899992689594 0.45329097708840576653 0.00000000099999999999
26 26 (0) 4 : 0.00000000099999999995 0.00000000099999999995 0.00000000099999999995 0.00001564737364335662 0.99998434762635657336 0.00000000099999999995 0.00000000099999999995
27 27 (0) 4 : 0.33410201089587043821 0.00000000099999999999 0.01301293208118734814 0.00015950265754389659 0.00000000099999999999 0.63531806909889509960 0.01740748326650326180
28 28 (0) 4 : 0.29287733075735966626 0.06510814544804521820 0.01520577656711688888 0.07409041855995564252 0.32519781887604648496 0.17305115260498632468 0.05446935718648976410
29 29 (0) 4 : 0.20629782492036741193 0.06574344693415114238 0.02750293268080278297 0.03640832154079859384 0.30852127706831289355 0.33655978991126622724 0.01896640694430100013
30 30 (0) 4 : 0.65004328695858926146 0.13522342069577517054 0.00570998471959569941 0.00000041623542061161 0.16226270671476664131 0.00000000100000000000 0.04676018367585264152
31 31 (0) 4 : 0.00000000099999999989 0.00000000099999999989 0.00000000099999999989 0.00000000099999999989 0.00000000099999999989 0.99999999400000005867 0.00000000099999999989
32 32 (0) 4 : 0.00000000099999999991 0.00000000099999999991 0.00000000099999999991 0.00000000099999999991 0.00000000099999999991 0.99999999400000005867 0.00000000099999999991
33 33 (0) 4 : 0.00000000099999999993 0.00000000099999999993 0.00000000099999999993 0.00000000099999999993 0.99999999399999994765 0.00000000099999999993 0.00000000099999999993
34 34 (0) 5 : 0.28881259507940149067 0.12202124631193658755 0.01343246061289838852 0.01943441795559082766 0.22565564453383032961 0.33064363450634232100 0.00000000099999999999
35 35 (0) 6 : 0.65539683663448067286 0.20616856347576598130 0.03638494721732505460 0.08943939678651034730 0.00000000099999999999 0.00000640743260134399 0.01260384745331670671
36 36 (0) 6 : 0.27833025849227355231 0.39379518276565517176 0.00000000099999999999 0.04100008571613947272 0.09052620250117149325 0.19192799908732779968 0.00442027043743246917
37 37 (0) 6 : 0.00000000099999999946 0.00000000099999999946 0.00000000099999999946 0.99999999400000005867 0.00000000099999999946 0.00000000099999999946 0.00000000099999999946
38 38 (0) 6 : 0.99999999400000005867 0.00000000099999999990 0.00000000099999999990 0.00000000099999999990 0.00000000099999999990 0.00000000099999999990 0.00000000099999999990
39 39 (0) 6 : 0.41544701531869832056 0.23485285738385544563 0.00000000099999999999 0.03089043395252770441 0.31880969034491862812 0.00000000099999999999 0.00000000099999999999
40 40 (0) 6 : 0.00000000099999999999 0.00000000099999999999 0.03432972585727576964 0.07661557035933939941 0.00000000099999999999 0.88905469978338480530 0.00000000099999999999
41 41 (0) 6 : 0.00000000099999999983 0.00000000099999999983 0.99999999400000005867 0.00000000099999999983 0.00000000099999999983 0.00000000099999999983 0.00000000099999999983
42 42 (0) 6 : 0.00000000099999999998 0.00000000099999999998 0.00792283317436986642 0.04434109255656572962 0.31633374124543689465 0.63140233002362755599 0.00000000099999999998
43 43 (0) 6 : 0.53202766340644369603 0.40819404456241870083 0.01892365045472755442 0.00000000099999999999 0.00000000099999999999 0.00000000099999999999 0.04085463857641014052
44 44 (0) 6 : 0.24038238934033431815 0.24112296879845987463 0.02169193940362332262 0.00000000100000000000 0.19195574093900708013 0.30303242326995144529 0.00181453724862401262
45 45 (0) 6 : 0.00000000099999999988 0.99999999400000016969 0.00000000099999999988 0.00000000099999999988 0.00000000099999999988 0.00000000099999999988 0.00000000099999999988
46 46 (0) 6 : 0.00000000099999999917 0.00000000099999999917 0.00000000099999999917 0.00000000099999999917 0.00000000099999999917 0.00000000099999999917 0.99999999399999994765
47 47 (0) 6 : 0.00000000099999999985 0.99999999400000016969 0.00000000099999999985 0.00000000099999999985 0.00000000099999999985 0.00000000099999999985 0.00000000099999999985
48 48 (0) 6 : 0.39363668193570811038 0.21911563828350993921 0.00000000099999999999 0.05714801931779593669 0.00000000099999999999 0.29731493371551004357 0.03278472474747591570
49 49 (0) 6 : 0.00000000099999999863 0.00000000099999999863 0.99999999399999983662 0.00000000099999999863 0.00000000099999999863 0.00000000099999999863 0.00000000099999999863
50 50 (0) 6 : 0.29735888773748031522 0.14781087666823200522 0.00000000099999999999 0.06236897730166804377 0.19134217946837642210 0.30111907682424321475 0.00000000099999999999
51 51 (0) 6 : 0.27911147596912683211 0.21590900291017642298 0.05869121253482301875 0.03538663552037615151 0.22612873975487651768 0.16714211601245998473 0.01763081729816099244
52 52 (0) 6 : 0.00000000099999999949 0.00000000099999999949 0.00000000099999999949 0.00000000099999999949 0.00000000099999999949 0.00000000099999999949 0.99999999399999994765
53 53 (0) 6 : 0.32434786456862235715 0.17650781662684336681 0.00000000099999999997 0.02644076250431205352 0.00000000099999999997 0.47270355330022240103 0.00000000099999999997
54 54 (0) 6 : 0.55168131343308124404 0.00000000099999999998 0.00000000099999999998 0.00000000099999999998 0.10463530456857852990 0.30846370310721599184 0.03521967589112433294
55 55 (0) 6 : 0.99999999400000016969 0.00000000099999999994 0.00000000099999999994 0.00000000099999999994 0.00000000099999999994 0.00000000099999999994 0.00000000099999999994
56 56 (0) 6 : 0.30676687715452394256 0.41626781344500546345 0.02289444280739182797 0.02779534462193004873 0.22627551562261374873 0.00000000100000000000 0.00000000534853495515
57 57 (0) 6 : 0.00000000099999999998 0.00000000099999999998 0.00000000099999999998 0.00000000099999999998 0.24559071215339781102 0.75440928284660213610 0.00000000099999999998
58 58 (0) 7 : 0.99999999400000005867 0.00000000099999999991 0.00000000099999999991 0.00000000099999999991 0.00000000099999999991 0.00000000099999999991 0.00000000099999999991
59 59 (0) 7 : 0.37028628502030747072 0.20009013788690702129 0.00000000099999999998 0.03617039566280299406 0.13805920455835141158 0.25539397487163117972 0.00000000099999999998
60 60 (0) 7 : 0.00000000099999999986 0.99999999400000005867 0.00000000099999999986 0.00000000099999999986 0.00000000099999999986 0.00000000099999999986 0.00000000099999999986
61 61 (0) 7 : 0.00000000099999999992 0.00000000099999999992 0.00000000099999999992 0.00000000099999999992 0.99999999399999994765 0.00000000099999999992 0.00000000099999999992
62 62 (0) 7 : 0.00000000099999999940 0.00000000099999999940 0.00000000099999999940 0.99999999399999994765 0.00000000099999999940 0.00000000099999999940 0.00000000099999999940
63 63 (0) 7 : 0.56239351132083381657 0.00000000099999999998 0.01184674545483612416 0.00000000099999999998 0.42575973922433024699 0.00000000099999999998 0.00000000099999999998
64 64 (0) 8 : 0.40114987282447195360 0.00000000100000000000 0.02864685079663002384 0.05136426720016723513 0.00000000100000000000 0.47167927678546978099 0.04715973039326094157
65 65 (0) 8 : 0.00000000099999999990 0.99999999400000005867 0.00000000099999999990 0.00000000099999999990 0.00000000099999999990 0.00000000099999999990 0.00000000099999999990
66 66 (0) 9 : 0.99999999400000016969 0.00000000099999999992 0.00000000099999999992 0.00000000099999999992 0.00000000099999999992 0.00000000099999999992 0.00000000099999999992
67 67 (0) 10 : 0.73310066364457981969 0.00024638794281634549 0.03631081591933799785 0.05413819484456041525 0.00000000099999999999 0.17620393564870548420 0.00000000099999999999
68 68 (0) 10 : 0.10210494794798159746 0.31703275505833389269 0.00000000099999999999 0.00000000099999999999 0.25964399742654642456 0.30489331087691851074 0.01632498669021953050
69 69 (0) 10 : 0.40000045747656476358 0.00000000569413168655 0.00000000099999999998 0.03154766310748657182 0.25373679112768637856 0.25937298051012047662 0.05534210108401000500
70 70 (0) 10 : 0.33270484924283516559 0.15728868982675534016 0.00000000099999999999 0.01537986438796410185 0.20202297144295092157 0.27648552505635826115 0.01611809904313622407
71 71 (0) 10 : 0.99999999400000016969 0.00000000099999999993 0.00000000099999999993 0.00000000099999999993 0.00000000099999999993 0.00000000099999999993 0.00000000099999999993
72 72 (0) 10 : 0.99999999400000016969 0.00000000099999999992 0.00000000099999999992 0.00000000099999999992 0.00000000099999999992 0.00000000099999999992 0.00000000099999999992
73 73 (0) 10 : 0.99999999400000016969 0.00000000099999999994 0.00000000099999999994 0.00000000099999999994 0.00000000099999999994 0.00000000099999999994 0.00000000099999999994
74 74 (0) 10 : 0.00000000099999999990 0.00000000099999999990 0.00000000099999999990 0.00000000099999999990 0.99999999400000005867 0.00000000099999999990 0.00000000099999999990
75 75 (0) 10 : 0.35220866255003324685 0.00000000100000000000 0.00000000100000000000 0.03802001819116498926 0.26103107459183533257 0.32073383740122346497 0.02800640526574283556
76 76 (0) 10 : 0.00000000099999999991 0.00000000099999999991 0.00000000099999999991 0.00000000099999999991 0.99999999400000005867 0.00000000099999999991 0.00000000099999999991
