10 -1122305.836453
10 -1123614.531758
10 -1125678.266761
10 -1123393.4183
10 -1122327.399232
10 -1125397.724658
10 -1123114.660029
10 -1124352.916252
10 -1123380.710569
10 -1122419.973036
10 -1124151.313471
10 -1122719.481379
10 -1122878.062738
10 -1124269.158692
10 -1123890.243504
10 -1123718.139822
10 -1123123.938132
10 -1123496.057033
10 -1122707.732751
10 -1122809.147188
10 -1123546.290035
10 -1123747.618707
10 -1123681.384091
10 -1122725.437177
10 -1125585.765403
10 -1124475.667223
10 -1126779.668671
10 -1122543.160882
10 -1123675.895297
10 -1123244.693332
10 -1122950.431044
10 -1124579.336805
10 -1123565.952127
10 -1123755.086397
10 -1123713.479455
10 -1131027.606743
10 -1122691.414516
10 -1123380.63494
10 -1123187.768661
10 -1123311.812551
10 -1122962.683406
10 -1128887.795948
10 -1124936.344938
10 -1123249.937695
10 -1123014.948716
10 -1123271.641322
10 -1122728.300197
10 -1123979.075704
10 -1124717.548588
10 -1123511.627987
11 -1115186.943167
11 -1114296.778
11 -1114855.604908
11 -1114252.548162
11 -1114066.03701
11 -1114190.696794
11 -1113733.011934
11 -1113806.188803
11 -1113969.052742
11 -1114834.166706
11 -1114686.417574
11 -1114623.601408
11 -1113659.578425
11 -1113831.395009
11 -1113758.3728
11 -1113573.893417
11 -1114722.686072
11 -1114140.199428
11 -1115377.570785
11 -1113376.451034
11 -1113824.360825
11 -1115129.825677
11 -1114242.668372
11 -1115260.242699
11 -1113743.751506
11 -1115790.434004
11 -1114662.485911
11 -1115003.751347
11 -1113455.484843
11 -1114034.882082
11 -1113851.887274
11 -1114577.440262
11 -1112734.978689
11 -1117179.884004
11 -1113875.079643
11 -1117049.156781
11 -1112622.019395
11 -1113858.036554
11 -1114074.099636
11 -1114201.120432
11 -1121300.966924
11 -1114223.048786
11 -1113345.395894
11 -1114046.319354
11 -1113652.515658
11 -1115810.448233
11 -1115754.071816
11 -1114161.629705
11 -1114494.017054
11 -1114769.336188
12 -1103345.676492
12 -1105420.160495
12 -1104343.991698
12 -1103225.158662
12 -1104127.092808
12 -1105054.808706
12 -1104250.324964
12 -1104081.362568
12 -1104669.223848
12 -1105199.741483
12 -1108689.491017
12 -1106852.329368
12 -1104073.647287
12 -1106432.997327
12 -1107819.09136
12 -1103612.66975
12 -1104290.558522
12 -1105726.628996
12 -1104765.578621
12 -1103994.844831
12 -1104423.641435
12 -1103787.481521
12 -1103361.796695
12 -1103252.12051
12 -1103900.051977
12 -1104756.669083
12 -1104230.456126
12 -1105261.376027
12 -1104185.797966
12 -1103581.117457
12 -1103392.303994
12 -1104635.930288
12 -1104918.806621
12 -1103781.688124
12 -1104952.266001
12 -1104116.352484
12 -1103962.176413
12 -1105657.034283
12 -1107332.681384
12 -1105791.33635
12 -1104451.97596
12 -1105497.034069
12 -1103688.752643
12 -1104855.11962
12 -1103594.609323
12 -1105128.818314
12 -1104479.887462
12 -1105274.062998
12 -1106831.330819
12 -1106166.381926
13 -1093508.59528
13 -1095573.476057
13 -1094852.967175
13 -1095032.961063
13 -1096025.944046
13 -1094135.022542
13 -1097515.221534
13 -1096410.013191
13 -1095189.635965
13 -1098817.530261
13 -1095673.904069
13 -1093926.80318
13 -1094704.28559
13 -1094111.690299
13 -1094664.224681
13 -1093629.951911
13 -1095603.325084
13 -1095653.481704
13 -1096312.989557
13 -1096121.536068
13 -1094106.915366
13 -1095655.442147
13 -1096847.538144
13 -1094868.380737
13 -1094802.829442
13 -1097510.533016
13 -1094358.136444
13 -1093493.019806
13 -1094999.269418
13 -1096070.170453
13 -1093692.835948
13 -1096976.107864
13 -1094557.398871
13 -1095410.270267
13 -1095659.380333
13 -1094950.304832
13 -1094301.513559
13 -1095850.100492
13 -1095605.060694
13 -1096772.618262
13 -1093662.427746
13 -1093415.497532
13 -1095257.448899
13 -1096020.120699
13 -1096245.54272
13 -1095516.049956
13 -1096337.923384
13 -1094970.646712
13 -1095590.42124
13 -1095944.056172
14 -1085813.47984
14 -1085163.813424
14 -1085175.648087
14 -1085416.421075
14 -1087348.930295
14 -1085364.266048
14 -1086334.12865
14 -1085585.056503
14 -1085970.824212
14 -1085071.600006
14 -1086612.060212
14 -1086995.694469
14 -1089163.115477
14 -1086608.759521
14 -1085576.028668
14 -1086217.695718
14 -1085164.442676
14 -1085921.536483
14 -1084270.225882
14 -1085549.586342
14 -1084719.349979
14 -1085304.551369
14 -1086437.883206
14 -1088931.650043
14 -1087358.909696
14 -1086302.939495
14 -1086140.317981
14 -1087108.09941
14 -1086534.44661
14 -1085571.285427
14 -1086084.157589
14 -1087747.303743
14 -1084941.028305
14 -1084970.906008
14 -1087418.35245
14 -1085050.5305
14 -1086655.125826
14 -1086125.986424
14 -1086367.817659
14 -1085896.498099
14 -1085161.7627
14 -1088359.445024
14 -1086544.746145
14 -1087450.448719
14 -1087419.939605
14 -1086058.659386
14 -1085184.704202
14 -1086662.233707
14 -1087366.075898
14 -1085888.960757
15 -1078178.634842
15 -1077396.104945
15 -1076410.517716
15 -1077886.478139
15 -1075199.890941
15 -1076223.653154
15 -1076911.445249
15 -1079110.872806
15 -1078911.046415
15 -1076970.016149
15 -1077052.819626
15 -1077670.500144
15 -1076358.27348
15 -1076338.052678
15 -1076904.238849
15 -1076586.338327
15 -1080779.839318
15 -1076555.743286
15 -1080593.88989
15 -1078618.886922
15 -1078530.851987
15 -1078421.904804
15 -1078219.616802
15 -1075634.452246
15 -1080099.500018
15 -1076469.887959
15 -1077880.57012
15 -1076290.866963
15 -1076143.96198
15 -1079585.12012
15 -1077182.848338
15 -1075697.869424
15 -1076419.839248
15 -1077649.855085
15 -1076782.889688
15 -1075443.206633
15 -1077820.008839
15 -1078386.328687
15 -1076322.110548
15 -1076095.465142
15 -1076790.535988
15 -1076905.201283
15 -1078241.241314
15 -1076911.204411
15 -1077876.004887
15 -1075642.944819
15 -1076622.283808
15 -1077503.230425
15 -1077368.850617
15 -1076242.56743
16 -1066560.907758
16 -1067602.039987
16 -1067130.816066
16 -1067716.557034
16 -1066993.170521
16 -1069128.87009
16 -1067322.458269
16 -1067776.103009
16 -1067570.627453
16 -1069115.299623
16 -1066904.960865
16 -1069875.971149
16 -1069740.987707
16 -1068323.850709
16 -1066800.217662
16 -1068671.25123
16 -1066663.097531
16 -1068817.809857
16 -1068083.781101
16 -1069166.434497
16 -1069879.678614
16 -1069365.7336
16 -1068845.984745
16 -1070269.943867
16 -1068507.959736
16 -1067553.153534
16 -1068487.399151
16 -1069124.324076
16 -1068055.565031
16 -1068810.375759
16 -1068865.57126
16 -1069846.779127
16 -1070250.644465
16 -1069574.2584
16 -1067528.23754
16 -1066376.437601
16 -1067277.717677
16 -1068672.819187
16 -1067728.62618
16 -1069063.996179
16 -1072798.605121
16 -1068886.172009
16 -1072835.172465
16 -1067025.202098
16 -1068433.474681
16 -1068587.664165
16 -1066056.385611
16 -1067876.957638
16 -1067488.872966
16 -1069725.471535
1 -1435619.422467
1 -1435619.422467
1 -1435619.422467
1 -1435619.422467
1 -1435619.422467
1 -1435619.422467
1 -1435619.422467
1 -1435619.422467
1 -1435619.422467
1 -1435619.422467
1 -1435619.422467
1 -1435619.422467
1 -1435619.422467
1 -1435619.422467
1 -1435619.422467
1 -1435619.422467
1 -1435619.422467
1 -1435619.422467
1 -1435619.422467
1 -1435619.422467
1 -1435619.422467
1 -1435619.422467
1 -1435619.422467
1 -1435619.422467
1 -1435619.422467
1 -1435619.422467
1 -1435619.422467
1 -1435619.422467
1 -1435619.422467
1 -1435619.422467
1 -1435619.422467
1 -1435619.422467
1 -1435619.422467
1 -1435619.422467
1 -1435619.422467
1 -1435619.422467
1 -1435619.422467
1 -1435619.422467
1 -1435619.422467
1 -1435619.422467
1 -1435619.422467
1 -1435619.422467
1 -1435619.422467
1 -1435619.422467
1 -1435619.422467
1 -1435619.422467
1 -1435619.422467
1 -1435619.422467
1 -1435619.422467
1 -1435619.422467
2 -1267085.097844
2 -1274856.591752
2 -1267085.098693
2 -1274856.583453
2 -1267085.096731
2 -1267085.090921
2 -1274856.59726
2 -1267085.096233
2 -1274856.57466
2 -1267085.098088
2 -1274856.599042
2 -1267085.095089
2 -1274856.593858
2 -1267085.099077
2 -1274856.597028
2 -1267085.089826
2 -1274856.56652
2 -1274856.591646
2 -1267085.098214
2 -1267085.094625
2 -1267085.098648
2 -1274856.591308
2 -1274856.58307
2 -1274856.547913
2 -1274856.59318
2 -1267085.098969
2 -1274856.586283
2 -1267085.098251
2 -1274856.574635
2 -1267085.094274
2 -1274856.59981
2 -1267085.098471
2 -1274856.577847
2 -1274856.595485
2 -1274856.600848
2 -1267085.091675
2 -1274856.593394
2 -1267085.098055
2 -1274856.551646
2 -1267085.09902
2 -1267085.092874
2 -1274856.590658
2 -1267085.098393
2 -1274856.59395
2 -1274856.596079
2 -1267085.098942
2 -1267085.096418
2 -1267085.097857
2 -1274856.58783
2 -1267085.098782
3 -1209404.356236
3 -1209404.353743
3 -1209404.349828
3 -1209404.361851
3 -1209404.345478
3 -1209404.357714
3 -1209404.349096
3 -1209404.353139
3 -1209404.355771
3 -1209404.348658
3 -1209404.34452
3 -1209404.344372
3 -1209404.351043
3 -1209404.347696
3 -1209404.34663
3 -1209404.35161
3 -1209404.347995
3 -1209404.354949
3 -1209404.349765
3 -1209404.350556
3 -1209404.351869
3 -1209404.349014
3 -1209404.348271
3 -1209404.352499
3 -1209404.348964
3 -1209404.348501
3 -1209404.345454
3 -1209404.357894
3 -1209404.352213
3 -1209404.348771
3 -1209404.358572
3 -1209404.348919
3 -1209404.350715
3 -1209404.3509
3 -1209404.349105
3 -1209404.348296
3 -1209404.367813
3 -1209404.350028
3 -1209404.368013
3 -1209404.347808
3 -1209404.353142
3 -1209404.350759
3 -1209404.357456
3 -1209404.354575
3 -1209404.360607
3 -1209404.351717
3 -1209404.35191
3 -1209404.353643
3 -1209404.359189
3 -1209404.353932
4 -1192555.063114
4 -1198642.982818
4 -1198709.296451
4 -1198767.039356
4 -1198624.292519
4 -1198537.464626
4 -1192554.501257
4 -1191073.286677
4 -1198706.743704
4 -1198613.310421
4 -1198687.682618
4 -1198582.189274
4 -1192554.503934
4 -1198535.002866
4 -1191073.291986
4 -1198719.997711
4 -1198619.210526
4 -1191073.284176
4 -1198627.8465
4 -1191073.296752
4 -1198470.523296
4 -1191073.311005
4 -1191073.299431
4 -1198426.078843
4 -1198724.479237
4 -1198542.451358
4 -1192554.514892
4 -1191073.282856
4 -1198185.578197
4 -1198559.603648
4 -1198497.796892
4 -1198606.981931
4 -1198750.161872
4 -1198649.971765
4 -1198637.316153
4 -1198694.560506
4 -1198656.424915
4 -1198214.555596
4 -1198762.341031
4 -1198775.280734
4 -1198415.154751
4 -1198607.089607
4 -1192555.070728
4 -1191073.28894
4 -1191073.284874
4 -1198758.485736
4 -1191073.28818
4 -1198546.146172
4 -1191073.282019
4 -1198567.204164
5 -1180295.953486
5 -1180348.700681
5 -1188080.801097
5 -1180355.444371
5 -1180343.87688
5 -1180260.149351
5 -1187900.741904
5 -1188135.076887
5 -1180277.992129
5 -1180391.711484
5 -1181997.319731
5 -1188088.504647
5 -1174660.198737
5 -1180205.088656
5 -1181864.527679
5 -1188193.923291
5 -1188258.540431
5 -1174660.27304
5 -1181605.196528
5 -1180255.655467
5 -1180367.618317
5 -1180313.036288
5 -1179903.583822
5 -1180137.60028
5 -1182020.31948
5 -1188126.483704
5 -1181864.787539
5 -1180315.423359
5 -1180225.569083
5 -1180414.156873
5 -1180428.665069
5 -1181943.310758
5 -1187949.863276
5 -1180155.681031
5 -1188250.860748
5 -1181790.063477
5 -1174660.194037
5 -1187475.754136
5 -1180192.499259
5 -1188103.704627
5 -1187965.426668
5 -1181787.966062
5 -1181748.1795
5 -1180250.370566
5 -1188143.785295
5 -1180193.689645
5 -1188093.388819
5 -1188078.623717
5 -1174660.19997
5 -1180355.128876
6 -1169777.036207
6 -1169864.39513
6 -1169793.659738
6 -1169877.312663
6 -1171591.749543
6 -1170008.058987
6 -1171135.410443
6 -1169928.19766
6 -1163697.992569
6 -1169720.797018
6 -1169807.688176
6 -1163918.295338
6 -1171410.784995
6 -1171297.024872
6 -1170215.874114
6 -1163879.982611
6 -1163976.320619
6 -1169814.802299
6 -1171170.197881
6 -1171433.934061
6 -1169987.719817
6 -1169923.80478
6 -1164030.455299
6 -1170996.089353
6 -1169984.812739
6 -1163788.235484
6 -1163860.542752
6 -1169716.846769
6 -1169981.621658
6 -1177847.770731
6 -1169849.793293
6 -1171268.58813
6 -1169822.737523
6 -1169978.624821
6 -1171161.648198
6 -1163843.676843
6 -1169875.3096
6 -1171212.903091
6 -1171407.104463
6 -1171264.93483
6 -1163928.345258
6 -1163969.36164
6 -1163955.529163
6 -1169563.526894
6 -1163797.175748
6 -1163835.078824
6 -1169765.900253
6 -1171330.999982
6 -1170118.150702
6 -1171353.301998
7 -1161333.93315
7 -1159531.186101
7 -1153729.398729
7 -1153288.523745
7 -1153606.159839
7 -1153399.368457
7 -1159387.693291
7 -1159773.566549
7 -1160452.168022
7 -1159423.203082
7 -1159601.117577
7 -1159426.480858
7 -1153490.717811
7 -1153528.898574
7 -1153560.762295
7 -1159799.606451
7 -1168010.069577
7 -1160043.190063
7 -1159587.034093
7 -1159660.9655
7 -1153138.29101
7 -1159150.763703
7 -1153492.081
7 -1153342.207196
7 -1153324.539896
7 -1153360.200939
7 -1153338.195706
7 -1153320.884732
7 -1153491.997375
7 -1161114.254474
7 -1154607.78593
7 -1161038.824364
7 -1159553.794459
7 -1161335.352237
7 -1153469.074633
7 -1161143.225631
7 -1153556.418928
7 -1159473.638383
7 -1153447.887342
7 -1159501.915268
7 -1153302.043283
7 -1154651.032285
7 -1160918.889805
7 -1153582.482468
7 -1159663.052553
7 -1159756.092199
7 -1153449.141734
7 -1159524.827366
7 -1153441.003259
7 -1161077.415102
8 -1143031.977409
8 -1143391.581485
8 -1149785.669381
8 -1144339.852255
8 -1143263.580374
8 -1143164.261445
8 -1143080.069138
8 -1143397.971056
8 -1143033.880175
8 -1143098.327372
8 -1143183.03947
8 -1148631.198674
8 -1143410.975538
8 -1150852.172822
8 -1143085.067143
8 -1143303.405059
8 -1143219.898054
8 -1142345.417063
8 -1143232.885571
8 -1143203.610184
8 -1144238.483684
8 -1150931.453476
8 -1148516.459338
8 -1143333.556725
8 -1143168.667117
8 -1143062.150168
8 -1149262.098844
8 -1143588.484085
8 -1142451.881382
8 -1149804.354021
8 -1143482.990462
8 -1143659.40906
8 -1148879.023937
8 -1142860.926818
8 -1144239.367421
8 -1142434.504124
8 -1143303.461515
8 -1143209.164287
8 -1149740.378289
8 -1148472.022051
8 -1149778.598877
8 -1143370.465797
8 -1143453.643715
8 -1144125.748775
8 -1149420.751603
8 -1143057.322665
8 -1143173.24288
8 -1145017.889764
8 -1148611.362129
8 -1143282.793428
9 -1133278.297448
9 -1133415.012426
9 -1133024.070766
9 -1132987.122849
9 -1133759.026375
9 -1134055.448882
9 -1134967.375913
9 -1133074.951483
9 -1132639.6777
9 -1139850.237858
9 -1139712.364449
9 -1133002.111023
9 -1133086.421257
9 -1133146.912554
9 -1139884.890268
9 -1138740.017708
9 -1133072.1254
9 -1132399.328804
9 -1133947.988831
9 -1132701.86638
9 -1134025.218444
9 -1132458.400072
9 -1138928.237779
9 -1133115.752572
9 -1133150.750685
9 -1132929.224433
9 -1132360.143975
9 -1133165.628016
9 -1132931.216707
9 -1133165.749923
9 -1133548.859364
9 -1132581.263284
9 -1133211.222491
9 -1133024.094811
9 -1132999.506229
9 -1132734.723406
9 -1133590.365385
9 -1133896.567189
9 -1134811.111998
9 -1141065.076216
9 -1133316.929511
9 -1132892.22872
9 -1134825.28403
9 -1133441.565954
9 -1133194.745616
9 -1132809.248227
9 -1133315.068677
9 -1133331.031873
9 -1133169.5602
9 -1134248.496948
