-------------------------------------------------------------------------------
 L       Percentage of nodes in the largest component
 D       Percentage of nodes in components of size at most 3 [-div option]
 R       Percentage of nodes not in L or D: 100 - L -D
 S       Percentage of nodes that are singletons
 E       Fraction of edges retained (input graph has 2450)
 cce     Expected size of component, nodewise [ sum(sz^2) / sum^2(sz) ]
 EW      Edge weight traits (mean, median and IQR)
 ND      Node degree traits [mean, median and IQR]
 CCF     Clustering coefficient (scale 1-100)
 eff     Induced component efficiency relative to start graph (scale 1-1000)
Total number of nodes: 50
----------------------------------------------------------------------------------------------
  L   D   R   S     E     cce  EWmean   EWmed   EWiqr  NDmean   NDmed  NDiqr CCF  eff  Cutoff 
----------------------------------------------------------------------------------------------
100   0   0   0 0.614      50    0.55    0.54    0.05    30.1    32.5   13.0   -    -     0.50
100   0   0   0 0.549      50    0.56    0.55    0.05    26.9    28.5   15.0   -    -     0.51
100   0   0   0 0.469      50    0.56    0.56    0.05    23.0    23.5   17.0   -    -     0.52
 98   2   0   2 0.396      48    0.57    0.57    0.04    19.4    18.5   19.5   -    -     0.53
 98   2   0   2 0.324      48    0.58    0.57    0.04    15.9    15.5   18.5   -    -     0.54
 96   4   0   4 0.275      46    0.59    0.58    0.04    13.5    12.5   18.5   -    -     0.55
 92   8   0   4 0.220      42    0.60    0.59    0.04    10.8    10.5   15.5   -    -     0.56
 84  16   0  12 0.172      35    0.60    0.60    0.04     8.4     6.5   13.0   -    -     0.57
 66  24  10  24 0.136      23    0.61    0.61    0.04     6.6     5.5   11.0   -    -     0.58
 66  34   0  24 0.098      22    0.62    0.62    0.03     4.8     3.5    9.5   -    -     0.59
 62  38   0  28 0.078      20    0.63    0.63    0.02     3.8     2.5    7.5   -    -     0.60
 60  40   0  32 0.064      18    0.63    0.63    0.02     3.2     2.5    6.0   -    -     0.61
 58  42   0  42 0.047      17    0.64    0.63    0.02     2.3     1.5    4.5   -    -     0.62
 48  52   0  52 0.029      12    0.65    0.64    0.02     1.4     0.5    2.5   -    -     0.63
 18  72  10  60 0.016       3    0.66    0.65    0.03     0.8     0.5    1.5   -    -     0.64
 14  86   0  70 0.009       2    0.67    0.67    0.03     0.4     0.5    1.5   -    -     0.65
 10  90   0  82 0.005       1    0.69    0.69    0.02     0.2     0.5    0.5   -    -     0.66
 10  90   0  82 0.005       1    0.69    0.69    0.02     0.2     0.5    0.5   -    -     0.67
  8  92   0  88 0.003       1    0.70    0.69    0.01     0.2     0.5    0.5   -    -     0.68
  0 100   0  88 0.002       1    0.71    0.70    0.02     0.1     0.5    0.5   -    -     0.69
  0 100   0  96 0.001       1    0.73    0.73    0.00     0.0     0.5    0.5   -    -     0.70
  0 100   0  96 0.001       1    0.73    0.73    0.00     0.0     0.5    0.5   -    -     0.71
  0 100   0  96 0.001       1    0.73    0.73    0.00     0.0     0.5    0.5   -    -     0.72
  0 100   0  96 0.001       1    0.73    0.73    0.00     0.0     0.5    0.5   -    -     0.73
  0 100   0 100 0.000       1    0.00    0.00    0.00     0.0     0.5    0.5   -    -     0.74
  0 100   0 100 0.000       1    0.00    0.00    0.00     0.0     0.5    0.5   -    -     0.75
  0 100   0 100 0.000       1    0.00    0.00    0.00     0.0     0.5    0.5   -    -     0.76
  0 100   0 100 0.000       1    0.00    0.00    0.00     0.0     0.5    0.5   -    -     0.77
  0 100   0 100 0.000       1    0.00    0.00    0.00     0.0     0.5    0.5   -    -     0.78
  0 100   0 100 0.000       1    0.00    0.00    0.00     0.0     0.5    0.5   -    -     0.79
  0 100   0 100 0.000       1    0.00    0.00    0.00     0.0     0.5    0.5   -    -     0.80
  0 100   0 100 0.000       1    0.00    0.00    0.00     0.0     0.5    0.5   -    -     0.81
  0 100   0 100 0.000       1    0.00    0.00    0.00     0.0     0.5    0.5   -    -     0.82
  0 100   0 100 0.000       1    0.00    0.00    0.00     0.0     0.5    0.5   -    -     0.83
  0 100   0 100 0.000       1    0.00    0.00    0.00     0.0     0.5    0.5   -    -     0.84
  0 100   0 100 0.000       1    0.00    0.00    0.00     0.0     0.5    0.5   -    -     0.85
  0 100   0 100 0.000       1    0.00    0.00    0.00     0.0     0.5    0.5   -    -     0.86
  0 100   0 100 0.000       1    0.00    0.00    0.00     0.0     0.5    0.5   -    -     0.87
  0 100   0 100 0.000       1    0.00    0.00    0.00     0.0     0.5    0.5   -    -     0.88
  0 100   0 100 0.000       1    0.00    0.00    0.00     0.0     0.5    0.5   -    -     0.89
  0 100   0 100 0.000       1    0.00    0.00    0.00     0.0     0.5    0.5   -    -     0.90
  0 100   0 100 0.000       1    0.00    0.00    0.00     0.0     0.5    0.5   -    -     0.91
  0 100   0 100 0.000       1    0.00    0.00    0.00     0.0     0.5    0.5   -    -     0.92
  0 100   0 100 0.000       1    0.00    0.00    0.00     0.0     0.5    0.5   -    -     0.93
  0 100   0 100 0.000       1    0.00    0.00    0.00     0.0     0.5    0.5   -    -     0.94
  0 100   0 100 0.000       1    0.00    0.00    0.00     0.0     0.5    0.5   -    -     0.95
  0 100   0 100 0.000       1    0.00    0.00    0.00     0.0     0.5    0.5   -    -     0.96
  0 100   0 100 0.000       1    0.00    0.00    0.00     0.0     0.5    0.5   -    -     0.97
  0 100   0 100 0.000       1    0.00    0.00    0.00     0.0     0.5    0.5   -    -     0.98
  0 100   0 100 0.000       1    0.00    0.00    0.00     0.0     0.5    0.5   -    -     0.99
---------------------------------------------------------------------------------------------
