10 -388700.739669
10 -388625.566839
10 -387087.996365
10 -388187.30764
10 -387972.818292
10 -387179.430369
10 -388874.271844
10 -388241.496753
10 -388132.938212
10 -388541.282344
10 -386978.188689
10 -388848.070291
10 -388788.14388
10 -388824.068677
10 -387195.498114
10 -388102.386798
10 -387084.544002
10 -387084.416668
10 -387040.43498
10 -388265.707053
10 -388774.583246
10 -387165.661265
10 -388177.941111
10 -389780.846763
10 -387189.642603
10 -388859.133064
10 -387026.500502
10 -387182.79404
10 -387021.994812
10 -388843.307068
10 -388277.726995
10 -388197.213962
10 -389150.445533
10 -387090.957857
10 -388443.579378
10 -386976.740205
10 -387187.664774
10 -388845.771274
10 -388595.050235
10 -388450.781269
10 -389721.140802
10 -388781.610915
10 -388847.509119
10 -387218.698193
10 -387180.189958
10 -387203.487256
10 -388726.376194
10 -388770.566646
10 -388381.690871
10 -387639.056786
11 -384809.586437
11 -386075.437603
11 -385217.384066
11 -384985.508895
11 -384967.447941
11 -384860.878055
11 -385251.998406
11 -386138.710697
11 -386036.530314
11 -386108.990531
11 -385189.503833
11 -384725.072882
11 -384516.708871
11 -386302.917536
11 -386428.469142
11 -386144.270209
11 -385916.12532
11 -384404.049405
11 -384500.70738
11 -385892.956059
11 -386317.10607
11 -386544.610827
11 -386039.637337
11 -386736.84318
11 -386147.427234
11 -384387.99858
11 -385195.117756
11 -386227.396572
11 -386661.832628
11 -386455.696351
11 -386031.165033
11 -386345.723626
11 -385776.302246
11 -384906.437967
11 -384553.315592
11 -384910.454934
11 -385892.880871
11 -386112.527338
11 -385083.080829
11 -386657.10404
11 -385600.939376
11 -384691.504133
11 -384847.067578
11 -386192.822933
11 -385898.198824
11 -384612.561127
11 -385030.093578
11 -384456.583841
11 -386720.735849
11 -386289.728841
12 -383800.48517
12 -382233.80747
12 -383457.331033
12 -381964.265013
12 -381993.622437
12 -381902.315528
12 -384123.171602
12 -383642.542713
12 -384174.766355
12 -383920.373651
12 -384073.125131
12 -382225.501859
12 -382133.299305
12 -381981.907897
12 -382234.840295
12 -384091.430537
12 -384511.345449
12 -382521.628092
12 -382804.920876
12 -381791.289549
12 -381825.913955
12 -383725.527956
12 -383750.034013
12 -384101.191505
12 -382200.906903
12 -382303.080162
12 -383472.044304
12 -382542.929464
12 -381922.702753
12 -382128.347578
12 -383801.220727
12 -383590.916428
12 -382429.871558
12 -382837.296604
12 -384257.195974
12 -382524.911757
12 -382299.034092
12 -382426.65298
12 -383800.010791
12 -382143.082091
12 -382674.720928
12 -382557.126249
12 -383638.252313
12 -383393.671661
12 -382521.936246
12 -382728.736252
12 -382513.443589
12 -382113.37031
12 -382014.40137
12 -383614.622641
13 -379399.730756
13 -382166.371372
13 -379405.61409
13 -380308.960847
13 -380275.507667
13 -379943.779266
13 -380021.01292
13 -379455.605996
13 -380062.326444
13 -379562.237044
13 -379621.628199
13 -379853.061513
13 -379755.496421
13 -380152.777946
13 -381894.046562
13 -381560.157945
13 -380241.093662
13 -379898.819039
13 -380455.84152
13 -379228.691073
13 -380323.609286
13 -379785.210082
13 -379992.915638
13 -379931.729006
13 -380295.20209
13 -380484.545006
13 -381768.958515
13 -379908.649219
13 -381930.940313
13 -380375.223835
13 -379785.137295
13 -380168.768381
13 -380982.63563
13 -381521.605175
13 -381760.5991
13 -379913.169945
13 -380696.334141
13 -380534.402328
13 -380579.288144
13 -379628.558535
13 -379811.178003
13 -379915.423697
13 -380157.029388
13 -380005.808315
13 -382560.252005
13 -379909.975567
13 -380254.821794
13 -380187.456002
13 -380235.081495
13 -380031.919472
14 -377275.724926
14 -377360.502977
14 -377768.245588
14 -377435.50425
14 -377576.275944
14 -377603.229864
14 -377619.981686
14 -377111.745255
14 -379771.385477
14 -377385.732922
14 -377385.856645
14 -377395.62753
14 -378068.747977
14 -377307.527088
14 -379577.390445
14 -377874.063868
14 -377922.32151
14 -377797.293634
14 -378179.624232
14 -379220.98885
14 -377468.476645
14 -377580.530762
14 -377146.030227
14 -378301.84288
14 -377565.891321
14 -377932.2158
14 -377867.878644
14 -378352.375591
14 -377241.268622
14 -377631.955023
14 -377351.660429
14 -377406.085488
14 -377917.106855
14 -378254.472629
14 -377791.321188
14 -377391.45272
14 -377704.036108
14 -378977.869483
14 -378323.015814
14 -377963.195352
14 -377777.096561
14 -377543.673408
14 -377809.461676
14 -377818.903264
14 -377325.465814
14 -378908.389307
14 -377314.003058
14 -379384.374954
14 -377685.936947
14 -377490.022243
15 -375826.777333
15 -375506.732842
15 -375102.688662
15 -375302.742623
15 -375558.624205
15 -375378.318655
15 -375340.763653
15 -375400.571239
15 -375176.424903
15 -376134.781423
15 -375258.457682
15 -375921.836757
15 -375028.317475
15 -375562.565003
15 -375295.57725
15 -375269.851908
15 -375896.196117
15 -375044.000801
15 -374976.620841
15 -375719.291773
15 -375790.055591
15 -375897.560544
15 -375381.018289
15 -374721.557772
15 -375272.130587
15 -376526.028795
15 -375537.246248
15 -375246.897304
15 -374563.632144
15 -375238.074956
15 -375456.99729
15 -374712.30442
15 -375202.866703
15 -375281.631079
15 -374872.734678
15 -375356.894844
15 -375137.526737
15 -374989.201724
15 -376272.865279
15 -375936.490772
15 -375048.024437
15 -375687.657245
15 -375403.796846
15 -375204.423289
15 -375263.189208
15 -375862.860652
15 -375348.45203
15 -376106.659953
15 -375609.520807
15 -374406.209813
16 -373567.258863
16 -373638.699209
16 -372873.380609
16 -372586.893834
16 -372970.419921
16 -372954.55855
16 -372963.528722
16 -373829.937916
16 -373418.799582
16 -373417.378727
16 -373044.488971
16 -372713.01858
16 -373532.128911
16 -373109.036964
16 -372787.086298
16 -373145.069335
16 -373784.119225
16 -373409.54379
16 -373451.235387
16 -373174.128194
16 -373033.255674
16 -373081.937263
16 -373322.2728
16 -373224.822475
16 -373337.86434
16 -372883.234216
16 -372435.514054
16 -373006.836376
16 -372769.86927
16 -373465.682942
16 -372884.028197
16 -373461.529762
16 -372900.001942
16 -373470.359438
16 -373150.157396
16 -373638.705158
16 -373058.653383
16 -373256.496646
16 -372920.372341
16 -373035.44644
16 -372823.951858
16 -372792.609668
16 -373632.00671
16 -372963.109235
16 -372827.506981
16 -373177.257714
16 -373012.460107
16 -373025.409706
16 -372734.216868
16 -373030.329318
17 -371314.728567
17 -371002.685114
17 -371122.565198
17 -370644.982553
17 -370677.056452
17 -371108.65156
17 -371043.270883
17 -370879.499801
17 -370714.656053
17 -370517.911636
17 -370641.846893
17 -370727.094657
17 -370994.419039
17 -371084.620721
17 -370662.646205
17 -370642.534074
17 -370776.749542
17 -370502.045181
17 -370701.097378
17 -370465.691969
17 -370563.260173
17 -371386.655004
17 -370359.646684
17 -370891.997841
17 -370710.343464
17 -370566.513564
17 -370943.440344
17 -370621.251382
17 -370888.856302
17 -370504.715936
17 -370536.186198
17 -370397.150152
17 -371043.828123
17 -370513.949667
17 -371317.091953
17 -370774.77495
17 -370767.977984
17 -371128.132069
17 -370292.769994
17 -370744.476777
17 -371780.872321
17 -370798.61389
17 -370554.780661
17 -370702.595951
17 -370817.684996
17 -370927.451731
17 -371120.821196
17 -370172.796529
17 -370653.444565
17 -371223.184592
18 -368677.519016
18 -368058.516893
18 -368819.782572
18 -368539.313309
18 -368208.37883
18 -368993.948203
18 -368638.818476
18 -368574.548972
18 -368987.095416
18 -368632.210381
18 -368546.910325
18 -367926.813447
18 -368789.536097
18 -369089.52348
18 -368964.094014
18 -370555.196953
18 -367954.481943
18 -368673.153082
18 -368265.499329
18 -368357.782503
18 -368564.671211
18 -368052.05296
18 -369159.13518
18 -368439.265396
18 -369190.485105
18 -368203.05719
18 -368197.634888
18 -368317.273422
18 -368566.506763
18 -368606.051643
18 -368614.647941
18 -368079.486587
18 -369580.534542
18 -368930.012245
18 -368658.059648
18 -368276.082001
18 -368473.98956
18 -368605.41155
18 -368479.861175
18 -368580.680543
18 -368998.323175
18 -369327.98145
18 -368974.458617
18 -368482.0958
18 -368776.578144
18 -368437.014049
18 -369155.338909
18 -368488.529353
18 -369417.182744
18 -368935.256678
19 -366516.653477
19 -365787.667375
19 -365914.610478
19 -366580.177628
19 -366867.390437
19 -366135.104484
19 -366825.149274
19 -366182.866742
19 -365721.991587
19 -366645.59702
19 -366536.456325
19 -366101.799843
19 -366903.826619
19 -367180.231758
19 -366285.745979
19 -366434.944843
19 -366257.653161
19 -365726.917263
19 -366972.817123
19 -366746.664267
19 -366532.458939
19 -366603.665281
19 -365779.045489
19 -366358.598971
19 -365988.843931
19 -366543.129261
19 -366172.378578
19 -366281.868102
19 -366818.895616
19 -367340.544528
19 -366046.835347
19 -366673.536663
19 -366623.751412
19 -366729.618712
19 -366745.016172
19 -366610.856949
19 -366088.090491
19 -366082.081182
19 -366538.759624
19 -365973.192492
19 -366424.014906
19 -366659.100397
19 -366243.875126
19 -366216.428029
19 -367062.559199
19 -366675.111715
19 -366043.785843
19 -366305.940413
19 -366225.891422
19 -365863.348519
1 -606871.478915
1 -606871.478915
1 -606871.478915
1 -606871.478915
1 -606871.478915
1 -606871.478915
1 -606871.478915
1 -606871.478915
1 -606871.478915
1 -606871.478915
1 -606871.478915
1 -606871.478915
1 -606871.478915
1 -606871.478915
1 -606871.478915
1 -606871.478915
1 -606871.478915
1 -606871.478915
1 -606871.478915
1 -606871.478915
1 -606871.478915
1 -606871.478915
1 -606871.478915
1 -606871.478915
1 -606871.478915
1 -606871.478915
1 -606871.478915
1 -606871.478915
1 -606871.478915
1 -606871.478915
1 -606871.478915
1 -606871.478915
1 -606871.478915
1 -606871.478915
1 -606871.478915
1 -606871.478915
1 -606871.478915
1 -606871.478915
1 -606871.478915
1 -606871.478915
1 -606871.478915
1 -606871.478915
1 -606871.478915
1 -606871.478915
1 -606871.478915
1 -606871.478915
1 -606871.478915
1 -606871.478915
1 -606871.478915
1 -606871.478915
2 -475525.10294
2 -475525.103363
2 -475525.105041
2 -475525.103861
2 -475525.103245
2 -475525.101724
2 -475525.10507
2 -475525.102998
2 -475525.103104
2 -475525.102697
2 -475525.102213
2 -475525.105694
2 -475525.10269
2 -475525.103457
2 -475525.100367
2 -475525.105874
2 -475525.103205
2 -475525.10106
2 -475525.101237
2 -475525.104497
2 -475525.103149
2 -475525.101852
2 -475525.104397
2 -475525.103593
2 -475525.10095
2 -475525.102272
2 -475525.099909
2 -475525.102916
2 -475525.103532
2 -475525.106774
2 -475525.102977
2 -475525.101465
2 -475525.100225
2 -475525.108369
2 -475525.105714
2 -475525.103446
2 -475525.101393
2 -475525.10325
2 -475525.100684
2 -475525.109232
2 -475525.10266
2 -475525.104419
2 -475525.106994
2 -475525.10203
2 -475525.105269
2 -475525.102005
2 -475525.107137
2 -475525.102364
2 -475525.102351
2 -475525.103521
3 -450299.045915
3 -447089.894563
3 -450299.043362
3 -450299.070638
3 -450299.037957
3 -447089.906677
3 -450299.045034
3 -450299.044992
3 -450299.079705
3 -450299.060749
3 -447089.885776
3 -450299.074149
3 -450299.075192
3 -450299.032502
3 -450299.058025
3 -447089.893964
3 -450299.040148
3 -450299.074522
3 -447089.901642
3 -450299.060232
3 -447089.886398
3 -450299.075399
3 -447089.891836
3 -450299.055622
3 -450299.073339
3 -450299.047459
3 -447089.89693
3 -450299.054635
3 -447089.892166
3 -450299.058974
3 -450299.078074
3 -447089.900667
3 -447089.893634
3 -450299.051681
3 -450299.077098
3 -450299.068582
3 -450299.060492
3 -450299.0652
3 -450299.073399
3 -450299.072284
3 -450299.077355
3 -450299.08052
3 -447089.90795
3 -450299.077934
3 -447089.887735
3 -450299.078943
3 -447089.89474
3 -447089.887129
3 -450299.034486
3 -450299.074956
4 -421869.111219
4 -439237.569507
4 -439237.575621
4 -421869.107592
4 -439237.580636
4 -439238.645057
4 -421869.115447
4 -421869.121003
4 -439237.570875
4 -421869.102149
4 -421869.10992
4 -421869.109156
4 -421869.11613
4 -421869.098737
4 -439238.343576
4 -421869.099141
4 -421869.112195
4 -439237.568823
4 -421869.121383
4 -421869.10874
4 -421869.103639
4 -421869.104277
4 -439237.576939
4 -421869.109307
4 -421869.105028
4 -421869.093003
4 -439237.579632
4 -421869.106539
4 -421869.102076
4 -421869.116313
4 -421869.134528
4 -439237.577191
4 -421869.112818
4 -421869.122649
4 -439237.57206
4 -439237.582419
4 -439237.575162
4 -421869.105948
4 -421869.095779
4 -421869.107279
4 -421869.086487
4 -421869.105494
4 -439237.582182
4 -421869.117737
4 -439237.580058
4 -439237.560088
4 -421869.118102
4 -439237.574712
4 -421869.094312
4 -421869.106691
5 -410813.617032
5 -410813.596815
5 -410813.337722
5 -410813.358736
5 -410813.368606
5 -410813.362986
5 -410813.328074
5 -410813.610969
5 -410813.365013
5 -410813.367587
5 -410813.371796
5 -410813.368181
5 -410813.350983
5 -410813.338359
5 -410813.87346
5 -410813.317311
5 -410813.356454
5 -410813.361799
5 -410813.603564
5 -410813.377441
5 -410813.907127
5 -410813.595383
5 -410813.90122
5 -410813.361884
5 -410813.320366
5 -415632.437205
5 -410813.368811
5 -410813.855513
5 -415634.478429
5 -410813.370506
5 -410813.321404
5 -415632.418182
5 -410813.364256
5 -410813.343521
5 -410813.886977
5 -417599.819404
5 -410813.363701
5 -432191.657026
5 -410813.376525
5 -410813.343718
5 -410813.383971
5 -432187.126392
5 -410813.33994
5 -410813.337526
5 -432166.603465
5 -410813.907651
5 -410813.376253
5 -410813.323878
5 -410813.364232
5 -432187.273109
6 -404638.535716
6 -404638.558885
6 -404638.5328
6 -404638.555426
6 -403777.899368
6 -404638.528672
6 -404638.535925
6 -403777.802496
6 -404638.004384
6 -403778.011608
6 -404638.543113
6 -404622.630959
6 -404622.63534
6 -403778.005941
6 -404622.639389
6 -403778.205192
6 -403778.88997
6 -404624.091841
6 -404622.642052
6 -404638.528066
6 -403777.813563
6 -404638.540747
6 -404638.539822
6 -403778.199645
6 -403778.00409
6 -404622.638509
6 -404622.633079
6 -403777.819169
6 -404624.08472
6 -404622.633212
6 -404622.639017
6 -403778.868396
6 -403777.832302
6 -403777.828178
6 -403778.203507
6 -404638.53073
6 -404638.537343
6 -404624.091692
6 -404638.544011
6 -403778.304285
6 -403778.284775
6 -404622.631955
6 -404638.543614
6 -404638.54744
6 -403777.798889
6 -404638.536736
6 -404638.532105
6 -404624.41299
6 -404622.633248
6 -404638.544521
7 -397610.884741
7 -397610.849837
7 -397610.894006
7 -397631.182959
7 -397610.827329
7 -397610.853737
7 -397631.209052
7 -397631.201401
7 -397610.774961
7 -397631.298005
7 -397610.866206
7 -397610.892692
7 -397610.772984
7 -400703.167971
7 -397610.856497
7 -397640.017684
7 -397610.777085
7 -397610.895339
7 -397631.213842
7 -397610.809053
7 -400700.978413
7 -400628.638466
7 -397610.849376
7 -399529.101925
7 -397610.863629
7 -397610.848297
7 -397631.209641
7 -399530.272064
7 -397610.859888
7 -397631.197265
7 -397631.236519
7 -397631.222212
7 -397630.338423
7 -400700.983675
7 -397631.251314
7 -400628.637472
7 -397610.871828
7 -397640.063624
7 -397610.861229
7 -400629.136636
7 -397610.860887
7 -397610.866132
7 -397610.768736
7 -397610.776142
7 -397610.793234
7 -397610.863598
7 -397610.858475
7 -397610.781165
7 -397631.237272
7 -397610.859533
8 -393622.12608
8 -394941.419165
8 -393696.173799
8 -393621.789992
8 -393696.237287
8 -394922.467039
8 -393622.513479
8 -394812.073564
8 -394820.021237
8 -394915.368586
8 -394936.942584
8 -393621.775059
8 -393621.815869
8 -394921.063895
8 -394924.480364
8 -394916.433475
8 -393622.231492
8 -393697.691393
8 -393696.806978
8 -394940.199795
8 -395346.075215
8 -395436.211242
8 -393697.85003
8 -394948.899082
8 -393696.199254
8 -393622.513269
8 -394900.306237
8 -395423.37454
8 -393622.750965
8 -394930.356497
8 -394897.646506
8 -393696.185083
8 -393696.797778
8 -394942.224248
8 -394920.280177
8 -397340.544496
8 -394960.144227
8 -393696.798575
8 -393621.815776
8 -393696.178628
8 -395464.040921
8 -393621.862622
8 -394844.286054
8 -395272.98761
8 -393696.201503
8 -393622.466699
8 -394890.232684
8 -394801.536955
8 -396832.81512
8 -393621.887442
9 -391044.346093
9 -390984.369923
9 -391516.975833
9 -391337.896373
9 -390861.827984
9 -390794.826614
9 -391372.344042
9 -392454.924802
9 -390788.438447
9 -391716.267325
9 -389827.408484
9 -391297.607207
9 -391034.825477
9 -391020.937402
9 -392326.961907
9 -391059.304476
9 -390860.010388
9 -390966.959081
9 -390797.664506
9 -392849.496363
9 -391070.553221
9 -392595.665123
9 -390968.410517
9 -390919.470107
9 -392511.948813
9 -392697.732198
9 -390978.855671
9 -391492.894458
9 -390988.291698
9 -391358.535568
9 -390726.731187
9 -390930.327203
9 -389827.479905
9 -390943.354028
9 -390927.725972
9 -391046.897713
9 -390993.340817
9 -390906.554039
9 -390883.31419
9 -391450.575954
9 -392743.913458
9 -389827.390043
9 -391542.793289
9 -392317.237763
9 -391026.042742
9 -391021.550276
9 -389831.890484
9 -391030.957391
9 -390982.784329
9 -391487.317735
