1.0000 0.9987 1.0000 1.0000 0.9999 0.9999 0.9987 0.9999 0.9999 0.9987 1.0000 1.0000 0.9987 0.9999 0.9999 1.0000 1.0000 1.0000 1.0000 0.9987 0.9999 0.7631 0.9999 0.9999 0.9999 0.9999 0.9999 0.9999 1.0000 0.9999 0.9999 0.9999 0.9999 0.9929 1.0000 0.9987 0.9987 0.9999 0.9999 0.9999 0.9999 0.9987 0.9999 0.9987 0.9999 0.9999 0.9987 0.9999 0.9998 0.9999
0.9987 1.0000 0.9987 0.9987 0.9987 0.9987 1.0000 0.9988 0.9987 1.0000 0.9987 0.9987 1.0000 0.9988 0.9988 0.9987 0.9987 0.9987 0.9987 1.0000 0.9987 0.7621 0.9988 0.9987 0.9987 0.9987 0.9987 0.9988 0.9987 0.9988 0.9987 0.9987 0.9987 0.9930 0.9987 1.0000 1.0000 0.9987 0.9987 0.9987 0.9987 1.0000 0.9988 1.0000 0.9987 0.9987 1.0000 0.9987 0.9989 0.9987
1.0000 0.9987 1.0000 0.9999 0.9999 0.9999 0.9987 0.9999 0.9999 0.9987 1.0000 1.0000 0.9987 0.9998 0.9999 1.0000 1.0000 0.9999 0.9999 0.9987 0.9999 0.7631 0.9999 0.9999 0.9999 0.9999 0.9999 0.9998 0.9999 0.9999 0.9999 0.9999 0.9999 0.9929 1.0000 0.9987 0.9987 0.9999 1.0000 0.9999 0.9999 0.9987 0.9998 0.9987 0.9999 0.9999 0.9987 0.9999 0.9998 0.9999
1.0000 0.9987 0.9999 1.0000 1.0000 1.0000 0.9987 1.0000 1.0000 0.9987 0.9999 1.0000 0.9987 0.9999 1.0000 1.0000 0.9999 1.0000 1.0000 0.9987 1.0000 0.7630 0.9999 1.0000 1.0000 1.0000 1.0000 0.9999 1.0000 0.9999 1.0000 1.0000 1.0000 0.9929 0.9999 0.9987 0.9987 1.0000 0.9999 1.0000 1.0000 0.9987 0.9999 0.9987 1.0000 1.0000 0.9987 1.0000 0.9999 1.0000
0.9999 0.9987 0.9999 1.0000 1.0000 1.0000 0.9987 1.0000 1.0000 0.9987 0.9999 1.0000 0.9987 0.9999 1.0000 1.0000 0.9999 1.0000 1.0000 0.9987 1.0000 0.7630 0.9999 1.0000 1.0000 1.0000 1.0000 0.9999 1.0000 1.0000 1.0000 1.0000 1.0000 0.9929 0.9999 0.9987 0.9987 1.0000 0.9999 1.0000 1.0000 0.9987 0.9999 0.9987 1.0000 1.0000 0.9987 1.0000 0.9999 1.0000
0.9999 0.9987 0.9999 1.0000 1.0000 1.0000 0.9987 1.0000 1.0000 0.9987 0.9999 1.0000 0.9987 0.9999 1.0000 1.0000 0.9999 1.0000 1.0000 0.9987 1.0000 0.7630 0.9999 1.0000 1.0000 1.0000 1.0000 0.9999 1.0000 1.0000 1.0000 1.0000 1.0000 0.9929 1.0000 0.9987 0.9987 1.0000 0.9999 1.0000 1.0000 0.9987 0.9999 0.9987 1.0000 1.0000 0.9987 1.0000 0.9999 1.0000
0.9987 1.0000 0.9987 0.9987 0.9987 0.9987 1.0000 0.9988 0.9988 1.0000 0.9987 0.9987 1.0000 0.9988 0.9988 0.9987 0.9987 0.9987 0.9987 1.0000 0.9987 0.7621 0.9988 0.9988 0.9988 0.9987 0.9987 0.9988 0.9987 0.9988 0.9987 0.9988 0.9987 0.9930 0.9987 1.0000 1.0000 0.9987 0.9987 0.9988 0.9987 1.0000 0.9988 1.0000 0.9987 0.9988 1.0000 0.9988 0.9989 0.9987
0.9999 0.9988 0.9999 1.0000 1.0000 1.0000 0.9988 1.0000 1.0000 0.9988 0.9999 0.9999 0.9988 0.9999 1.0000 0.9999 0.9999 1.0000 1.0000 0.9988 1.0000 0.7630 0.9999 1.0000 1.0000 1.0000 1.0000 0.9999 1.0000 1.0000 1.0000 1.0000 1.0000 0.9929 0.9999 0.9987 0.9988 1.0000 0.9999 1.0000 1.0000 0.9988 0.9999 0.9988 1.0000 1.0000 0.9987 1.0000 0.9999 1.0000
0.9999 0.9987 0.9999 1.0000 1.0000 1.0000 0.9988 1.0000 1.0000 0.9988 0.9999 0.9999 0.9988 0.9999 1.0000 0.9999 0.9999 1.0000 1.0000 0.9988 1.0000 0.7630 0.9999 1.0000 1.0000 1.0000 1.0000 0.9999 1.0000 1.0000 1.0000 1.0000 1.0000 0.9929 0.9999 0.9987 0.9988 1.0000 0.9999 1.0000 1.0000 0.9987 0.9999 0.9988 1.0000 1.0000 0.9987 1.0000 0.9999 1.0000
0.9987 1.0000 0.9987 0.9987 0.9987 0.9987 1.0000 0.9988 0.9988 1.0000 0.9987 0.9987 1.0000 0.9988 0.9988 0.9987 0.9987 0.9987 0.9987 1.0000 0.9987 0.7621 0.9988 0.9987 0.9988 0.9987 0.9987 0.9988 0.9987 0.9988 0.9987 0.9988 0.9987 0.9930 0.9987 1.0000 1.0000 0.9987 0.9987 0.9988 0.9987 1.0000 0.9988 1.0000 0.9987 0.9987 1.0000 0.9987 0.9989 0.9987
1.0000 0.9987 1.0000 0.9999 0.9999 0.9999 0.9987 0.9999 0.9999 0.9987 1.0000 1.0000 0.9987 0.9999 0.9999 1.0000 1.0000 1.0000 1.0000 0.9987 0.9999 0.7631 0.9999 0.9999 0.9999 0.9999 0.9999 0.9999 1.0000 0.9999 0.9999 0.9999 0.9999 0.9929 1.0000 0.9987 0.9987 0.9999 1.0000 0.9999 0.9999 0.9987 0.9999 0.9987 0.9999 0.9999 0.9987 0.9999 0.9998 0.9999
1.0000 0.9987 1.0000 1.0000 1.0000 1.0000 0.9987 0.9999 0.9999 0.9987 1.0000 1.0000 0.9987 0.9999 0.9999 1.0000 1.0000 1.0000 1.0000 0.9987 1.0000 0.7631 0.9999 1.0000 0.9999 1.0000 1.0000 0.9999 1.0000 0.9999 1.0000 0.9999 1.0000 0.9929 1.0000 0.9987 0.9987 1.0000 1.0000 0.9999 1.0000 0.9987 0.9999 0.9987 1.0000 0.9999 0.9987 0.9999 0.9998 1.0000
0.9987 1.0000 0.9987 0.9987 0.9987 0.9987 1.0000 0.9988 0.9988 1.0000 0.9987 0.9987 1.0000 0.9988 0.9988 0.9987 0.9987 0.9987 0.9987 1.0000 0.9987 0.7621 0.9988 0.9987 0.9988 0.9987 0.9987 0.9988 0.9987 0.9988 0.9987 0.9988 0.9987 0.9930 0.9987 1.0000 1.0000 0.9987 0.9987 0.9988 0.9987 1.0000 0.9988 1.0000 0.9987 0.9987 1.0000 0.9987 0.9989 0.9987
0.9999 0.9988 0.9998 0.9999 0.9999 0.9999 0.9988 0.9999 0.9999 0.9988 0.9999 0.9999 0.9988 1.0000 0.9999 0.9999 0.9999 0.9999 0.9999 0.9988 0.9999 0.7629 1.0000 0.9999 0.9999 0.9999 0.9999 1.0000 0.9999 1.0000 0.9999 0.9999 0.9999 0.9929 0.9999 0.9988 0.9988 0.9999 0.9998 0.9999 0.9999 0.9988 1.0000 0.9988 0.9999 0.9999 0.9988 0.9999 1.0000 0.9999
0.9999 0.9988 0.9999 1.0000 1.0000 1.0000 0.9988 1.0000 1.0000 0.9988 0.9999 0.9999 0.9988 0.9999 1.0000 0.9999 0.9999 1.0000 0.9999 0.9988 0.9999 0.7630 0.9999 1.0000 1.0000 1.0000 1.0000 0.9999 1.0000 1.0000 0.9999 1.0000 1.0000 0.9929 0.9999 0.9988 0.9988 1.0000 0.9999 1.0000 1.0000 0.9988 0.9999 0.9988 1.0000 1.0000 0.9988 1.0000 0.9999 1.0000
1.0000 0.9987 1.0000 1.0000 1.0000 1.0000 0.9987 0.9999 0.9999 0.9987 1.0000 1.0000 0.9987 0.9999 0.9999 1.0000 1.0000 1.0000 1.0000 0.9987 1.0000 0.7631 0.9999 0.9999 0.9999 1.0000 0.9999 0.9999 1.0000 0.9999 1.0000 0.9999 1.0000 0.9929 1.0000 0.9987 0.9987 1.0000 1.0000 0.9999 1.0000 0.9987 0.9999 0.9987 1.0000 0.9999 0.9987 0.9999 0.9998 0.9999
1.0000 0.9987 1.0000 0.9999 0.9999 0.9999 0.9987 0.9999 0.9999 0.9987 1.0000 1.0000 0.9987 0.9999 0.9999 1.0000 1.0000 1.0000 1.0000 0.9987 1.0000 0.7631 0.9999 0.9999 0.9999 0.9999 0.9999 0.9999 1.0000 0.9999 1.0000 0.9999 0.9999 0.9929 1.0000 0.9987 0.9987 1.0000 1.0000 0.9999 1.0000 0.9987 0.9999 0.9987 1.0000 0.9999 0.9987 0.9999 0.9998 0.9999
1.0000 0.9987 0.9999 1.0000 1.0000 1.0000 0.9987 1.0000 1.0000 0.9987 1.0000 1.0000 0.9987 0.9999 1.0000 1.0000 1.0000 1.0000 1.0000 0.9987 1.0000 0.7630 0.9999 1.0000 1.0000 1.0000 1.0000 0.9999 1.0000 0.9999 1.0000 1.0000 1.0000 0.9929 1.0000 0.9987 0.9987 1.0000 0.9999 1.0000 1.0000 0.9987 0.9999 0.9987 1.0000 1.0000 0.9987 1.0000 0.9999 1.0000
1.0000 0.9987 0.9999 1.0000 1.0000 1.0000 0.9987 1.0000 1.0000 0.9987 1.0000 1.0000 0.9987 0.9999 0.9999 1.0000 1.0000 1.0000 1.0000 0.9987 1.0000 0.7630 0.9999 1.0000 1.0000 1.0000 1.0000 0.9999 1.0000 0.9999 1.0000 1.0000 1.0000 0.9929 1.0000 0.9987 0.9987 1.0000 0.9999 1.0000 1.0000 0.9987 0.9999 0.9987 1.0000 1.0000 0.9987 1.0000 0.9999 1.0000
0.9987 1.0000 0.9987 0.9987 0.9987 0.9987 1.0000 0.9988 0.9988 1.0000 0.9987 0.9987 1.0000 0.9988 0.9988 0.9987 0.9987 0.9987 0.9987 1.0000 0.9987 0.7621 0.9988 0.9988 0.9988 0.9987 0.9988 0.9988 0.9987 0.9988 0.9987 0.9988 0.9987 0.9930 0.9987 1.0000 1.0000 0.9987 0.9987 0.9988 0.9987 1.0000 0.9988 1.0000 0.9987 0.9988 1.0000 0.9988 0.9989 0.9988
0.9999 0.9987 0.9999 1.0000 1.0000 1.0000 0.9987 1.0000 1.0000 0.9987 0.9999 1.0000 0.9987 0.9999 0.9999 1.0000 1.0000 1.0000 1.0000 0.9987 1.0000 0.7630 0.9999 1.0000 1.0000 1.0000 1.0000 0.9999 1.0000 0.9999 1.0000 1.0000 1.0000 0.9929 1.0000 0.9987 0.9987 1.0000 0.9999 1.0000 1.0000 0.9987 0.9999 0.9987 1.0000 1.0000 0.9987 1.0000 0.9999 1.0000
0.7631 0.7621 0.7631 0.7630 0.7630 0.7630 0.7621 0.7630 0.7630 0.7621 0.7631 0.7631 0.7621 0.7629 0.7630 0.7631 0.7631 0.7630 0.7630 0.7621 0.7630 1.0000 0.7630 0.7630 0.7630 0.7630 0.7630 0.7630 0.7630 0.7630 0.7630 0.7630 0.7630 0.7618 0.7631 0.7621 0.7621 0.7630 0.7631 0.7630 0.7630 0.7621 0.7630 0.7621 0.7630 0.7630 0.7621 0.7630 0.7629 0.7630
0.9999 0.9988 0.9999 0.9999 0.9999 0.9999 0.9988 0.9999 0.9999 0.9988 0.9999 0.9999 0.9988 1.0000 0.9999 0.9999 0.9999 0.9999 0.9999 0.9988 0.9999 0.7630 1.0000 0.9999 0.9999 0.9999 0.9999 1.0000 0.9999 1.0000 0.9999 0.9999 0.9999 0.9929 0.9999 0.9988 0.9988 0.9999 0.9999 0.9999 0.9999 0.9988 1.0000 0.9988 0.9999 0.9999 0.9988 0.9999 0.9999 0.9999
0.9999 0.9987 0.9999 1.0000 1.0000 1.0000 0.9988 1.0000 1.0000 0.9987 0.9999 1.0000 0.9987 0.9999 1.0000 0.9999 0.9999 1.0000 1.0000 0.9988 1.0000 0.7630 0.9999 1.0000 1.0000 1.0000 1.0000 0.9999 1.0000 1.0000 1.0000 1.0000 1.0000 0.9929 0.9999 0.9987 0.9987 1.0000 0.9999 1.0000 1.0000 0.9987 0.9999 0.9987 1.0000 1.0000 0.9987 1.0000 0.9999 1.0000
0.9999 0.9987 0.9999 1.0000 1.0000 1.0000 0.9988 1.0000 1.0000 0.9988 0.9999 0.9999 0.9988 0.9999 1.0000 0.9999 0.9999 1.0000 1.0000 0.9988 1.0000 0.7630 0.9999 1.0000 1.0000 1.0000 1.0000 0.9999 1.0000 1.0000 1.0000 1.0000 1.0000 0.9929 0.9999 0.9987 0.9988 1.0000 0.9999 1.0000 1.0000 0.9987 0.9999 0.9988 1.0000 1.0000 0.9987 1.0000 0.9999 1.0000
0.9999 0.9987 0.9999 1.0000 1.0000 1.0000 0.9987 1.0000 1.0000 0.9987 0.9999 1.0000 0.9987 0.9999 1.0000 1.0000 0.9999 1.0000 1.0000 0.9987 1.0000 0.7630 0.9999 1.0000 1.0000 1.0000 1.0000 0.9999 1.0000 1.0000 1.0000 1.0000 1.0000 0.9929 1.0000 0.9987 0.9987 1.0000 0.9999 1.0000 1.0000 0.9987 0.9999 0.9987 1.0000 1.0000 0.9987 1.0000 0.9999 1.0000
0.9999 0.9987 0.9999 1.0000 1.0000 1.0000 0.9987 1.0000 1.0000 0.9987 0.9999 1.0000 0.9987 0.9999 1.0000 0.9999 0.9999 1.0000 1.0000 0.9988 1.0000 0.7630 0.9999 1.0000 1.0000 1.0000 1.0000 0.9999 1.0000 1.0000 1.0000 1.0000 1.0000 0.9929 0.9999 0.9987 0.9987 1.0000 0.9999 1.0000 1.0000 0.9987 0.9999 0.9987 1.0000 1.0000 0.9987 1.0000 0.9999 1.0000
0.9999 0.9988 0.9998 0.9999 0.9999 0.9999 0.9988 0.9999 0.9999 0.9988 0.9999 0.9999 0.9988 1.0000 0.9999 0.9999 0.9999 0.9999 0.9999 0.9988 0.9999 0.7630 1.0000 0.9999 0.9999 0.9999 0.9999 1.0000 0.9999 1.0000 0.9999 0.9999 0.9999 0.9929 0.9999 0.9988 0.9988 0.9999 0.9998 0.9999 0.9999 0.9988 1.0000 0.9988 0.9999 0.9999 0.9988 0.9999 1.0000 0.9999
1.0000 0.9987 0.9999 1.0000 1.0000 1.0000 0.9987 1.0000 1.0000 0.9987 1.0000 1.0000 0.9987 0.9999 1.0000 1.0000 1.0000 1.0000 1.0000 0.9987 1.0000 0.7630 0.9999 1.0000 1.0000 1.0000 1.0000 0.9999 1.0000 0.9999 1.0000 1.0000 1.0000 0.9929 1.0000 0.9987 0.9987 1.0000 0.9999 1.0000 1.0000 0.9987 0.9999 0.9987 1.0000 1.0000 0.9987 1.0000 0.9999 1.0000
0.9999 0.9988 0.9999 0.9999 1.0000 1.0000 0.9988 1.0000 1.0000 0.9988 0.9999 0.9999 0.9988 1.0000 1.0000 0.9999 0.9999 0.9999 0.9999 0.9988 0.9999 0.7630 1.0000 1.0000 1.0000 1.0000 1.0000 1.0000 0.9999 1.0000 0.9999 1.0000 1.0000 0.9929 0.9999 0.9988 0.9988 0.9999 0.9999 1.0000 0.9999 0.9988 1.0000 0.9988 0.9999 1.0000 0.9988 1.0000 0.9999 1.0000
0.9999 0.9987 0.9999 1.0000 1.0000 1.0000 0.9987 1.0000 1.0000 0.9987 0.9999 1.0000 0.9987 0.9999 0.9999 1.0000 1.0000 1.0000 1.0000 0.9987 1.0000 0.7630 0.9999 1.0000 1.0000 1.0000 1.0000 0.9999 1.0000 0.9999 1.0000 1.0000 1.0000 0.9929 1.0000 0.9987 0.9987 1.0000 0.9999 1.0000 1.0000 0.9987 0.9999 0.9987 1.0000 1.0000 0.9987 1.0000 0.9999 1.0000
0.9999 0.9987 0.9999 1.0000 1.0000 1.0000 0.9988 1.0000 1.0000 0.9988 0.9999 0.9999 0.9988 0.9999 1.0000 0.9999 0.9999 1.0000 1.0000 0.9988 1.0000 0.7630 0.9999 1.0000 1.0000 1.0000 1.0000 0.9999 1.0000 1.0000 1.0000 1.0000 1.0000 0.9929 0.9999 0.9987 0.9988 1.0000 0.9999 1.0000 1.0000 0.9987 0.9999 0.9988 1.0000 1.0000 0.9987 1.0000 0.9999 1.0000
0.9999 0.9987 0.9999 1.0000 1.0000 1.0000 0.9987 1.0000 1.0000 0.9987 0.9999 1.0000 0.9987 0.9999 1.0000 1.0000 0.9999 1.0000 1.0000 0.9987 1.0000 0.7630 0.9999 1.0000 1.0000 1.0000 1.0000 0.9999 1.0000 1.0000 1.0000 1.0000 1.0000 0.9929 0.9999 0.9987 0.9987 1.0000 0.9999 1.0000 1.0000 0.9987 0.9999 0.9987 1.0000 1.0000 0.9987 1.0000 0.9999 1.0000
0.9929 0.9930 0.9929 0.9929 0.9929 0.9929 0.9930 0.9929 0.9929 0.9930 0.9929 0.9929 0.9930 0.9929 0.9929 0.9929 0.9929 0.9929 0.9929 0.9930 0.9929 0.7618 0.9929 0.9929 0.9929 0.9929 0.9929 0.9929 0.9929 0.9929 0.9929 0.9929 0.9929 1.0000 0.9929 0.9930 0.9930 0.9929 0.9929 0.9929 0.9929 0.9930 0.9929 0.9930 0.9929 0.9929 0.9930 0.9929 0.9929 0.9929
1.0000 0.9987 1.0000 0.9999 0.9999 1.0000 0.9987 0.9999 0.9999 0.9987 1.0000 1.0000 0.9987 0.9999 0.9999 1.0000 1.0000 1.0000 1.0000 0.9987 1.0000 0.7631 0.9999 0.9999 0.9999 1.0000 0.9999 0.9999 1.0000 0.9999 1.0000 0.9999 0.9999 0.9929 1.0000 0.9987 0.9987 1.0000 1.0000 0.9999 1.0000 0.9987 0.9999 0.9987 1.0000 0.9999 0.9987 0.9999 0.9998 0.9999
0.9987 1.0000 0.9987 0.9987 0.9987 0.9987 1.0000 0.9987 0.9987 1.0000 0.9987 0.9987 1.0000 0.9988 0.9988 0.9987 0.9987 0.9987 0.9987 1.0000 0.9987 0.7621 0.9988 0.9987 0.9987 0.9987 0.9987 0.9988 0.9987 0.9988 0.9987 0.9987 0.9987 0.9930 0.9987 1.0000 1.0000 0.9987 0.9987 0.9987 0.9987 1.0000 0.9988 1.0000 0.9987 0.9987 1.0000 0.9987 0.9988 0.9987
0.9987 1.0000 0.9987 0.9987 0.9987 0.9987 1.0000 0.9988 0.9988 1.0000 0.9987 0.9987 1.0000 0.9988 0.9988 0.9987 0.9987 0.9987 0.9987 1.0000 0.9987 0.7621 0.9988 0.9987 0.9988 0.9987 0.9987 0.9988 0.9987 0.9988 0.9987 0.9988 0.9987 0.9930 0.9987 1.0000 1.0000 0.9987 0.9987 0.9987 0.9987 1.0000 0.9988 1.0000 0.9987 0.9987 1.0000 0.9987 0.9989 0.9987
0.9999 0.9987 0.9999 1.0000 1.0000 1.0000 0.9987 1.0000 1.0000 0.9987 0.9999 1.0000 0.9987 0.9999 1.0000 1.0000 1.0000 1.0000 1.0000 0.9987 1.0000 0.7630 0.9999 1.0000 1.0000 1.0000 1.0000 0.9999 1.0000 0.9999 1.0000 1.0000 1.0000 0.9929 1.0000 0.9987 0.9987 1.0000 0.9999 1.0000 1.0000 0.9987 0.9999 0.9987 1.0000 1.0000 0.9987 1.0000 0.9999 1.0000
0.9999 0.9987 1.0000 0.9999 0.9999 0.9999 0.9987 0.9999 0.9999 0.9987 1.0000 1.0000 0.9987 0.9998 0.9999 1.0000 1.0000 0.9999 0.9999 0.9987 0.9999 0.7631 0.9999 0.9999 0.9999 0.9999 0.9999 0.9998 0.9999 0.9999 0.9999 0.9999 0.9999 0.9929 1.0000 0.9987 0.9987 0.9999 1.0000 0.9999 0.9999 0.9987 0.9999 0.9987 0.9999 0.9999 0.9987 0.9999 0.9998 0.9999
0.9999 0.9987 0.9999 1.0000 1.0000 1.0000 0.9988 1.0000 1.0000 0.9988 0.9999 0.9999 0.9988 0.9999 1.0000 0.9999 0.9999 1.0000 1.0000 0.9988 1.0000 0.7630 0.9999 1.0000 1.0000 1.0000 1.0000 0.9999 1.0000 1.0000 1.0000 1.0000 1.0000 0.9929 0.9999 0.9987 0.9987 1.0000 0.9999 1.0000 1.0000 0.9987 0.9999 0.9988 1.0000 1.0000 0.9987 1.0000 0.9999 1.0000
0.9999 0.9987 0.9999 1.0000 1.0000 1.0000 0.9987 1.0000 1.0000 0.9987 0.9999 1.0000 0.9987 0.9999 1.0000 1.0000 1.0000 1.0000 1.0000 0.9987 1.0000 0.7630 0.9999 1.0000 1.0000 1.0000 1.0000 0.9999 1.0000 0.9999 1.0000 1.0000 1.0000 0.9929 1.0000 0.9987 0.9987 1.0000 0.9999 1.0000 1.0000 0.9987 0.9999 0.9987 1.0000 1.0000 0.9987 1.0000 0.9999 1.0000
0.9987 1.0000 0.9987 0.9987 0.9987 0.9987 1.0000 0.9988 0.9987 1.0000 0.9987 0.9987 1.0000 0.9988 0.9988 0.9987 0.9987 0.9987 0.9987 1.0000 0.9987 0.7621 0.9988 0.9987 0.9987 0.9987 0.9987 0.9988 0.9987 0.9988 0.9987 0.9987 0.9987 0.9930 0.9987 1.0000 1.0000 0.9987 0.9987 0.9987 0.9987 1.0000 0.9988 1.0000 0.9987 0.9987 1.0000 0.9987 0.9989 0.9987
0.9999 0.9988 0.9998 0.9999 0.9999 0.9999 0.9988 0.9999 0.9999 0.9988 0.9999 0.9999 0.9988 1.0000 0.9999 0.9999 0.9999 0.9999 0.9999 0.9988 0.9999 0.7630 1.0000 0.9999 0.9999 0.9999 0.9999 1.0000 0.9999 1.0000 0.9999 0.9999 0.9999 0.9929 0.9999 0.9988 0.9988 0.9999 0.9999 0.9999 0.9999 0.9988 1.0000 0.9988 0.9999 0.9999 0.9988 0.9999 1.0000 0.9999
0.9987 1.0000 0.9987 0.9987 0.9987 0.9987 1.0000 0.9988 0.9988 1.0000 0.9987 0.9987 1.0000 0.9988 0.9988 0.9987 0.9987 0.9987 0.9987 1.0000 0.9987 0.7621 0.9988 0.9987 0.9988 0.9987 0.9987 0.9988 0.9987 0.9988 0.9987 0.9988 0.9987 0.9930 0.9987 1.0000 1.0000 0.9987 0.9987 0.9988 0.9987 1.0000 0.9988 1.0000 0.9987 0.9987 1.0000 0.9987 0.9989 0.9987
0.9999 0.9987 0.9999 1.0000 1.0000 1.0000 0.9987 1.0000 1.0000 0.9987 0.9999 1.0000 0.9987 0.9999 1.0000 1.0000 1.0000 1.0000 1.0000 0.9987 1.0000 0.7630 0.9999 1.0000 1.0000 1.0000 1.0000 0.9999 1.0000 0.9999 1.0000 1.0000 1.0000 0.9929 1.0000 0.9987 0.9987 1.0000 0.9999 1.0000 1.0000 0.9987 0.9999 0.9987 1.0000 1.0000 0.9987 1.0000 0.9999 1.0000
0.9999 0.9987 0.9999 1.0000 1.0000 1.0000 0.9988 1.0000 1.0000 0.9987 0.9999 0.9999 0.9987 0.9999 1.0000 0.9999 0.9999 1.0000 1.0000 0.9988 1.0000 0.7630 0.9999 1.0000 1.0000 1.0000 1.0000 0.9999 1.0000 1.0000 1.0000 1.0000 1.0000 0.9929 0.9999 0.9987 0.9987 1.0000 0.9999 1.0000 1.0000 0.9987 0.9999 0.9987 1.0000 1.0000 0.9987 1.0000 0.9999 1.0000
0.9987 1.0000 0.9987 0.9987 0.9987 0.9987 1.0000 0.9987 0.9987 1.0000 0.9987 0.9987 1.0000 0.9988 0.9988 0.9987 0.9987 0.9987 0.9987 1.0000 0.9987 0.7621 0.9988 0.9987 0.9987 0.9987 0.9987 0.9988 0.9987 0.9988 0.9987 0.9987 0.9987 0.9930 0.9987 1.0000 1.0000 0.9987 0.9987 0.9987 0.9987 1.0000 0.9988 1.0000 0.9987 0.9987 1.0000 0.9987 0.9989 0.9987
0.9999 0.9987 0.9999 1.0000 1.0000 1.0000 0.9988 1.0000 1.0000 0.9987 0.9999 0.9999 0.9987 0.9999 1.0000 0.9999 0.9999 1.0000 1.0000 0.9988 1.0000 0.7630 0.9999 1.0000 1.0000 1.0000 1.0000 0.9999 1.0000 1.0000 1.0000 1.0000 1.0000 0.9929 0.9999 0.9987 0.9987 1.0000 0.9999 1.0000 1.0000 0.9987 0.9999 0.9987 1.0000 1.0000 0.9987 1.0000 0.9999 1.0000
0.9998 0.9989 0.9998 0.9999 0.9999 0.9999 0.9989 0.9999 0.9999 0.9989 0.9998 0.9998 0.9989 1.0000 0.9999 0.9998 0.9998 0.9999 0.9999 0.9989 0.9999 0.7629 0.9999 0.9999 0.9999 0.9999 0.9999 1.0000 0.9999 0.9999 0.9999 0.9999 0.9999 0.9929 0.9998 0.9988 0.9989 0.9999 0.9998 0.9999 0.9999 0.9989 1.0000 0.9989 0.9999 0.9999 0.9989 0.9999 1.0000 0.9999
0.9999 0.9987 0.9999 1.0000 1.0000 1.0000 0.9987 1.0000 1.0000 0.9987 0.9999 1.0000 0.9987 0.9999 1.0000 0.9999 0.9999 1.0000 1.0000 0.9988 1.0000 0.7630 0.9999 1.0000 1.0000 1.0000 1.0000 0.9999 1.0000 1.0000 1.0000 1.0000 1.0000 0.9929 0.9999 0.9987 0.9987 1.0000 0.9999 1.0000 1.0000 0.9987 0.9999 0.9987 1.0000 1.0000 0.9987 1.0000 0.9999 1.0000
