-------------------------------------------------------------------------------
 L       Percentage of nodes in the largest component
 D       Percentage of nodes in components of size at most 3 [-div option]
 R       Percentage of nodes not in L or D: 100 - L -D
 S       Percentage of nodes that are singletons
 E       Fraction of edges retained (input graph has 2450)
 cce     Expected size of component, nodewise [ sum(sz^2) / sum^2(sz) ]
 EW      Edge weight traits (mean, median and IQR)
 ND      Node degree traits [mean, median and IQR]
 CCF     Clustering coefficient (scale 1-100)
 eff     Induced component efficiency relative to start graph (scale 1-1000)
Total number of nodes: 50
----------------------------------------------------------------------------------------------
  L   D   R   S     E     cce  EWmean   EWmed   EWiqr  NDmean   NDmed  NDiqr CCF  eff  Cutoff 
----------------------------------------------------------------------------------------------
100   0   0   0 0.987      50    0.90    1.00    0.32    48.4    49.5    0.5   -    -     0.50
100   0   0   0 0.987      50    0.90    1.00    0.32    48.4    49.5    0.5   -    -     0.51
100   0   0   0 0.987      50    0.90    1.00    0.32    48.4    49.5    0.5   -    -     0.52
100   0   0   0 0.987      50    0.90    1.00    0.32    48.4    49.5    0.5   -    -     0.53
100   0   0   0 0.987      50    0.90    1.00    0.32    48.4    49.5    0.5   -    -     0.54
100   0   0   0 0.987      50    0.90    1.00    0.32    48.4    49.5    0.5   -    -     0.55
100   0   0   0 0.987      50    0.90    1.00    0.32    48.4    49.5    0.5   -    -     0.56
100   0   0   0 0.987      50    0.90    1.00    0.32    48.4    49.5    0.5   -    -     0.57
100   0   0   0 0.987      50    0.90    1.00    0.32    48.4    49.5    0.5   -    -     0.58
 92   0   8   0 0.850      43    0.95    1.00    0.00    41.6    45.5    0.5   -    -     0.59
 92   0   8   0 0.850      43    0.95    1.00    0.00    41.6    45.5    0.5   -    -     0.60
 92   0   8   0 0.850      43    0.95    1.00    0.00    41.6    45.5    0.5   -    -     0.61
 92   0   8   0 0.850      43    0.95    1.00    0.00    41.6    45.5    0.5   -    -     0.62
 92   0   8   0 0.850      43    0.95    1.00    0.00    41.6    45.5    0.5   -    -     0.63
 92   0   8   0 0.850      43    0.95    1.00    0.00    41.6    45.5    0.5   -    -     0.64
 92   0   8   0 0.850      43    0.95    1.00    0.00    41.6    45.5    0.5   -    -     0.65
 92   0   8   0 0.850      43    0.95    1.00    0.00    41.6    45.5    0.5   -    -     0.66
 92   0   8   0 0.850      43    0.95    1.00    0.00    41.6    45.5    0.5   -    -     0.67
 84   0  16   0 0.713      36    1.00    1.00    0.00    34.9    41.5    0.5   -    -     0.68
 84   0  16   0 0.713      36    1.00    1.00    0.00    34.9    41.5    0.5   -    -     0.69
 84   0  16   0 0.713      36    1.00    1.00    0.00    34.9    41.5    0.5   -    -     0.70
 84   0  16   0 0.713      36    1.00    1.00    0.00    34.9    41.5    0.5   -    -     0.71
 84   0  16   0 0.713      36    1.00    1.00    0.00    34.9    41.5    0.5   -    -     0.72
 84   0  16   0 0.713      36    1.00    1.00    0.00    34.9    41.5    0.5   -    -     0.73
 84   0  16   0 0.713      36    1.00    1.00    0.00    34.9    41.5    0.5   -    -     0.74
 84   0  16   0 0.713      36    1.00    1.00    0.00    34.9    41.5    0.5   -    -     0.75
 84   0  16   0 0.713      36    1.00    1.00    0.00    34.9    41.5    0.5   -    -     0.76
 84   0  16   0 0.712      36    1.00    1.00    0.00    34.9    41.5    0.5   -    -     0.77
 84   8   8   2 0.710      36    1.00    1.00    0.00    34.8    41.5    0.5   -    -     0.78
 84   8   8   2 0.710      36    1.00    1.00    0.00    34.8    41.5    0.5   -    -     0.79
 84   8   8   2 0.710      36    1.00    1.00    0.00    34.8    41.5    0.5   -    -     0.80
 84   8   8   2 0.710      36    1.00    1.00    0.00    34.8    41.5    0.5   -    -     0.81
 84   8   8   2 0.710      36    1.00    1.00    0.00    34.8    41.5    0.5   -    -     0.82
 84   8   8   2 0.710      36    1.00    1.00    0.00    34.8    41.5    0.5   -    -     0.83
 84   8   8   2 0.710      36    1.00    1.00    0.00    34.8    41.5    0.5   -    -     0.84
 84   8   8   2 0.710      36    1.00    1.00    0.00    34.8    41.5    0.5   -    -     0.85
 84   8   8   2 0.710      36    1.00    1.00    0.00    34.8    41.5    0.5   -    -     0.86
 84   8   8   2 0.710      36    1.00    1.00    0.00    34.8    41.5    0.5   -    -     0.87
 84   8   8   2 0.710      36    1.00    1.00    0.00    34.8    41.5    0.5   -    -     0.88
 84   8   8   2 0.710      36    1.00    1.00    0.00    34.8    41.5    0.5   -    -     0.89
 84   8   8   2 0.710      36    1.00    1.00    0.00    34.8    41.5    0.5   -    -     0.90
 84   8   8   2 0.710      36    1.00    1.00    0.00    34.8    41.5    0.5   -    -     0.91
 84   8   8   2 0.710      36    1.00    1.00    0.00    34.8    41.5    0.5   -    -     0.92
 84   8   8   2 0.710      36    1.00    1.00    0.00    34.8    41.5    0.5   -    -     0.93
 84   8   8   2 0.709      36    1.00    1.00    0.00    34.8    41.5    0.5   -    -     0.94
 84  16   0   4 0.708      36    1.00    1.00    0.00    34.7    41.5    0.5   -    -     0.95
 84  16   0   6 0.706      36    1.00    1.00    0.00    34.6    41.5    0.5   -    -     0.96
 84  16   0   8 0.704      36    1.00    1.00    0.00    34.5    41.5    0.5   -    -     0.97
 84  16   0   8 0.704      36    1.00    1.00    0.00    34.5    41.5    0.5   -    -     0.98
 84  16   0   8 0.704      36    1.00    1.00    0.00    34.5    41.5    0.5   -    -     0.99
---------------------------------------------------------------------------------------------
