-------------------------------------------------------------------------------
 L       Percentage of nodes in the largest component
 D       Percentage of nodes in components of size at most 3 [-div option]
 R       Percentage of nodes not in L or D: 100 - L -D
 S       Percentage of nodes that are singletons
 E       Fraction of edges retained (input graph has 2450)
 cce     Expected size of component, nodewise [ sum(sz^2) / sum^2(sz) ]
 EW      Edge weight traits (mean, median and IQR)
 ND      Node degree traits [mean, median and IQR]
 CCF     Clustering coefficient (scale 1-100)
 eff     Induced component efficiency relative to start graph (scale 1-1000)
Total number of nodes: 50
----------------------------------------------------------------------------------------------
  L   D   R   S     E     cce  EWmean   EWmed   EWiqr  NDmean   NDmed  NDiqr CCF  eff  Cutoff 
----------------------------------------------------------------------------------------------
100   0   0   0 0.980      50    0.65    0.65    0.11    48.0    49.5    1.5   -    -     0.50
100   0   0   0 0.969      50    0.65    0.65    0.11    47.5    49.5    2.5   -    -     0.51
100   0   0   0 0.945      50    0.65    0.65    0.11    46.3    48.5    4.5   -    -     0.52
100   0   0   0 0.925      50    0.65    0.65    0.11    45.3    47.5    5.5   -    -     0.53
100   0   0   0 0.894      50    0.66    0.65    0.10    43.8    46.5    6.0   -    -     0.54
100   0   0   0 0.866      50    0.66    0.66    0.10    42.4    45.5    5.0   -    -     0.55
100   0   0   0 0.834      50    0.66    0.66    0.09    40.9    44.5    6.5   -    -     0.56
100   0   0   0 0.807      50    0.67    0.67    0.09    39.6    43.5    6.0   -    -     0.57
100   0   0   0 0.762      50    0.67    0.67    0.09    37.3    41.5    6.5   -    -     0.58
100   0   0   0 0.712      50    0.68    0.68    0.08    34.9    39.5    8.5   -    -     0.59
100   0   0   0 0.666      50    0.69    0.68    0.08    32.6    39.5   10.0   -    -     0.60
 98   2   0   2 0.627      48    0.69    0.68    0.07    30.7    36.5   11.5   -    -     0.61
 98   2   0   2 0.594      48    0.70    0.69    0.07    29.1    35.5   15.0   -    -     0.62
 96   4   0   4 0.550      46    0.70    0.69    0.07    27.0    33.5   16.0   -    -     0.63
 96   4   0   4 0.510      46    0.71    0.70    0.06    25.0    31.5   19.5   -    -     0.64
 94   6   0   6 0.468      44    0.71    0.70    0.06    22.9    28.5   21.0   -    -     0.65
 94   6   0   6 0.425      44    0.72    0.70    0.06    20.8    24.5   23.0   -    -     0.66
 88  12   0   8 0.384      39    0.72    0.71    0.05    18.8    21.5   22.0   -    -     0.67
 86  14   0  10 0.330      37    0.73    0.72    0.05    16.2    17.5   21.5   -    -     0.68
 84  16   0  12 0.287      35    0.74    0.73    0.05    14.0    13.5   19.0   -    -     0.69
 84  16   0  16 0.234      35    0.75    0.74    0.05    11.5    10.5   18.5   -    -     0.70
 76  24   0  18 0.198      29    0.75    0.74    0.05     9.7     7.5   17.5   -    -     0.71
 68  32   0  28 0.167      23    0.76    0.75    0.05     8.2     6.5   16.5   -    -     0.72
 68  32   0  28 0.133      23    0.77    0.76    0.05     6.5     3.5   13.0   -    -     0.73
 66  34   0  30 0.104      22    0.78    0.77    0.05     5.1     2.5   10.0   -    -     0.74
 54  36  10  32 0.082      15    0.79    0.78    0.05     4.0     2.5    7.0   -    -     0.75
 46  54   0  40 0.067      11    0.80    0.79    0.04     3.3     1.5    5.5   -    -     0.76
 44  56   0  46 0.057      10    0.81    0.80    0.04     2.8     1.5    4.5   -    -     0.77
 44  56   0  52 0.044      10    0.82    0.81    0.05     2.2     0.5    4.0   -    -     0.78
 42  58   0  54 0.035       9    0.82    0.82    0.04     1.7     0.5    3.5   -    -     0.79
 34  66   0  58 0.029       7    0.83    0.83    0.03     1.4     0.5    2.5   -    -     0.80
 32  68   0  60 0.022       6    0.84    0.84    0.03     1.1     0.5    1.5   -    -     0.81
 28  72   0  64 0.016       5    0.85    0.84    0.02     0.8     0.5    1.5   -    -     0.82
 26  74   0  70 0.013       4    0.85    0.85    0.02     0.6     0.5    1.5   -    -     0.83
 16  74  10  70 0.010       3    0.86    0.85    0.01     0.5     0.5    1.5   -    -     0.84
 12  80   8  80 0.007       2    0.86    0.86    0.01     0.3     0.5    0.5   -    -     0.85
  0 100   0  84 0.003       1    0.87    0.87    0.00     0.2     0.5    0.5   -    -     0.86
  0 100   0  96 0.001       1    0.90    0.90    0.00     0.0     0.5    0.5   -    -     0.87
  0 100   0  96 0.001       1    0.90    0.90    0.00     0.0     0.5    0.5   -    -     0.88
  0 100   0  96 0.001       1    0.90    0.90    0.00     0.0     0.5    0.5   -    -     0.89
  0 100   0 100 0.000       1    0.00    0.00    0.00     0.0     0.5    0.5   -    -     0.90
  0 100   0 100 0.000       1    0.00    0.00    0.00     0.0     0.5    0.5   -    -     0.91
  0 100   0 100 0.000       1    0.00    0.00    0.00     0.0     0.5    0.5   -    -     0.92
  0 100   0 100 0.000       1    0.00    0.00    0.00     0.0     0.5    0.5   -    -     0.93
  0 100   0 100 0.000       1    0.00    0.00    0.00     0.0     0.5    0.5   -    -     0.94
  0 100   0 100 0.000       1    0.00    0.00    0.00     0.0     0.5    0.5   -    -     0.95
  0 100   0 100 0.000       1    0.00    0.00    0.00     0.0     0.5    0.5   -    -     0.96
  0 100   0 100 0.000       1    0.00    0.00    0.00     0.0     0.5    0.5   -    -     0.97
  0 100   0 100 0.000       1    0.00    0.00    0.00     0.0     0.5    0.5   -    -     0.98
  0 100   0 100 0.000       1    0.00    0.00    0.00     0.0     0.5    0.5   -    -     0.99
---------------------------------------------------------------------------------------------
