-------------------------------------------------------------------------------
 L       Percentage of nodes in the largest component
 D       Percentage of nodes in components of size at most 3 [-div option]
 R       Percentage of nodes not in L or D: 100 - L -D
 S       Percentage of nodes that are singletons
 E       Fraction of edges retained (input graph has 2450)
 cce     Expected size of component, nodewise [ sum(sz^2) / sum^2(sz) ]
 EW      Edge weight traits (mean, median and IQR)
 ND      Node degree traits [mean, median and IQR]
 CCF     Clustering coefficient (scale 1-100)
 eff     Induced component efficiency relative to start graph (scale 1-1000)
Total number of nodes: 50
----------------------------------------------------------------------------------------------
  L   D   R   S     E     cce  EWmean   EWmed   EWiqr  NDmean   NDmed  NDiqr CCF  eff  Cutoff 
----------------------------------------------------------------------------------------------
100   0   0   0 1.000      50    0.81    0.79    0.09    49.0    49.5    0.5   -    -     0.50
100   0   0   0 1.000      50    0.81    0.79    0.09    49.0    49.5    0.5   -    -     0.51
100   0   0   0 1.000      50    0.81    0.79    0.09    49.0    49.5    0.5   -    -     0.52
100   0   0   0 1.000      50    0.81    0.79    0.09    49.0    49.5    0.5   -    -     0.53
100   0   0   0 1.000      50    0.81    0.79    0.09    49.0    49.5    0.5   -    -     0.54
100   0   0   0 1.000      50    0.81    0.79    0.09    49.0    49.5    0.5   -    -     0.55
100   0   0   0 1.000      50    0.81    0.79    0.09    49.0    49.5    0.5   -    -     0.56
100   0   0   0 1.000      50    0.81    0.79    0.09    49.0    49.5    0.5   -    -     0.57
100   0   0   0 1.000      50    0.81    0.79    0.09    49.0    49.5    0.5   -    -     0.58
100   0   0   0 1.000      50    0.81    0.79    0.09    49.0    49.5    0.5   -    -     0.59
100   0   0   0 1.000      50    0.81    0.79    0.09    49.0    49.5    0.5   -    -     0.60
100   0   0   0 1.000      50    0.81    0.79    0.09    49.0    49.5    0.5   -    -     0.61
100   0   0   0 1.000      50    0.81    0.79    0.09    49.0    49.5    0.5   -    -     0.62
100   0   0   0 0.997      50    0.81    0.79    0.09    48.8    49.5    0.5   -    -     0.63
100   0   0   0 0.997      50    0.81    0.79    0.09    48.8    49.5    0.5   -    -     0.64
100   0   0   0 0.991      50    0.81    0.79    0.09    48.6    49.5    0.5   -    -     0.65
100   0   0   0 0.987      50    0.81    0.79    0.09    48.4    49.5    1.5   -    -     0.66
100   0   0   0 0.978      50    0.81    0.79    0.08    47.9    48.5    1.5   -    -     0.67
100   0   0   0 0.963      50    0.81    0.79    0.08    47.2    48.5    0.5   -    -     0.68
100   0   0   0 0.958      50    0.81    0.79    0.08    47.0    48.5    1.5   -    -     0.69
100   0   0   0 0.944      50    0.82    0.79    0.08    46.3    48.5    1.5   -    -     0.70
100   0   0   0 0.939      50    0.82    0.79    0.08    46.0    47.5    1.5   -    -     0.71
 98   2   0   2 0.881      48    0.82    0.80    0.08    43.2    47.5    4.5   -    -     0.72
 98   2   0   2 0.873      48    0.82    0.80    0.07    42.8    46.5    4.5   -    -     0.73
 96   4   0   4 0.786      46    0.83    0.80    0.10    38.5    36.5   13.5   -    -     0.74
 96   4   0   4 0.740      46    0.84    0.80    0.09    36.2    35.5   14.5   -    -     0.75
 96   4   0   4 0.700      46    0.84    0.81    0.09    34.3    32.5   12.5   -    -     0.76
 96   4   0   4 0.606      46    0.86    0.83    0.09    29.7    30.5    8.5   -    -     0.77
 94   6   0   6 0.585      44    0.86    0.83    0.08    28.7    29.5    8.0   -    -     0.78
 94   6   0   6 0.569      44    0.86    0.83    0.08    27.9    25.5    8.0   -    -     0.79
 94   6   0   6 0.424      44    0.88    0.85    0.16    20.8    23.5   10.5   -    -     0.80
 66   6  28   6 0.348      26    0.90    0.88    0.16    17.0    17.5    9.5   -    -     0.81
 66   6  28   6 0.342      26    0.90    0.88    0.16    16.8    17.5    9.5   -    -     0.82
 66   6  28   6 0.322      26    0.91    0.88    0.16    15.8    16.5    7.5   -    -     0.83
 66   6  28   6 0.229      26    0.94    1.00    0.12    11.2    13.5    4.5   -    -     0.84
 66   6  28   6 0.214      26    0.94    1.00    0.12    10.5    12.5    5.0   -    -     0.85
 66   6  28   6 0.206      26    0.95    1.00    0.12    10.1    12.5    6.5   -    -     0.86
 66   6  28   6 0.201      26    0.95    1.00    0.12     9.8    12.5    6.5   -    -     0.87
 56   6  38   6 0.177      20    0.96    1.00    0.11     8.7    11.5    8.0   -    -     0.88
 28  24  48  14 0.120       7    1.00    1.00    0.00     5.9     3.5   10.5   -    -     0.89
 28  32  40  14 0.117       7    1.00    1.00    0.00     5.7     3.5   12.0   -    -     0.90
 28  32  40  14 0.117       7    1.00    1.00    0.00     5.7     3.5   12.0   -    -     0.91
 28  32  40  14 0.117       7    1.00    1.00    0.00     5.7     3.5   12.0   -    -     0.92
 28  32  40  14 0.117       7    1.00    1.00    0.00     5.7     3.5   12.0   -    -     0.93
 28  32  40  14 0.117       7    1.00    1.00    0.00     5.7     3.5   12.0   -    -     0.94
 28  32  40  14 0.117       7    1.00    1.00    0.00     5.7     3.5   12.0   -    -     0.95
 28  32  40  14 0.117       7    1.00    1.00    0.00     5.7     3.5   12.0   -    -     0.96
 28  32  40  14 0.117       7    1.00    1.00    0.00     5.7     3.5   12.0   -    -     0.97
 28  32  40  14 0.117       7    1.00    1.00    0.00     5.7     3.5   12.0   -    -     0.98
 28  32  40  14 0.117       7    1.00    1.00    0.00     5.7     3.5   12.0   -    -     0.99
---------------------------------------------------------------------------------------------
