1 1 (0) 1 : 0.11639735359651399993 0.40044971983603389054 0.00000000100000000000 0.00000000100000000000 0.23515413954734021296 0.22055826266085729048 0.02744052235925464878
2 2 (0) 1 : 0.00000000099999999995 0.99997168850870543633 0.00000000099999999995 0.00000000099999999995 0.00000000099999999995 0.00000000099999999995 0.00002830649129467407
3 3 (0) 1 : 0.00000000099999999997 0.00000000099999999997 0.04644062739575074983 0.18364762363252859489 0.44727968016377689375 0.25548063628650596879 0.06715143052143793256
4 4 (0) 1 : 0.00000000099999999991 0.00000000099999999991 0.00000000099999999991 0.99999999400000005867 0.00000000099999999991 0.00000000099999999991 0.00000000099999999991
5 5 (0) 1 : 0.04370941317427808753 0.00000000100000000000 0.00003668578413168225 0.37749515626101121102 0.00000000100000000000 0.48975025875235439488 0.08900848402822457428
6 6 (0) 1 : 0.03981400994920462205 0.00000000100000000000 0.02943972393677878746 0.30790835980588415755 0.40790836171165173463 0.21492872035600305014 0.00000082324047764054
7 7 (0) 1 : 0.00000000099999999998 0.00000000865775504612 0.02262927253685120127 0.54773005068909663695 0.42964066511629706024 0.00000000099999999998 0.00000000099999999998
8 8 (0) 2 : 0.00000000099999999999 0.14867271718285635096 0.00000000099999999999 0.28670937087496684015 0.21737590172035961555 0.26892621289999141254 0.07831579532182579573
9 9 (0) 2 : 0.00000000099999999991 0.99999999400000016969 0.00000000099999999991 0.00000000099999999991 0.00000000099999999991 0.00000000099999999991 0.00000000099999999991
10 10 (0) 2 : 0.00000000099999999987 0.99999999400000005867 0.00000000099999999987 0.00000000099999999987 0.00000000099999999987 0.00000000099999999987 0.00000000099999999987
11 11 (0) 2 : 0.13794855451172324812 0.86205144048827686554 0.00000000099999999997 0.00000000099999999997 0.00000000099999999997 0.00000000099999999997 0.00000000099999999997
12 12 (0) 2 : 0.00000000099999999993 0.00000000099999999993 0.00000016085061121468 0.00000000099999999993 0.99999983414938875548 0.00000000099999999993 0.00000000099999999993
13 13 (0) 2 : 0.00000000099999999985 0.00000000099999999985 0.00000000099999999985 0.99999999400000005867 0.00000000099999999985 0.00000000099999999985 0.00000000099999999985
14 14 (0) 3 : 0.00000000099999999993 0.00000000099999999993 0.00000000099999999993 0.00000000099999999993 0.99999999400000005867 0.00000000099999999993 0.00000000099999999993
15 15 (0) 3 : 0.00787169435420811449 0.28446722687337322455 0.00456792639239823797 0.00000000099999999999 0.70309314938002054340 0.00000000099999999999 0.00000000099999999999
16 16 (0) 3 : 0.00000000099999999992 0.00000000099999999992 0.00000000099999999992 0.00000000099999999992 0.99999999400000005867 0.00000000099999999992 0.00000000099999999992
17 17 (0) 3 : 0.00000000099999999984 0.00000000099999999984 0.00000000099999999984 0.99999999399999994765 0.00000000099999999984 0.00000000099999999984 0.00000000099999999984
18 18 (0) 4 : 0.00000000099999999999 0.00000000099999999999 0.00804217244660432838 0.50886186737773153599 0.48309593579446136191 0.00000000099999999999 0.00000002138120276945
19 19 (0) 4 : 0.01882583155004265846 0.29252649821890630566 0.00000000099999999999 0.00000000099999999999 0.21714853295726319060 0.47149913427378770114 0.00000000099999999999
20 20 (0) 4 : 0.02738879963189415692 0.00000000099999999999 0.00000000099999999999 0.22422943419883520355 0.61023262270615707958 0.00000000099999999999 0.13814914046311363438
21 21 (0) 4 : 0.00000000099999999987 0.00000000099999999987 0.00000000099999999987 0.99999999400000005867 0.00000000099999999987 0.00000000099999999987 0.00000000099999999987
22 22 (0) 4 : 0.00000051500475982607 0.00000000100000000000 0.02668142157992983016 0.17866749594336694962 0.27859115912795828773 0.51333882430144495146 0.00272058304254015840
23 23 (0) 4 : 0.00000000099999999999 0.52295281768221746344 0.00000000787051294723 0.00000021595157863027 0.47704695549569098301 0.00000000099999999999 0.00000000099999999999
24 24 (0) 4 : 0.00000000099999999997 0.11391682892321206011 0.00000000099999999997 0.34750836144616503720 0.14763140589279549753 0.39094340073782740674 0.00000000099999999997
25 25 (0) 4 : 0.00000000099999999994 0.00000000099999999994 0.00000000099999999994 0.00000000099999999994 0.99999999399999994765 0.00000000099999999994 0.00000000099999999994
26 26 (0) 4 : 0.03542321719876157654 0.19381843106069657212 0.00200807563817370898 0.18317567190178604686 0.22319394539572040559 0.32998905081662943672 0.03239160798823215864
27 27 (0) 4 : 0.00000000100000000000 0.11800779627508801994 0.00552203482062870940 0.16673275835158374303 0.44108354729014048745 0.26865386126255896837 0.00000000100000000000
28 28 (0) 4 : 0.02247313076210426253 0.00000000100000000000 0.04221144632380193634 0.16816766003472555235 0.00000000100000000000 0.59447677548047284102 0.17267098539889549902
29 29 (0) 4 : 0.03510308184901201473 0.21307581366058800376 0.01737128724371442626 0.30058511499626333618 0.07657864187905154274 0.34839880920780735840 0.00888725116356341160
30 30 (0) 4 : 0.00000000099999999994 0.00000000099999999994 0.00000000099999999994 0.00000000099999999994 0.00000000099999999994 0.99999999400000005867 0.00000000099999999994
31 31 (0) 4 : 0.00000000099999999989 0.00000000099999999989 0.00000000099999999989 0.00000000099999999989 0.99999999400000005867 0.00000000099999999989 0.00000000099999999989
32 32 (0) 4 : 0.00000000099999999991 0.00000000099999999991 0.00000000099999999991 0.00000000099999999991 0.00000000099999999991 0.99999999400000005867 0.00000000099999999991
33 33 (0) 4 : 0.00000000099999999999 0.23034773695862276188 0.05636619239145480159 0.00000000099999999999 0.23547528699406156116 0.47781078065586074510 0.00000000099999999999
34 34 (0) 5 : 0.01618926608787216517 0.00000000099999999999 0.00000000099999999999 0.14674999725907078574 0.45153352236777433149 0.34626237551449634555 0.03926483677078629331
35 35 (0) 6 : 0.02613527804725722381 0.36560311821960278511 0.01615914819133174724 0.00000000099999999999 0.59210245254180837726 0.00000000099999999999 0.00000000099999999999
36 36 (0) 6 : 0.00000000099999999995 0.67584693756136648979 0.00000000099999999995 0.32415305743863359611 0.00000000099999999995 0.00000000099999999995 0.00000000099999999995
37 37 (0) 6 : 0.00000000099999999972 0.00000000099999999972 0.00000000099999999972 0.00000000099999999972 0.00000000099999999972 0.00000000099999999972 0.99999999400000005867
38 38 (0) 6 : 0.00000000099999999993 0.00000000099999999993 0.00000000099999999993 0.00000000099999999993 0.99999999399999994765 0.00000000099999999993 0.00000000099999999993
39 39 (0) 6 : 0.00000000099999999997 0.00000000099999999997 0.00000000099999999997 0.43253786781124625715 0.00000000099999999997 0.56746212718875355119 0.00000000099999999997
40 40 (0) 6 : 0.02273526306137598971 0.18119522403771629038 0.00000000100000000000 0.31707875177677169454 0.47879738160972135086 0.00001207547983731850 0.00018130303457745400
41 41 (0) 6 : 0.99999999400000005867 0.00000000099999999983 0.00000000099999999983 0.00000000099999999983 0.00000000099999999983 0.00000000099999999983 0.00000000099999999983
42 42 (0) 6 : 0.00000000099999999996 0.00000000099999999996 0.00000000099999999996 0.00000000099999999996 0.99999999400000005867 0.00000000099999999996 0.00000000099999999996
43 43 (0) 6 : 0.01356803229081654863 0.26903473471854905119 0.02707226269292434956 0.00000000099999999999 0.45660581989508408629 0.21584264118471838123 0.01787650821790746566
44 44 (0) 6 : 0.02921740708182942597 0.00498302654285349717 0.01242876047304055515 0.16892388254759213573 0.38635635693812514502 0.39808734212032886868 0.00000322429623017672
45 45 (0) 6 : 0.00000000099999999997 0.47013753428706422932 0.00000000099999999997 0.52986246071293563453 0.00000000099999999997 0.00000000099999999997 0.00000000099999999997
46 46 (0) 6 : 0.00000000099999999917 0.00000000099999999917 0.99999999399999994765 0.00000000099999999917 0.00000000099999999917 0.00000000099999999917 0.00000000099999999917
47 47 (0) 6 : 0.00000000099999999990 0.99999999400000016969 0.00000000099999999990 0.00000000099999999990 0.00000000099999999990 0.00000000099999999990 0.00000000099999999990
48 48 (0) 6 : 0.00000000100000000000 0.19217310868652556777 0.03021097076262073064 0.11595892845662249260 0.19512614035219158493 0.40110127478919971322 0.06542957595283999117
49 49 (0) 6 : 0.99999999400000005867 0.00000000099999999862 0.00000000099999999862 0.00000000099999999862 0.00000000099999999862 0.00000000099999999862 0.00000000099999999862
50 50 (0) 6 : 0.00000000099999999996 0.00000000099999999996 0.00000000099999999996 0.00000000099999999996 0.00000000099999999996 0.79475072296822202311 0.20524927203177803503
51 51 (0) 6 : 0.06763089713619137300 0.12380688363007248676 0.01384439540534281032 0.00000000100000000000 0.28071379695285375577 0.43987811082746175462 0.07412591504807788945
52 52 (0) 6 : 0.00000000099999999950 0.00000000099999999950 0.99999999399999994765 0.00000000099999999950 0.00000000099999999950 0.00000000099999999950 0.00000000099999999950
53 53 (0) 6 : 0.00000000099999999995 0.00000000099999999995 0.00000000099999999995 0.00000000099999999995 0.34092450292748088803 0.65907549207251903134 0.00000000099999999995
54 54 (0) 6 : 0.00000000099999999996 0.00000000099999999996 0.00899236299811417318 0.39969094749988115511 0.00000000099999999996 0.59131668550200466861 0.00000000099999999996
55 55 (0) 6 : 0.00000000099999999993 0.99999999400000016969 0.00000000099999999993 0.00000000099999999993 0.00000000099999999993 0.00000000099999999993 0.00000000099999999993
56 56 (0) 6 : 0.02087284217761653515 0.26213381065842744633 0.00920203259186604290 0.19978469213897898094 0.20460242968943731512 0.30332689330161249908 0.00007729944206123291
57 57 (0) 6 : 0.00000000099999999996 0.00000000099999999996 0.00000000099999999996 0.38315118574602108348 0.00000000099999999996 0.61684880925397878038 0.00000000099999999996
58 58 (0) 7 : 0.00000000099999999996 0.28518476517889590482 0.00000000099999999996 0.00000000099999999996 0.00000000099999999996 0.67138446259072592781 0.04343076823037800294
59 59 (0) 7 : 0.00000000099999999997 0.42744119192072727031 0.00000000099999999997 0.00000016536279191023 0.54790183336945441628 0.00000000099999999997 0.02465680634702635890
60 60 (0) 7 : 0.00001169218226325157 0.44715113685462370974 0.00398900435597636643 0.16138271711978660616 0.00004156868573590338 0.38742387980161413497 0.00000000100000000000
61 61 (0) 7 : 0.00000000099999999987 0.00000000099999999987 0.00000000099999999987 0.99999999400000005867 0.00000000099999999987 0.00000000099999999987 0.00000000099999999987
62 62 (0) 7 : 0.00000000099999999969 0.00000000099999999969 0.00000000099999999969 0.00000000099999999969 0.00000000099999999969 0.00000000099999999969 0.99999999399999994765
63 63 (0) 7 : 0.03571372682495572992 0.00000000101041853200 0.00000000099999999997 0.00000000099999999997 0.00000000099999999997 0.96428626816462570392 0.00000000099999999997
64 64 (0) 8 : 0.01624019666899077091 0.00000000100000000000 0.05303940278654315638 0.00000000100000000000 0.44789333145654952606 0.48282706608791636782 0.00000000100000000000
65 65 (0) 8 : 0.00000000099999999993 0.99999999400000005867 0.00000000099999999993 0.00000000099999999993 0.00000000099999999993 0.00000000099999999993 0.00000000099999999993
66 66 (0) 9 : 0.00000000099999999999 0.12928227245742321405 0.00471872477117926594 0.00000013732108679297 0.36608532893460754565 0.45905641239757877248 0.04085712311812438047
67 67 (0) 10 : 0.02712586911229239450 0.00000000099999999998 0.00000000099999999998 0.00000000099999999998 0.51587957507789961031 0.37531284000386050392 0.08168171280594732631
68 68 (0) 10 : 0.00000000100000000000 0.18841687629446232655 0.01616779061539397322 0.14950090307552699187 0.38826405121931101272 0.25764123496689445014 0.00000914282841114383
69 69 (0) 10 : 0.00000000099999999997 0.00000000099999999997 0.04863036286018990878 0.00000000099999999997 0.00000000099999999997 0.75802331963653801772 0.19334631350327205479
70 70 (0) 10 : 0.00000000099999999998 0.22620664525036107695 0.00000629270385811767 0.00000000099999999998 0.00000000099999999998 0.71121480698679240273 0.06257225205898853115
71 71 (0) 10 : 0.00000000099999999998 0.28644004902362474319 0.00000000099999999998 0.00000000099999999998 0.24377465655138236267 0.46978529042499267421 0.00000000099999999998
72 72 (0) 10 : 0.00000000099999999993 0.00000000099999999993 0.00000000099999999993 0.00000000099999999993 0.00000000099999999993 0.99999999399999994765 0.00000000099999999993
73 73 (0) 10 : 0.00000000099999999996 0.00000000099999999996 0.00000000099999999996 0.00000000099999999996 0.99999999399999994765 0.00000000099999999996 0.00000000099999999996
74 74 (0) 10 : 0.00000000099999999977 0.00000000099999999977 0.00000000099999999977 0.00000000099999999977 0.00000000099999999977 0.00000000099999999977 0.99999999399999994765
75 75 (0) 10 : 0.00000000099999999994 0.00000000099999999994 0.00000000099999999994 0.00000000099999999994 0.00000000099999999994 0.99999999400000005867 0.00000000099999999994
76 76 (0) 10 : 0.00000000099999999979 0.00000000099999999979 0.00000000099999999979 0.00000000099999999979 0.00000000099999999979 0.00000000099999999979 0.99999999400000005867
1 1 (0) 1 : 0.01513934986590484595 0.11500224652297537375 0.27477300084147537884 0.11559617824276481601 0.00715833081806401157 0.20899846547038095079 0.26333242823843450164
2 2 (0) 1 : 0.08489476834160192276 0.00000000099999999999 0.36910806707945431615 0.00000000099999999999 0.03178472405830713027 0.00000000099999999999 0.51421243752063661159
3 3 (0) 1 : 0.00000000099999999992 0.00000000099999999992 0.00000000099999999992 0.00000000099999999992 0.00000000099999999992 0.00000000099999999992 0.99999999399999994765
4 4 (0) 1 : 0.05151417261512026419 0.04475192190209565518 0.27005016759500061196 0.00000000100000000000 0.03281262836630396973 0.18751637374638463474 0.41335473477509493412
5 5 (0) 1 : 0.04573704753841585646 0.04643030240383816398 0.71783563183728027468 0.00000000100000000000 0.01356298077766071065 0.17643403544280486517 0.00000000100000000000
6 6 (0) 1 : 0.00000000100000000000 0.03936975716442257106 0.30346227533224573447 0.16233603130248233648 0.02614119307044072971 0.09457508679302295551 0.37411565533738577738
7 7 (0) 1 : 0.00000000099999999999 0.00000000099999999999 0.19398713562555575107 0.14585628423216581706 0.02582890115384556262 0.28276223069202249816 0.35156544629641039990
8 8 (0) 2 : 0.04162366507548992400 0.00133337430865764547 0.31193033156762606239 0.22482995353684867568 0.00000000100000000000 0.23854878865580633751 0.18173388585557129216
9 9 (0) 2 : 0.00000000099999999994 0.00000000099999999994 0.00000000099999999994 0.00000000099999999994 0.00000000099999999994 0.99999999400000005867 0.00000000099999999994
10 10 (0) 2 : 0.00000000099999999986 0.00000000099999999986 0.00000000099999999986 0.00000000099999999986 0.00000000099999999986 0.99999999399999994765 0.00000000099999999986
11 11 (0) 2 : 0.00000000099999999997 0.14090438152489331847 0.00000000099999999997 0.00000000099999999997 0.00000000099999999997 0.85909561347510665641 0.00000000099999999997
12 12 (0) 2 : 0.00000000099999999993 0.00000000099999999993 0.00000000099999999993 0.00000000099999999993 0.00000000099999999993 0.00000000099999999993 0.99999999399999994765
13 13 (0) 2 : 0.00000000099999999989 0.00000000099999999989 0.00000000099999999989 0.99999999399999994765 0.00000000099999999989 0.00000000099999999989 0.00000000099999999989
14 14 (0) 3 : 0.00000000099999999991 0.00000000099999999991 0.00000000099999999991 0.00000000099999999991 0.00000000099999999991 0.00000000099999999991 0.99999999399999994765
15 15 (0) 3 : 0.00000000099999999999 0.00298320725742506508 0.00000000099999999999 0.00000000099999999999 0.00000000099999999999 0.28962817669460744208 0.70738861204796743554
16 16 (0) 3 : 0.00000000099999999989 0.00000000099999999989 0.00000000099999999989 0.00000000099999999989 0.00000000099999999989 0.00000000099999999989 0.99999999400000005867
17 17 (0) 3 : 0.00000000099999999997 0.00000000099999999997 0.37014616582532827715 0.57108988686816830604 0.05876394330650338421 0.00000000099999999997 0.00000000099999999997
18 18 (0) 4 : 0.06194947857927946000 0.00896093619095078044 0.46798664579599902336 0.26970556630461312020 0.03341046810763276254 0.00000000100000000000 0.15798690402152473777
19 19 (0) 4 : 0.00000000099999999994 0.00000000099999999994 0.99999999399999994765 0.00000000099999999994 0.00000000099999999994 0.00000000099999999994 0.00000000099999999994
20 20 (0) 4 : 0.02342057344969980873 0.01188920005888477634 0.00000000099999999999 0.00000000099999999999 0.00000000099999999999 0.33040772882072699801 0.63428249467068831269
21 21 (0) 4 : 0.03541908841649698408 0.00598410613875730718 0.58149221291055186445 0.00000000100000000000 0.01289324441789968349 0.00000000100000000000 0.36421134611629424338
22 22 (0) 4 : 0.00000000100000000000 0.00386946937632196876 0.23088773189745695480 0.23149680964037841480 0.01143578573575734607 0.17965877865584550799 0.34265142369423984281
23 23 (0) 4 : 0.00000000099999999991 0.00000000099999999991 0.99999999399999994765 0.00000000099999999991 0.00000000099999999991 0.00000000099999999991 0.00000000099999999991
24 24 (0) 4 : 0.00000000099999999997 0.00000000099999999997 0.00000000099999999997 0.51091983795206008523 0.00000000099999999997 0.00000000099999999997 0.48908015704793988965
25 25 (0) 4 : 0.00000000099999999994 0.00000000099999999994 0.00000000099999999994 0.00000000099999999994 0.00000000099999999994 0.99999999400000005867 0.00000000099999999994
26 26 (0) 4 : 0.04349093564684290703 0.03101667399849510412 0.37915482799857014307 0.30543874272684884419 0.00425649105358871967 0.23664163577470967437 0.00000069280094464213
27 27 (0) 4 : 0.00000000099999999998 0.00000000099999999998 0.48069826297744594479 0.00000000099999999998 0.00000000099999999998 0.00000000099999999998 0.51930173202255391907
28 28 (0) 4 : 0.11199610133968004866 0.00000000779577194683 0.00000000099999999999 0.00000000099999999999 0.02522215096244103880 0.00000000099999999999 0.86278173690210691049
29 29 (0) 4 : 0.02803403883082320608 0.03150601501003072458 0.35204615491466767496 0.23671360033116975452 0.02040934842324403434 0.20392840101354664517 0.12736244147651804015
30 30 (0) 4 : 0.00524188330143170265 0.00000001005197840829 0.00000000100000000000 0.28814380442678771965 0.01888678859664513071 0.21662097284425280153 0.47110653977890420974
31 31 (0) 4 : 0.00000000099999999990 0.00000000099999999990 0.00000000099999999990 0.00000000099999999990 0.00000000099999999990 0.00000000099999999990 0.99999999399999994765
32 32 (0) 4 : 0.00000000099999999996 0.00000000099999999996 0.00000000099999999996 0.51093184989070750124 0.00000000099999999996 0.00000000099999999996 0.48906814510929252915
33 33 (0) 4 : 0.00000000099999999998 0.00000000099999999998 0.00000000099999999998 0.27850438843148223045 0.04175108289087406388 0.19689731740015417594 0.48284720827748939254
34 34 (0) 5 : 0.00009680169131801917 0.01804699526756789116 0.15214790190002250303 0.29709452605943620362 0.00000000099999999999 0.24222317919260819008 0.29039059488904728212
35 35 (0) 6 : 0.07123900131952198844 0.00000000099999999996 0.00000000099999999996 0.00000000099999999996 0.00000000099999999996 0.00000000099999999996 0.92876099368047793092
36 36 (0) 6 : 0.00000000099999999992 0.00000000099999999992 0.99999999400000005867 0.00000000099999999992 0.00000000099999999992 0.00000000099999999992 0.00000000099999999992
37 37 (0) 6 : 0.99999999400000005867 0.00000000099999999946 0.00000000099999999946 0.00000000099999999946 0.00000000099999999946 0.00000000099999999946 0.00000000099999999946
38 38 (0) 6 : 0.00000000099999999995 0.00000000099999999995 0.63544657740521937050 0.00000000099999999995 0.00000000099999999995 0.36454068105150477797 0.00001273754327588173
39 39 (0) 6 : 0.03361714388814154159 0.01996314620332833092 0.45689945623533784191 0.48952025067319232532 0.00000000099999999999 0.00000000099999999999 0.00000000099999999999
40 40 (0) 6 : 0.00000000099999999997 0.00000000099999999997 0.99999999399999994765 0.00000000099999999997 0.00000000099999999997 0.00000000099999999997 0.00000000099999999997
41 41 (0) 6 : 0.00000000099999999983 0.99999999400000005867 0.00000000099999999983 0.00000000099999999983 0.00000000099999999983 0.00000000099999999983 0.00000000099999999983
42 42 (0) 6 : 0.00000000099999999994 0.00000000099999999994 0.00000000099999999994 0.00000000099999999994 0.00000000099999999994 0.99999999399999994765 0.00000000099999999994
43 43 (0) 6 : 0.00000000099999999999 0.00000000099999999999 0.00000000099999999999 0.00000000099999999999 0.01678660311464045055 0.38739469460155739888 0.59581869828380229492
44 44 (0) 6 : 0.00000000100000000000 0.02792962216099742143 0.25772674377413068436 0.11018926324580441412 0.00000006994272313886 0.22942081174466963378 0.37473348813167489668
45 45 (0) 6 : 0.00000167903554542354 0.00000000099999999998 0.58176324946559410112 0.00000000099999999998 0.05126588054333456462 0.36696918795552585513 0.00000000099999999998
46 46 (0) 6 : 0.00000000099999999917 0.00000000099999999917 0.00000000099999999917 0.00000000099999999917 0.99999999400000005867 0.00000000099999999917 0.00000000099999999917
47 47 (0) 6 : 0.00000000099999999993 0.00000000099999999993 0.00000000099999999993 0.00000000099999999993 0.00000000099999999993 0.99999999400000005867 0.00000000099999999993
48 48 (0) 6 : 0.04930906749482793366 0.00000000099999999999 0.38782027956421671888 0.23706364234234619803 0.02919239047790093966 0.00000007018939243182 0.29661454893131578014
49 49 (0) 6 : 0.00000000099999999863 0.99999999400000005867 0.00000000099999999863 0.00000000099999999863 0.00000000099999999863 0.00000000099999999863 0.00000000099999999863
50 50 (0) 6 : 0.00000000099999999990 0.00000000099999999990 0.00000000099999999990 0.99999999400000005867 0.00000000099999999990 0.00000000099999999990 0.00000000099999999990
51 51 (0) 6 : 0.03877145988352861949 0.05944808175407179096 0.36032409360814487975 0.12024060148351779775 0.01747808172758578624 0.18057550160440347109 0.22316217993874762349
52 52 (0) 6 : 0.00000000099999999949 0.00000000099999999949 0.00000000099999999949 0.00000000099999999949 0.99999999399999994765 0.00000000099999999949 0.00000000099999999949
53 53 (0) 6 : 0.00000000099999999996 0.00000000099999999996 0.00000000099999999996 0.49364233118956707402 0.00000000099999999996 0.00000000099999999996 0.50635766381043301188
54 54 (0) 6 : 0.00000000099999999987 0.00000000099999999987 0.00000000099999999987 0.99999999400000005867 0.00000000099999999987 0.00000000099999999987 0.00000000099999999987
55 55 (0) 6 : 0.06068461655944017846 0.00000000099999999999 0.60063526164037928101 0.00000000099999999999 0.00003143957912430327 0.00000000099999999999 0.33864867922105629239
56 56 (0) 6 : 0.01627745663282859773 0.00896556374524791130 0.65563199733363242139 0.00000000099999999999 0.00034172817417338629 0.31878325211411773221 0.00000000099999999999
57 57 (0) 6 : 0.00000000099999999999 0.00000000099999999999 0.40495024141434687870 0.33231020543989547855 0.00000000099999999999 0.00000000099999999999 0.26273954914575764485
58 58 (0) 7 : 0.00000000099999999991 0.00000000099999999991 0.99999999399999994765 0.00000000099999999991 0.00000000099999999991 0.00000000099999999991 0.00000000099999999991
59 59 (0) 7 : 0.00000000099999999993 0.00000000099999999993 0.99999999400000005867 0.00000000099999999993 0.00000000099999999993 0.00000000099999999993 0.00000000099999999993
60 60 (0) 7 : 0.00000000099999999995 0.00000000099999999995 0.99999999400000005867 0.00000000099999999995 0.00000000099999999995 0.00000000099999999995 0.00000000099999999995
61 61 (0) 7 : 0.02359160973175834092 0.00000000099999999998 0.56831533701259240310 0.40809285206545775626 0.00000000099999999998 0.00000019819019164053 0.00000000099999999998
62 62 (0) 7 : 0.99999999400000016969 0.00000000099999999941 0.00000000099999999941 0.00000000099999999941 0.00000000099999999941 0.00000000099999999941 0.00000000099999999941
63 63 (0) 7 : 0.00000000099999999999 0.02095455421437414020 0.23323845411617022405 0.20118846163192749543 0.00000000099999999999 0.23192135904307015215 0.31269716899445793024
64 64 (0) 8 : 0.05905372733208603953 0.02429815867873276469 0.00000000100000000000 0.31344454156284357049 0.02750451031857970019 0.00000000100000000000 0.57569906010775784289
65 65 (0) 8 : 0.00000000099999999998 0.00000000099999999998 0.63007399053337853623 0.00000000099999999998 0.04306759143242209348 0.32685841403419918505 0.00000000099999999998
66 66 (0) 9 : 0.03044932429289471526 0.00000000099999999998 0.00000000099999999998 0.35682190787058681858 0.00000000099999999998 0.23934767808810589185 0.37338108674841263834
67 67 (0) 10 : 0.03978136810852289651 0.02208914567749092894 0.13067670853165808120 0.21271470276953682865 0.00000000099999999999 0.10273587914689903677 0.49200219476589224232
68 68 (0) 10 : 0.00000000099999999999 0.00000000099999999999 0.24239038500014992161 0.00000000099999999999 0.01149211727395346543 0.23235600578273271632 0.51376148894316397975
69 69 (0) 10 : 0.00000000099999999992 0.00000000099999999992 0.00000000099999999992 0.99999999348044310565 0.00000000151955690052 0.00000000099999999992 0.00000000099999999992
70 70 (0) 10 : 0.02557124462882642835 0.00000000099999999999 0.23905148964912220633 0.31802935759334344246 0.02064222752907090078 0.09018640726046688039 0.30651927233917003468
71 71 (0) 10 : 0.00000000099999999997 0.00000000099999999997 0.37268556396278923470 0.62731443103721062915 0.00000000099999999997 0.00000000099999999997 0.00000000099999999997
72 72 (0) 10 : 0.00000000099999999991 0.00000000099999999991 0.00000000099999999991 0.99999999399999994765 0.00000000099999999991 0.00000000099999999991 0.00000000099999999991
73 73 (0) 10 : 0.00000000100000000000 0.02032429816816997553 0.27615067957209565863 0.25364338867861729865 0.01346729239441615995 0.24188377992815940365 0.19453056025854142952
74 74 (0) 10 : 0.00000000099999999989 0.00000000099999999989 0.00000000099999999989 0.00000000099999999989 0.00000000099999999989 0.99999999399999994765 0.00000000099999999989
75 75 (0) 10 : 0.00000000099999999991 0.00000000099999999991 0.00000000099999999991 0.99999999399999994765 0.00000000099999999991 0.00000000099999999991 0.00000000099999999991
76 76 (0) 10 : 0.00000000099999999990 0.00000000099999999990 0.00000000099999999990 0.00000000099999999990 0.00000000099999999990 0.99999999400000005867 0.00000000099999999990
1 1 (0) 1 : 0.09503784962014341642 0.00000000100000000000 0.11895582552253018693 0.00000000100000000000 0.15310456082621012874 0.28341527062514476620 0.34948649140597148888
2 2 (0) 1 : 0.28664144821124748486 0.02276428639312475313 0.00000000099999999999 0.00000000099999999999 0.00000000099999999999 0.26447813971669698052 0.42611612267893084205
3 3 (0) 1 : 0.00000000099999999998 0.07014615274339625062 0.00000000099999999998 0.31670859344935747837 0.00000000099999999998 0.36277842532566784151 0.25036682548157845885
4 4 (0) 1 : 0.20113930111152672486 0.04163319868677659713 0.04001018707254588858 0.15238021035585899710 0.04662768756849713925 0.38595207603721892742 0.13225733916757570485
5 5 (0) 1 : 0.30699539804965880752 0.00000000100000000000 0.05461410767118503318 0.45978882022778599925 0.17860167105137014776 0.00000000100000000000 0.00000000100000000000
6 6 (0) 1 : 0.00000000100000000000 0.01749614022473291661 0.04067806253083185164 0.36290327687766227305 0.00000000100000000000 0.32063338789761364200 0.25828913046915930041
7 7 (0) 1 : 0.00000000099999999993 0.00000000099999999993 0.00000000099999999993 0.00000000099999999993 0.00000000099999999993 0.00000000099999999993 0.99999999400000005867
8 8 (0) 2 : 0.18030035213291564777 0.00000000099999999999 0.00000000099999999999 0.33992274373674197241 0.13302439775951910295 0.13096401828704831716 0.21578848608377512730
9 9 (0) 2 : 0.00000000099999999987 0.00000000099999999987 0.00000000099999999987 0.00000000099999999987 0.99999999399999994765 0.00000000099999999987 0.00000000099999999987
10 10 (0) 2 : 0.00000000099999999976 0.00000000099999999976 0.00000000099999999976 0.00000000099999999976 0.99999999400000005867 0.00000000099999999976 0.00000000099999999976
11 11 (0) 2 : 0.00000000099999999994 0.00000000099999999994 0.11597895171911189183 0.00000000099999999994 0.88402104328088804142 0.00000000099999999994 0.00000000099999999994
12 12 (0) 2 : 0.18740148338627565794 0.05758780634045861102 0.00000000099999999999 0.00000000099999999999 0.00000318547322957573 0.35939883611591383339 0.39560868668412230154
13 13 (0) 2 : 0.00000000099999999991 0.00000000099999999991 0.00000000099999999991 0.00000000099999999991 0.00000000099999999991 0.99999999399999994765 0.00000000099999999991
14 14 (0) 3 : 0.00000000099999999991 0.00000000099999999991 0.00000000099999999991 0.00000000099999999991 0.00000000099999999991 0.99999999400000005867 0.00000000099999999991
15 15 (0) 3 : 0.13368158349866715584 0.01785405685617042285 0.02060410477063516835 0.15336741638930009857 0.07645023482527361913 0.29774491904502331519 0.30029768461493006049
16 16 (0) 3 : 0.00000000099999999989 0.00000000099999999989 0.00000000099999999989 0.00000000099999999989 0.00000000099999999989 0.99999999400000005867 0.00000000099999999989
17 17 (0) 3 : 0.00000000099999999988 0.00000000099999999988 0.00000000099999999988 0.00000000099999999988 0.00000000099999999988 0.99999999399999994765 0.00000000099999999988
18 18 (0) 4 : 0.37532170355948907270 0.00000000099999999998 0.00000000099999999998 0.00000000099999999998 0.00000000099999999998 0.62467829144051079115 0.00000000099999999998
19 19 (0) 4 : 0.00000000099999999999 0.00000000099999999999 0.02813534491175762389 0.56967592759187324347 0.10911175949336925084 0.00000000099999999999 0.29307696500299990072
20 20 (0) 4 : 0.99999999400000016969 0.00000000099999999983 0.00000000099999999983 0.00000000099999999983 0.00000000099999999983 0.00000000099999999983 0.00000000099999999983
21 21 (0) 4 : 0.00000000099999999999 0.00000000099999999999 0.00000000099999999999 0.00000000099999999999 0.00000000099999999999 0.38715042475494815255 0.61284957024505182233
22 22 (0) 4 : 0.00000000099999999993 0.00000000099999999993 0.00000000099999999993 0.99999999399999994765 0.00000000099999999993 0.00000000099999999993 0.00000000099999999993
23 23 (0) 4 : 0.00000000099999999991 0.00000000099999999991 0.00000000099999999991 0.00000000099999999991 0.00000000099999999991 0.00000000099999999991 0.99999999400000005867
24 24 (0) 4 : 0.00000000099999999998 0.00000000099999999998 0.00000000099999999998 0.39969150110555762279 0.00000216458649114099 0.41172393692981029689 0.18858239437814092176
25 25 (0) 4 : 0.25218080289797462079 0.00000000099999999997 0.00000000099999999997 0.74781919210202529857 0.00000000099999999997 0.00000000099999999997 0.00000000099999999997
26 26 (0) 4 : 0.00000000099999999996 0.00000000099999999996 0.00000000099999999996 0.00000000099999999996 0.00000000099999999996 0.00000000099999999996 0.99999999400000005867
27 27 (0) 4 : 0.00000000099999999998 0.00000000099999999998 0.00000000099999999998 0.00000000099999999998 0.00000000099999999998 0.31971247173396616370 0.68028752326603370015
28 28 (0) 4 : 0.00000000099999999996 0.00000000099999999996 0.00000000099999999996 0.99999999400000005867 0.00000000099999999996 0.00000000099999999996 0.00000000099999999996
29 29 (0) 4 : 0.16413530567421200090 0.00000000100000000000 0.03227106121473728717 0.43843719961744009872 0.11661309790057527991 0.00000019861492418193 0.24854313597811122927
30 30 (0) 4 : 0.00000000099999999994 0.00000000099999999994 0.00000000099999999994 0.99999999399999994765 0.00000000099999999994 0.00000000099999999994 0.00000000099999999994
31 31 (0) 4 : 0.00000000099999999986 0.00000000099999999986 0.00000000099999999986 0.00000000099999999986 0.00000000099999999986 0.99999999400000005867 0.00000000099999999986
32 32 (0) 4 : 0.00000000099999999990 0.00000000099999999990 0.00000000099999999990 0.00000000099999999990 0.00000000099999999990 0.99999999400000005867 0.00000000099999999990
33 33 (0) 4 : 0.00000000099999999998 0.05663650754595474235 0.00000000099999999998 0.40245149324740908670 0.18840110599853396312 0.35251089020810205676 0.00000000099999999998
34 34 (0) 5 : 0.06435073452522487025 0.00000000099999999999 0.00814511546595502248 0.50007226806056781498 0.10208778112567060137 0.32534409882258158442 0.00000000099999999999
35 35 (0) 6 : 0.31652979999975577874 0.00000000100000000000 0.02019031403649991160 0.11227350857305934406 0.00000000100000000000 0.25514640134801863658 0.29585997404266606292
36 36 (0) 6 : 0.00000000099999999990 0.00000000099999999990 0.00000000099999999990 0.00000000099999999990 0.00000000099999999990 0.00000000099999999990 0.99999999400000005867
37 37 (0) 6 : 0.99999999400000016969 0.00000000099999999975 0.00000000099999999975 0.00000000099999999975 0.00000000099999999975 0.00000000099999999975 0.00000000099999999975
38 38 (0) 6 : 0.12044118506040689398 0.00000000099999999997 0.00000000099999999997 0.39040480832667429079 0.20774232231533584780 0.00000000099999999997 0.28141168129758298289
39 39 (0) 6 : 0.00000000099999999998 0.00000000099999999998 0.01594522953335768961 0.55771585698320058633 0.00000000099999999998 0.00000000099999999998 0.42633890948344171923
40 40 (0) 6 : 0.00000000099999999999 0.01852801693719251241 0.03398454419429289275 0.24355553606346780349 0.00000000099999999999 0.40030473134894578591 0.30362716945610090935
41 41 (0) 6 : 0.00000000099999999983 0.00000000099999999983 0.99999999400000005867 0.00000000099999999983 0.00000000099999999983 0.00000000099999999983 0.00000000099999999983
42 42 (0) 6 : 0.12547802920534534277 0.00000000099999999999 0.01590672970542664558 0.15538763399761690298 0.15943424998374891577 0.31880947623154598514 0.22498387987631629503
43 43 (0) 6 : 0.11009184592405171776 0.04737672564421266386 0.01707212294355043430 0.20034318317276728072 0.14433740962842997457 0.20566865495559868982 0.27511005773138919039
44 44 (0) 6 : 0.16393144122234923343 0.01908337335708029311 0.03077766130734621228 0.40277767380122941887 0.10697364703934261754 0.00113988353849853565 0.27531631973415371384
45 45 (0) 6 : 0.15760647756903906069 0.04354281014415079670 0.00000000099999999999 0.40352324559112418001 0.06447648770648116423 0.00000000099999999999 0.33085097698920490350
46 46 (0) 6 : 0.00000000099999999935 0.99999999400000005867 0.00000000099999999935 0.00000000099999999935 0.00000000099999999935 0.00000000099999999935 0.00000000099999999935
47 47 (0) 6 : 0.00000000099999999992 0.00000000099999999992 0.00000000099999999992 0.00000000099999999992 0.00000000099999999992 0.00000000099999999992 0.99999999399999994765
48 48 (0) 6 : 0.00000000099999999985 0.99999999400000005867 0.00000000099999999985 0.00000000099999999985 0.00000000099999999985 0.00000000099999999985 0.00000000099999999985
49 49 (0) 6 : 0.00000000099999999862 0.00000000099999999862 0.99999999399999994765 0.00000000099999999862 0.00000000099999999862 0.00000000099999999862 0.00000000099999999862
50 50 (0) 6 : 0.00000000099999999999 0.03337883583945220473 0.00000000099999999999 0.40525481408693336816 0.12221125041252015042 0.43915509666109425746 0.00000000099999999999
51 51 (0) 6 : 0.25911748695131159304 0.03284343282194038954 0.06243180877132357975 0.38219326709518181007 0.16196982163703077529 0.10144413431642684831 0.00000004840678500979
52 52 (0) 6 : 0.00000000099999999959 0.99999999400000005867 0.00000000099999999959 0.00000000099999999959 0.00000000099999999959 0.00000000099999999959 0.00000000099999999959
53 53 (0) 6 : 0.00000000099999999989 0.00000000099999999989 0.00000000099999999989 0.99999999399999994765 0.00000000099999999989 0.00000000099999999989 0.00000000099999999989
54 54 (0) 6 : 0.00000000099999999990 0.00000000099999999990 0.00000000099999999990 0.99999999400000005867 0.00000000099999999990 0.00000000099999999990 0.00000000099999999990
55 55 (0) 6 : 0.00000000099999999991 0.00000000099999999991 0.00000000099999999991 0.00000000099999999991 0.00000000099999999991 0.00000000099999999991 0.99999999399999994765
56 56 (0) 6 : 0.00000000099999999995 0.00000000099999999995 0.00000000099999999995 0.99999999399999994765 0.00000000099999999995 0.00000000099999999995 0.00000000099999999995
57 57 (0) 6 : 0.00000000099999999999 0.00000000099999999999 0.00010463725284756912 0.63866879001976351038 0.00000000099999999999 0.36122656872738889700 0.00000000099999999999
58 58 (0) 7 : 0.22443345778069206942 0.00000000099999999998 0.00000000099999999998 0.27682345372255079408 0.19812655388938402168 0.00000000099999999998 0.30061653160737317192
59 59 (0) 7 : 0.00000000099999999998 0.00000000099999999998 0.00000000099999999998 0.00000000099999999998 0.10917802541657621596 0.44181922007765200844 0.44900275050577181934
60 60 (0) 7 : 0.99999999400000005867 0.00000000099999999983 0.00000000099999999983 0.00000000099999999983 0.00000000099999999983 0.00000000099999999983 0.00000000099999999983
61 61 (0) 7 : 0.18390961656139134806 0.00000000099999999999 0.00000000099999999999 0.23409500148543518905 0.23476201934163531959 0.34723335961153811713 0.00000000099999999999
62 62 (0) 7 : 0.99999999400000016969 0.00000000099999999971 0.00000000099999999971 0.00000000099999999971 0.00000000099999999971 0.00000000099999999971 0.00000000099999999971
63 63 (0) 7 : 0.00000000099999999997 0.00000000099999999997 0.00000000099999999997 0.00000000099999999997 0.47199726995848112487 0.52800272504151890551 0.00000000099999999997
64 64 (0) 8 : 0.00000000099999999999 0.07194597519006508402 0.02135098638189923334 0.57251933105864483142 0.00000000099999999999 0.33418370436939065504 0.00000000099999999999
65 65 (0) 8 : 0.00000000099999999992 0.00000000099999999992 0.00000000099999999992 0.00000000099999999992 0.00000000099999999992 0.00000000099999999992 0.99999999400000005867
66 66 (0) 9 : 0.00000000099999999998 0.00000000099999999998 0.00000000099999999998 0.48511826045002315322 0.03938490176504949591 0.21105940638703274415 0.26443742839789446952
67 67 (0) 10 : 0.23077179840946709932 0.00000000100000000000 0.01529612831045420833 0.00000000100000000000 0.16918427022226628642 0.58474780005781223924 0.00000000100000000000
68 68 (0) 10 : 0.11327867525107440660 0.03883288841071617231 0.00000000100000000000 0.27006092726465291687 0.13299236409542886106 0.31217719702017232564 0.13265794695795538050
69 69 (0) 10 : 0.00000000099999999993 0.00000000099999999993 0.00000000099999999993 0.99999999400000005867 0.00000000099999999993 0.00000000099999999993 0.00000000099999999993
70 70 (0) 10 : 0.00326099886520126022 0.03649451754229918882 0.00000000099999999999 0.55661729974450047109 0.14203331258442031260 0.00000000099999999999 0.26159386926357880432
71 71 (0) 10 : 0.00000000100000000000 0.00956722785234265238 0.00000000100000000000 0.28521681907117046872 0.14513372009206737534 0.27261754390844283868 0.28746468707597649939
72 72 (0) 10 : 0.00000000099999999999 0.00000000099999999999 0.00000000099999999999 0.56218688108650349822 0.10859671885404387215 0.16911112866901134577 0.16010526839044109115
73 73 (0) 10 : 0.00000000100000000000 0.02316180596797077010 0.01782337097024599970 0.21181072840893000464 0.13926860772151558598 0.28605609224255712508 0.32187939368878043522
74 74 (0) 10 : 0.00000000099999999983 0.00000000099999999983 0.00000000099999999983 0.00000000099999999983 0.99999999399999994765 0.00000000099999999983 0.00000000099999999983
75 75 (0) 10 : 0.11183932295844235816 0.02208926701790724090 0.00000000099999999999 0.42957205867876441241 0.00000000099999999999 0.43649934834488590685 0.00000000099999999999
76 76 (0) 10 : 0.00000000099999999985 0.00000000099999999985 0.00000000099999999985 0.00000000099999999985 0.99999999399999994765 0.00000000099999999985 0.00000000099999999985
1 1 (0) 1 : 0.15418398189082926919 0.11501198427249716139 0.08971845506497616585 0.27695801107990380974 0.27566698346620438498 0.08846058322558926490 0.00000000100000000000
2 2 (0) 1 : 0.00000000099999999997 0.00000000099999999997 0.49691059428532258213 0.50308940071467733723 0.00000000099999999997 0.00000000099999999997 0.00000000099999999997
3 3 (0) 1 : 0.33215121095025140763 0.00000000099999999996 0.00000000099999999996 0.63475987104556086393 0.00000000099999999996 0.00000000099999999996 0.03308891400418762646
4 4 (0) 1 : 0.05025667650493320648 0.04317056149748060845 0.20288428181860576616 0.41218413916424001542 0.00000004925967785280 0.25475394555223351833 0.03675034620282893738
5 5 (0) 1 : 0.00000000099999999997 0.03210303981039801247 0.00000000099999999997 0.00000000099999999997 0.00000000099999999997 0.96789695518960194853 0.00000000099999999997
6 6 (0) 1 : 0.13528847575381899859 0.03944192933597967521 0.04690507854323261450 0.32419254100816230491 0.00007109306344934276 0.42601127563489782357 0.02808960666045916613
7 7 (0) 1 : 0.00728117775656061516 0.00000000100000000000 0.08034754957087938965 0.30100596510211857781 0.11508402540182367801 0.47590958551250744923 0.02037169565611026203
8 8 (0) 2 : 0.34975779535789669472 0.00000000099999999998 0.07295480187007728767 0.00000000099999999998 0.29284377834226460458 0.28444362142976137298 0.00000000099999999998
9 9 (0) 2 : 0.00000000099999999983 0.00000000099999999983 0.00000000099999999983 0.00000000099999999983 0.99999999399999994765 0.00000000099999999983 0.00000000099999999983
10 10 (0) 2 : 0.00000000099999999976 0.00000000099999999976 0.00000000099999999976 0.00000000099999999976 0.99999999399999994765 0.00000000099999999976 0.00000000099999999976
11 11 (0) 2 : 0.00000000099999999994 0.12096821026563027435 0.00000000099999999994 0.00000000099999999994 0.87903178473436971441 0.00000000099999999994 0.00000000099999999994
12 12 (0) 2 : 0.00000000099999999991 0.00000000099999999991 0.00000000099999999991 0.99999999399999994765 0.00000000099999999991 0.00000000099999999991 0.00000000099999999991
13 13 (0) 2 : 0.00000000099999999994 0.00000000099999999994 0.00000000099999999994 0.00000000099999999994 0.00000000099999999994 0.99999999400000005867 0.00000000099999999994
14 14 (0) 3 : 0.11949830207779216229 0.01206543430597841089 0.00000000100000000000 0.45312530714715315572 0.00000000100000000000 0.40367401944146713566 0.01163693502760909312
15 15 (0) 3 : 0.00000000099999999992 0.00000000099999999992 0.00000000099999999992 0.99999999399999994765 0.00000000099999999992 0.00000000099999999992 0.00000000099999999992
16 16 (0) 3 : 0.00000000099999999989 0.00000000099999999989 0.00000000099999999989 0.99999999400000005867 0.00000000099999999989 0.00000000099999999989 0.00000000099999999989
17 17 (0) 3 : 0.00000000099999999994 0.00000000099999999994 0.00000000099999999994 0.00000000099999999994 0.00000000099999999994 0.99999625276663617335 0.00000374223336394196
18 18 (0) 4 : 0.06066132473069689446 0.00561364818101654610 0.23450273457593062698 0.21524515567683408235 0.00000042220059791410 0.45268067185697408172 0.03129604277794980488
19 19 (0) 4 : 0.15166802423009273504 0.02875306790300470941 0.00000000099999999999 0.20347654045596877403 0.16626928987763830992 0.44983307553329537898 0.00000000099999999999
20 20 (0) 4 : 0.18620566960066226025 0.01667510555924260618 0.09500999037176907636 0.41420225317693570855 0.00000000099999999999 0.28790697929139030808 0.00000000099999999999
21 21 (0) 4 : 0.00000000099999999985 0.00000000099999999985 0.99999999399999994765 0.00000000099999999985 0.00000000099999999985 0.00000000099999999985 0.00000000099999999985
22 22 (0) 4 : 0.29084218579595944032 0.00000000100000000000 0.05850165608303051212 0.18376211158444782923 0.06719692952105708883 0.37432847669513363842 0.02536863932037153324
23 23 (0) 4 : 0.43840684188799511345 0.00000000099999999999 0.00000000099999999999 0.31650139256178566605 0.24509176155021922261 0.00000000099999999999 0.00000000099999999999
24 24 (0) 4 : 0.00000000099999999993 0.00000000099999999993 0.00000000099999999993 0.00000000099999999993 0.00000000099999999993 0.99999999400000005867 0.00000000099999999993
25 25 (0) 4 : 0.00000000099999999997 0.00000000099999999997 0.00000000099999999997 0.39665628601881175452 0.00000000099999999997 0.60334370898118805382 0.00000000099999999997
26 26 (0) 4 : 0.29660004282323182423 0.02742417813483935887 0.12972205836011005409 0.00072267418069999270 0.20802349879917159114 0.33403425094289279640 0.00347329675905430277
27 27 (0) 4 : 0.48072255036909189441 0.00000000116092475633 0.09197599798504899060 0.24683596887192610358 0.17247630830593110862 0.00000000100000000000 0.00798917230707720492
28 28 (0) 4 : 0.00000000099999999985 0.00000000099999999985 0.99999999399999994765 0.00000000099999999985 0.00000000099999999985 0.00000000099999999985 0.00000000099999999985
29 29 (0) 4 : 0.26789984825809171065 0.03021914551515950120 0.12956889601576482285 0.05644177166360510312 0.17861660764234624232 0.32060835307720481069 0.01664537782782788550
30 30 (0) 4 : 0.00000000099999999999 0.00000000099999999999 0.20467799482542484157 0.00000000099999999999 0.00000000099999999999 0.78888970913998401890 0.00643229203459129428
31 31 (0) 4 : 0.35068273068155397798 0.00000000099999999996 0.00000000099999999996 0.64931726431844605241 0.00000000099999999996 0.00000000099999999996 0.00000000099999999996
32 32 (0) 4 : 0.99999999400000005867 0.00000000099999999990 0.00000000099999999990 0.00000000099999999990 0.00000000099999999990 0.00000000099999999990 0.00000000099999999990
33 33 (0) 4 : 0.28912309737650276897 0.00000000099999999999 0.05133083381539196854 0.20906865736046481574 0.10605046655274888434 0.29855374823814428975 0.04587319565674732175
34 34 (0) 5 : 0.00000000099999999994 0.00000000099999999994 0.00000000099999999994 0.00000000099999999994 0.00000000099999999994 0.99999999400000005867 0.00000000099999999994
35 35 (0) 6 : 0.17255659234748929598 0.01686497646677085488 0.23883236643358587981 0.26671943936999975566 0.17894475779722093800 0.11633128613760490566 0.00975058144732838215
36 36 (0) 6 : 0.00000000099999999985 0.00000000099999999985 0.00000000099999999985 0.00000000099999999985 0.99999999400000005867 0.00000000099999999985 0.00000000099999999985
37 37 (0) 6 : 0.00000000099999999971 0.00000000099999999971 0.99999999400000005867 0.00000000099999999971 0.00000000099999999971 0.00000000099999999971 0.00000000099999999971
38 38 (0) 6 : 0.00000000099999999998 0.00000000099999999998 0.00000000854733386101 0.34724755830011605484 0.15230353881370967128 0.50044889133884040699 0.00000000099999999998
39 39 (0) 6 : 0.72800809836046176393 0.00000000099999999997 0.27199189663953843299 0.00000000099999999997 0.00000000099999999997 0.00000000099999999997 0.00000000099999999997
40 40 (0) 6 : 0.18930118707982970805 0.03680185957025897819 0.01703783210817661278 0.26061786312598889115 0.00005399219442417535 0.49207205910509688174 0.00411520681622478800
41 41 (0) 6 : 0.00000000099999999983 0.99999999400000016969 0.00000000099999999983 0.00000000099999999983 0.00000000099999999983 0.00000000099999999983 0.00000000099999999983
42 42 (0) 6 : 0.04660764133896711653 0.01772020273242806351 0.04449200425609383530 0.37565483189778142714 0.00007238648731847130 0.51545293228741106972 0.00000000099999999999
43 43 (0) 6 : 0.00000000099999999997 0.00000000099999999997 0.00000000099999999997 0.74277492578287551694 0.25180148314721362279 0.00000000099999999997 0.00542358706991073487
44 44 (0) 6 : 0.29340095618605654959 0.02850831684894903836 0.03103505878235537571 0.29008259272076158952 0.09880800393240567192 0.24926790523603253869 0.00889716629343914080
45 45 (0) 6 : 0.00000000099999999996 0.00000000099999999996 0.00000000099999999996 0.00000000099999999996 0.00000000099999999996 0.99999999400000005867 0.00000000099999999996
46 46 (0) 6 : 0.00000000099999999917 0.00000000099999999917 0.00000000099999999917 0.00000000099999999917 0.00000000099999999917 0.00000000099999999917 0.99999999399999994765
47 47 (0) 6 : 0.00000000099999999985 0.00000000099999999985 0.00000000099999999985 0.00000000099999999985 0.99999999400000005867 0.00000000099999999985 0.00000000099999999985
48 48 (0) 6 : 0.50510616402116470525 0.00000000099999999999 0.14014726170408361994 0.15466211591099254807 0.16341273011820200978 0.00000000099999999999 0.03667172624555702087
49 49 (0) 6 : 0.00000000099999999862 0.99999999400000005867 0.00000000099999999862 0.00000000099999999862 0.00000000099999999862 0.00000000099999999862 0.00000000099999999862
50 50 (0) 6 : 0.99999999400000005867 0.00000000099999999990 0.00000000099999999990 0.00000000099999999990 0.00000000099999999990 0.00000000099999999990 0.00000000099999999990
51 51 (0) 6 : 0.29447413627571378258 0.06562520286585497853 0.08323498890310082610 0.15914711616356105872 0.12284405882943812138 0.25955951343208383264 0.01511498353024740698
52 52 (0) 6 : 0.00000000099999999950 0.00000000099999999950 0.00000000099999999950 0.00000000099999999950 0.00000000099999999950 0.00000000099999999950 0.99999999399999994765
53 53 (0) 6 : 0.99999999400000005867 0.00000000099999999989 0.00000000099999999989 0.00000000099999999989 0.00000000099999999989 0.00000000099999999989 0.00000000099999999989
54 54 (0) 6 : 0.00000000099999999991 0.00000000099999999991 0.00000000099999999991 0.00000000099999999991 0.00000000099999999991 0.99999999399999994765 0.00000000099999999991
55 55 (0) 6 : 0.00000031944235928099 0.00000000099999999998 0.25073448734315934017 0.61739594304259903801 0.12848948283983313567 0.00000000099999999998 0.00337976533204915408
56 56 (0) 6 : 0.00000000099999999996 0.00000000099999999996 0.00000000099999999996 0.00000000099999999996 0.00000000099999999996 0.99999999400000005867 0.00000000099999999996
57 57 (0) 6 : 0.99999999400000016969 0.00000000099999999990 0.00000000099999999990 0.00000000099999999990 0.00000000099999999990 0.00000000099999999990 0.00000000099999999990
58 58 (0) 7 : 0.76026295258643783459 0.00000000099999999997 0.00000000099999999997 0.00000000099999999997 0.23973704241356241784 0.00000000099999999997 0.00000000099999999997
59 59 (0) 7 : 0.00000000099999999991 0.00000000099999999991 0.00000000099999999991 0.99999999399999994765 0.00000000099999999991 0.00000000099999999991 0.00000000099999999991
60 60 (0) 7 : 0.00000000100000000000 0.02787212010757734656 0.00000000100000000000 0.36452034982967423948 0.12788568867442617893 0.46974652006295636308 0.00997531932536608809
61 61 (0) 7 : 0.00000000099999999993 0.00000000099999999993 0.00000000099999999993 0.00000000099999999993 0.00000000099999999993 0.99999999400000005867 0.00000000099999999993
62 62 (0) 7 : 0.00000000099999999969 0.00000000099999999969 0.99999999399999994765 0.00000000099999999969 0.00000000099999999969 0.00000000099999999969 0.00000000099999999969
63 63 (0) 7 : 0.47526261122616586530 0.02633384816942347176 0.00000000099999999999 0.24387199285203139953 0.25453154475237949050 0.00000000099999999999 0.00000000099999999999
64 64 (0) 8 : 0.54607731763724931540 0.01382872429953891855 0.24915171521110152097 0.00000000129967742430 0.15214987857131903604 0.00000000100000000000 0.03879236198111361833
65 65 (0) 8 : 0.00000000100000000000 0.01674552858517975792 0.07305077018048117266 0.31093876873117798354 0.17565612713361458685 0.39672517795431538890 0.02688362641523123556
66 66 (0) 9 : 0.00000000099999999995 0.00000000099999999995 0.00000000099999999995 0.00000000099999999995 0.00000000099999999995 0.99999999399999994765 0.00000000099999999995
67 67 (0) 10 : 0.34963285529593129963 0.01611525250826734493 0.15674502524755917765 0.47750686394824221059 0.00000000099999999999 0.00000000099999999999 0.00000000099999999999
68 68 (0) 10 : 0.18269035209104966810 0.00000000099999999999 0.04108182788727295781 0.43341761451921578807 0.04610908518195598604 0.28183167067156378316 0.01486944864894169070
69 69 (0) 10 : 0.91663304141881718490 0.00000000099999999995 0.00000000099999999995 0.00000001901139760270 0.00000000099999999995 0.00000000099999999995 0.08336693556978543029
70 70 (0) 10 : 0.36961196230930898343 0.00000000099999999999 0.15741278316722370767 0.19017915276564251181 0.08127473187589218107 0.18174965743588192280 0.01977171144605075273
71 71 (0) 10 : 0.67226219221192851094 0.00000000099999999997 0.00000000099999999997 0.00000000099999999997 0.32773780278807151944 0.00000000099999999997 0.00000000099999999997
72 72 (0) 10 : 0.63815869518861467746 0.00000000099999999999 0.12905936451246413643 0.00000000099999999999 0.23278193629892132699 0.00000000099999999999 0.00000000099999999999
73 73 (0) 10 : 0.71802933145270764204 0.00000000099999999999 0.00000000099999999999 0.00000000099999999999 0.26526749227902618467 0.00000000099999999999 0.01670317226826642520
74 74 (0) 10 : 0.00000000099999999992 0.00000000099999999992 0.00000000099999999992 0.99999999400000005867 0.00000000099999999992 0.00000000099999999992 0.00000000099999999992
75 75 (0) 10 : 0.99999999400000016969 0.00000000099999999992 0.00000000099999999992 0.00000000099999999992 0.00000000099999999992 0.00000000099999999992 0.00000000099999999992
76 76 (0) 10 : 0.00000000099999999992 0.00000000099999999992 0.00000000099999999992 0.99999999400000005867 0.00000000099999999992 0.00000000099999999992 0.00000000099999999992
1 1 (0) 1 : 0.28796434532369125092 0.21082117130354177670 0.07518737935872313316 0.11336230422590523603 0.04663823750197055445 0.00002507531974815611 0.26600148696641984225
2 2 (0) 1 : 0.29142525272040464834 0.00000163943982305828 0.15190219958152209601 0.00000000100000000000 0.15673305738206735893 0.02927896725161951985 0.37065888262456320179
3 3 (0) 1 : 0.00000000099999999991 0.00000000099999999991 0.00000000099999999991 0.00000000099999999991 0.00000000099999999991 0.00000000099999999991 0.99999999399999994765
4 4 (0) 1 : 0.06434856073672595711 0.30210634828653615269 0.11129353146846721057 0.04243162295299891806 0.08433291727724354092 0.03324573177385285044 0.36224128750417539102
5 5 (0) 1 : 0.99999999400000016969 0.00000000099999999989 0.00000000099999999989 0.00000000099999999989 0.00000000099999999989 0.00000000099999999989 0.00000000099999999989
6 6 (0) 1 : 0.10836019921668635368 0.20401666263603732143 0.17431885126878376990 0.03587317906797625466 0.00000000100000000000 0.02430556870423168994 0.45312553810628469764
7 7 (0) 1 : 0.17983849925321512830 0.26866689343151983760 0.17343220698394301582 0.00000000100000000000 0.00935016594946315796 0.02163028729530891078 0.34708194608655001945
8 8 (0) 2 : 0.09977569116678768057 0.38909272718102483335 0.30818410819413816215 0.00000000099999999999 0.06672301995375316819 0.00000000099999999999 0.13622445150429612903
9 9 (0) 2 : 0.00000000099999999991 0.99999999400000005867 0.00000000099999999991 0.00000000099999999991 0.00000000099999999991 0.00000000099999999991 0.00000000099999999991
10 10 (0) 2 : 0.00000000099999999985 0.99999999400000005867 0.00000000099999999985 0.00000000099999999985 0.00000000099999999985 0.00000000099999999985 0.00000000099999999985
11 11 (0) 2 : 0.00000000099999999996 0.86405354573770865034 0.00000000099999999996 0.13594644926229146331 0.00000000099999999996 0.00000000099999999996 0.00000000099999999996
12 12 (0) 2 : 0.00000000099999999993 0.00000000099999999993 0.00000000099999999993 0.00000000099999999993 0.00000000099999999993 0.00000000099999999993 0.99999999400000005867
13 13 (0) 2 : 0.00000000099999999993 0.00000000099999999993 0.99999999400000005867 0.00000000099999999993 0.00000000099999999993 0.00000000099999999993 0.00000000099999999993
14 14 (0) 3 : 0.00000000099999999992 0.00000000099999999992 0.00000000099999999992 0.00000000099999999992 0.00000000099999999992 0.00000000099999999992 0.99999999399999994765
15 15 (0) 3 : 0.24241030666262947113 0.00000000099999999999 0.00000000099999999999 0.02838111546715901129 0.00570837870462119826 0.00254779199522842505 0.72095240517036185413
16 16 (0) 3 : 0.00000000099999999991 0.00000000099999999991 0.00000000099999999991 0.00000000099999999991 0.00000000099999999991 0.00000000099999999991 0.99999999399999994765
17 17 (0) 3 : 0.00000000099999999995 0.00000000099999999995 0.91994925172445207728 0.00000000099999999995 0.00000000099999999995 0.08005074327554782820 0.00000000099999999995
18 18 (0) 4 : 0.28316421622161253024 0.00000000100000000000 0.33598076307266655505 0.00958004325432772370 0.08532646518982310579 0.03025083333189483581 0.25569767792967512676
19 19 (0) 4 : 0.99999999400000016969 0.00000000099999999986 0.00000000099999999986 0.00000000099999999986 0.00000000099999999986 0.00000000099999999986 0.00000000099999999986
20 20 (0) 4 : 0.00000000099999999992 0.00000000099999999992 0.00000000099999999992 0.00000000099999999992 0.00000000099999999992 0.00000000099999999992 0.99999999400000005867
21 21 (0) 4 : 0.00000000100000000000 0.45736148264811016251 0.24278030670968278604 0.01925799359223356183 0.07839271469120562275 0.00586169826869592774 0.19634580309007196308
22 22 (0) 4 : 0.30768936350927816870 0.10995067929954219221 0.25999824490875877991 0.00000000100000000000 0.00000000100000000000 0.00576172496848181229 0.31659998531393918064
23 23 (0) 4 : 0.00000000099999999992 0.99999999400000005867 0.00000000099999999992 0.00000000099999999992 0.00000000099999999992 0.00000000099999999992 0.00000000099999999992
24 24 (0) 4 : 0.00000000099999999991 0.99999999400000016969 0.00000000099999999991 0.00000000099999999991 0.00000000099999999991 0.00000000099999999991 0.00000000099999999991
25 25 (0) 4 : 0.00000013588499542765 0.20023430072080941611 0.32077047417762072357 0.00000000099999999999 0.00032328805888505745 0.00000000099999999999 0.47867179915768959253
26 26 (0) 4 : 0.00000000100000000000 0.45841839780189874709 0.45980129987283013815 0.04479356869482328807 0.03698673063044771031 0.00000000100000000000 0.00000000100000000000
27 27 (0) 4 : 0.00000000100000000000 0.23607052340689141379 0.37215990723781017246 0.00221204127582032241 0.07223426562979100296 0.00149654665464507672 0.31582671479504198508
28 28 (0) 4 : 0.00000000100000000000 0.20922796303556684405 0.29376159441052257515 0.01579453619294344385 0.13549201380945305462 0.04579241309438106255 0.29993147845713313826
29 29 (0) 4 : 0.14898507335325339440 0.25884260797751407202 0.30882244640088346577 0.03769912451478820564 0.05501171360387115822 0.01496483895571560849 0.17567419519397403649
30 30 (0) 4 : 0.25553832264704878785 0.12295651839423205054 0.30657539137380973582 0.00000000100000000000 0.05260857945582981393 0.03102859305610791707 0.23129259407297159123
31 31 (0) 4 : 0.23321793903171611495 0.00000000099999999996 0.00000000099999999996 0.00000000099999999996 0.00000000099999999996 0.00000000099999999996 0.76678205596828397095
32 32 (0) 4 : 0.00000000099999999994 0.00000000099999999994 0.99999999399999994765 0.00000000099999999994 0.00000000099999999994 0.00000000099999999994 0.00000000099999999994
33 33 (0) 4 : 0.00000000099999999999 0.22105439826099351763 0.40248203726264264457 0.00000000099999999999 0.00392125814880979039 0.05284395935647599740 0.31969834497107829652
34 34 (0) 5 : 0.14600690972658394995 0.09036792993786020578 0.41440787327996791989 0.02078880750197346222 0.03471693823556992048 0.00000000099999999999 0.29371154031804469486
35 35 (0) 6 : 0.00000000100000000000 0.38270160215648446611 0.00000000145953803734 0.01577651300373598964 0.17530654127041056523 0.00002380943394191878 0.42619153167588896824
36 36 (0) 6 : 0.40327374790246139913 0.59672624709753863126 0.00000000099999999995 0.00000000099999999995 0.00000000099999999995 0.00000000099999999995 0.00000000099999999995
37 37 (0) 6 : 0.00000000099999999959 0.00000000099999999959 0.00000000099999999959 0.00000000099999999959 0.99999999400000005867 0.00000000099999999959 0.00000000099999999959
38 38 (0) 6 : 0.28598089664304915392 0.18809706935373210479 0.25436022813053676961 0.00000000099999999998 0.00000000099999999998 0.00000000099999999998 0.27156180287268194551
39 39 (0) 6 : 0.00000000099999999992 0.99999999400000005867 0.00000000099999999992 0.00000000099999999992 0.00000000099999999992 0.00000000099999999992 0.00000000099999999992
40 40 (0) 6 : 0.33130406644404764016 0.00000000100000000000 0.58131096440055063379 0.01828947645367925284 0.06650692049408957196 0.00258857020763273403 0.00000000100000000000
41 41 (0) 6 : 0.00000000099999999984 0.00000000099999999984 0.00000000099999999984 0.99999999400000005867 0.00000000099999999984 0.00000000099999999984 0.00000000099999999984
42 42 (0) 6 : 0.24799886174237040226 0.23257091403637397686 0.00004517355588968266 0.01988782992863272550 0.09890572980038368767 0.00000000099999999999 0.40059148993634946523
43 43 (0) 6 : 0.44227477402160642050 0.00000000099999999998 0.00000000099999999998 0.00000000099999999998 0.00000000099999999998 0.02392898642949006088 0.53379623554890354153
44 44 (0) 6 : 0.15494111533101270761 0.28477323514087199419 0.11126655939637020154 0.02082024706204894243 0.01911234235612300353 0.00000000100000000000 0.40908649971357319286
45 45 (0) 6 : 0.00000000099999999993 0.99999999400000016969 0.00000000099999999993 0.00000000099999999993 0.00000000099999999993 0.00000000099999999993 0.00000000099999999993
46 46 (0) 6 : 0.00000000099999999917 0.00000000099999999917 0.00000000099999999917 0.00000000099999999917 0.00000000099999999917 0.99999999399999994765 0.00000000099999999917
47 47 (0) 6 : 0.47479729346956045521 0.48895113661978950592 0.00000000099999999999 0.00999681382745667806 0.00000000099999999999 0.02625475308319332596 0.00000000099999999999
48 48 (0) 6 : 0.00000000099999999999 0.26519541061083834466 0.38454192843780410360 0.00000000099999999999 0.08990127089838963192 0.03069429862900538430 0.22966708942396260595
49 49 (0) 6 : 0.00000000099999999862 0.00000000099999999862 0.00000000099999999862 0.99999999399999994765 0.00000000099999999862 0.00000000099999999862 0.00000000099999999862
50 50 (0) 6 : 0.00000000099999999993 0.00000000099999999993 0.99999999399999994765 0.00000000099999999993 0.00000000099999999993 0.00000000099999999993 0.00000000099999999993
51 51 (0) 6 : 0.17558625333886138109 0.21244965671793358819 0.19242839032226219387 0.05894605598371153998 0.09784345245826857329 0.01529446717682477613 0.24745172400213802377
52 52 (0) 6 : 0.00000000099999999950 0.00000000099999999950 0.00000000099999999950 0.00000000099999999950 0.00000000099999999950 0.99999999400000005867 0.00000000099999999950
53 53 (0) 6 : 0.00000000099999999997 0.18883170505008431417 0.40595075000413410882 0.00000000099999999997 0.05384814805555174916 0.00000000099999999997 0.35136939389023003066
54 54 (0) 6 : 0.00000000099999999992 0.00000000099999999992 0.99999999400000005867 0.00000000099999999992 0.00000000099999999992 0.00000000099999999992 0.00000000099999999992
55 55 (0) 6 : 0.14221305640892015210 0.23983656826497462555 0.31168169518317812017 0.00535309453356779159 0.00000016845436569978 0.01600346386922374756 0.28491195328576979229
56 56 (0) 6 : 0.99999999400000005867 0.00000000099999999987 0.00000000099999999987 0.00000000099999999987 0.00000000099999999987 0.00000000099999999987 0.00000000099999999987
57 57 (0) 6 : 0.00000000099999999993 0.00000000099999999993 0.99999999400000005867 0.00000000099999999993 0.00000000099999999993 0.00000000099999999993 0.00000000099999999993
58 58 (0) 7 : 0.43786881835724855705 0.00000000099999999995 0.56213117664275147334 0.00000000099999999995 0.00000000099999999995 0.00000000099999999995 0.00000000099999999995
59 59 (0) 7 : 0.99999999400000016969 0.00000000099999999986 0.00000000099999999986 0.00000000099999999986 0.00000000099999999986 0.00000000099999999986 0.00000000099999999986
60 60 (0) 7 : 0.52963925921165166955 0.12039162975751144247 0.00000002164906944480 0.00001254188813647845 0.00000000100000000000 0.01519583848662148934 0.33476070800700963304
61 61 (0) 7 : 0.15447732611416431503 0.42281668941468031342 0.42270598047115537366 0.00000000099999999999 0.00000000099999999999 0.00000000099999999999 0.00000000099999999999
62 62 (0) 7 : 0.00000000099999999957 0.00000000099999999957 0.00000000099999999957 0.00000000099999999957 0.99999999399999994765 0.00000000099999999957 0.00000000099999999957
63 63 (0) 7 : 0.37491410997783025660 0.00000000099999999999 0.28245287850705774746 0.01491764116983616134 0.00000000099999999999 0.00000000099999999999 0.32771536734527573209
64 64 (0) 8 : 0.00000000099999999978 0.00000000099999999978 0.00000000099999999978 0.00000000099999999978 0.99999999400000005867 0.00000000099999999978 0.00000000099999999978
65 65 (0) 8 : 0.99999999400000016969 0.00000000099999999986 0.00000000099999999986 0.00000000099999999986 0.00000000099999999986 0.00000000099999999986 0.00000000099999999986
66 66 (0) 9 : 0.06914214393236046974 0.15136330248355989170 0.45059951811898096841 0.00000000099999999999 0.07314898020808580092 0.00002942172672479627 0.25571663253028820151
67 67 (0) 10 : 0.25070189364339356963 0.00000000099999999999 0.23299012669213198246 0.01694993946407967467 0.06855117603947585847 0.00000000099999999999 0.43080686216091873542
68 68 (0) 10 : 0.18605001217488850718 0.35006680597960831980 0.00000000099999999998 0.00000000099999999998 0.00000000099999999998 0.00471562702624179868 0.45916755181926155460
69 69 (0) 10 : 0.00000000099999999996 0.00000000099999999996 0.92317779423304302533 0.00000000099999999996 0.00000000099999999996 0.07682219876381178592 0.00000000300314520477
70 70 (0) 10 : 0.00000006668708794496 0.00000000099999999999 0.56536939932202101566 0.00000000099999999999 0.02644295371395717631 0.03174821709080307558 0.37643936118613058328
71 71 (0) 10 : 0.00000000099999999993 0.00000000099999999993 0.99999999399999994765 0.00000000099999999993 0.00000000099999999993 0.00000000099999999993 0.00000000099999999993
72 72 (0) 10 : 0.13388263477762962772 0.22716637578803369757 0.56595864445342258797 0.00259278761266318932 0.07039955536825083515 0.00000000099999999999 0.00000000099999999999
73 73 (0) 10 : 0.25551351103482594640 0.00000002393650403862 0.40089432919063794358 0.02182780883512411979 0.01493018976027794126 0.01470553503646297201 0.29212860220616704288
74 74 (0) 10 : 0.00000000099999999992 0.00000000099999999992 0.00000000099999999992 0.00000000099999999992 0.00000000099999999992 0.00000000099999999992 0.99999999400000005867
75 75 (0) 10 : 0.00000000099999999994 0.00000000099999999994 0.99999999399999994765 0.00000000099999999994 0.00000000099999999994 0.00000000099999999994 0.00000000099999999994
76 76 (0) 10 : 0.00000000099999999992 0.00000000099999999992 0.00000000099999999992 0.00000000099999999992 0.00000000099999999992 0.00000000099999999992 0.99999999400000005867
1 1 (0) 1 : 0.00000005085534691802 0.12408366309851245890 0.21496601416270286200 0.11185825711082596212 0.54786715170992927870 0.00122486206268254834 0.00000000100000000000
2 2 (0) 1 : 0.30022783069812319923 0.00573801070824723689 0.16000594415153243655 0.00000000100000000000 0.25662515154358683800 0.23934785399847677279 0.03805520790003352055
3 3 (0) 1 : 0.99999999400000005867 0.00000000099999999987 0.00000000099999999987 0.00000000099999999987 0.00000000099999999987 0.00000000099999999987 0.00000000099999999987
4 4 (0) 1 : 0.22394179614721201887 0.05342524633520079336 0.00000001982597046370 0.07930836533709199887 0.28379715985631687181 0.29312320810755942979 0.06640420439064838309
5 5 (0) 1 : 0.11157823323685513162 0.05389455079725871678 0.44642822300038492722 0.00000000100000000000 0.36566291946153745007 0.00000000100000000000 0.02243607150396389679
6 6 (0) 1 : 0.17338032519349483307 0.03976568807605116579 0.25636944647342302384 0.00000000100000000000 0.30464007347755489574 0.17483202095797717446 0.05101244482149883130
7 7 (0) 1 : 0.17332828433564517745 0.00000000100000000000 0.10163234577488204635 0.10218175278961406927 0.29886044166202752059 0.27082597874368613544 0.05317119569414504449
8 8 (0) 2 : 0.00330818903461579158 0.00000000100000000000 0.25139119243590363206 0.18003168547357795148 0.23821674018234539894 0.31747712096585334329 0.00957507090770394476
9 9 (0) 2 : 0.00000000099999999980 0.00000000099999999980 0.00000000099999999980 0.99999999399999994765 0.00000000099999999980 0.00000000099999999980 0.00000000099999999980
10 10 (0) 2 : 0.00000000099999999968 0.00000000099999999968 0.00000000099999999968 0.99999999400000005867 0.00000000099999999968 0.00000000099999999968 0.00000000099999999968
11 11 (0) 2 : 0.00000000099999999991 0.08092838057894558013 0.00000000099999999991 0.91907161442105445026 0.00000000099999999991 0.00000000099999999991 0.00000000099999999991
12 12 (0) 2 : 0.00000000099999999992 0.00000000099999999992 0.00000000099999999992 0.00000000099999999992 0.00000000099999999992 0.99999999399999994765 0.00000000099999999992
13 13 (0) 2 : 0.00000000099999999990 0.00000000099999999990 0.99999999400000005867 0.00000000099999999990 0.00000000099999999990 0.00000000099999999990 0.00000000099999999990
14 14 (0) 3 : 0.00000000100000000000 0.01202969340280676640 0.20882250900480897604 0.00000000100000000000 0.45815840068362861937 0.30614657785939475287 0.01484281704936090025
15 15 (0) 3 : 0.07424331413243601130 0.02838595893391757455 0.00000000099999999999 0.00000000099999999999 0.49013370629757907482 0.40723701763606728887 0.00000000099999999999
16 16 (0) 3 : 0.29775415501901369986 0.00000000099999999995 0.00000000099999999995 0.00000000099999999995 0.70224583998098621951 0.00000000099999999995 0.00000000099999999995
17 17 (0) 3 : 0.00000000099999999988 0.00000000099999999988 0.99999999399999994765 0.00000000099999999988 0.00000000099999999988 0.00000000099999999988 0.00000000099999999988
18 18 (0) 4 : 0.34235108503866784613 0.00000000099999999998 0.65764890996133218426 0.00000000099999999998 0.00000000099999999998 0.00000000099999999998 0.00000000099999999998
19 19 (0) 4 : 0.00000000099999999999 0.01488865645893911599 0.00000000099999999999 0.16852915500803700155 0.50837603962500388377 0.30820614590801997945 0.00000000099999999999
20 20 (0) 4 : 0.20327931773753776801 0.00650731072786311319 0.00000000099999999999 0.00000000099999999999 0.45625256345879428022 0.33396080507580483410 0.00000000099999999999
21 21 (0) 4 : 0.32282922725206697478 0.00000000100000000000 0.54607282255338451815 0.13109794511340805423 0.00000000100000000000 0.00000000100000000000 0.00000000208114048765
22 22 (0) 4 : 0.02105439805037837356 0.00000000100000000000 0.15937834227361058481 0.12213533844564981867 0.20001663436933503348 0.46638382062493694002 0.03103146523608929855
23 23 (0) 4 : 0.00000000099999999992 0.00000000099999999992 0.99999999399999994765 0.00000000099999999992 0.00000000099999999992 0.00000000099999999992 0.00000000099999999992
24 24 (0) 4 : 0.00000000099999999997 0.00000000099999999997 0.38072471279936315192 0.00000000099999999997 0.00000000099999999997 0.61927528220063687847 0.00000000099999999997
25 25 (0) 4 : 0.00000034526331873681 0.00000000099999999995 0.00000000099999999995 0.00000000099999999995 0.00000000099999999995 0.99999964973668131751 0.00000000099999999995
26 26 (0) 4 : 0.00000000099999999999 0.03016504465750246070 0.36705112641577919419 0.16840712756738590583 0.00000000099999999999 0.43437669835933240270 0.00000000099999999999
27 27 (0) 4 : 0.11626351847868192368 0.00551575652597201260 0.22911113175793515473 0.00000000100000000000 0.23351332222920065385 0.36978894034651010880 0.04580732966170018156
28 28 (0) 4 : 0.33123551823368291291 0.00369620975328157665 0.00000000099999999998 0.00000000099999999998 0.00000000099999999998 0.66506826801303520202 0.00000000099999999998
29 29 (0) 4 : 0.14586263919574010695 0.02487139647437367276 0.26857522489456270298 0.15881207415324299914 0.08041238620021200212 0.25754969678928774091 0.06391658229258088963
30 30 (0) 4 : 0.00000000099999999999 0.00000000099999999999 0.00000000099999999999 0.08765277650563683964 0.37917973184294206934 0.46641580073257415950 0.06675168791884697472
31 31 (0) 4 : 0.00000000099999999990 0.00000000099999999990 0.00000000099999999990 0.00000000099999999990 0.99999999400000005867 0.00000000099999999990 0.00000000099999999990
32 32 (0) 4 : 0.00000000099999999990 0.00000000099999999990 0.00000000099999999990 0.00000000099999999990 0.00000000099999999990 0.99999999399999994765 0.00000000099999999990
33 33 (0) 4 : 0.00000000099999999996 0.00000000099999999996 0.00000000099999999996 0.21263163927220921079 0.00000000099999999996 0.78736815575758889452 0.00000020097020184189
34 34 (0) 5 : 0.00056276252365728004 0.01648775427004734243 0.40758969871591438361 0.07123510157155940603 0.20109570964278361549 0.30302897227603792230 0.00000000100000000000
35 35 (0) 6 : 0.99999999400000016969 0.00000000099999999989 0.00000000099999999989 0.00000000099999999989 0.00000000099999999989 0.00000000099999999989 0.00000000099999999989
36 36 (0) 6 : 0.14106132368418955458 0.00000000099999999998 0.28062687467260477581 0.20918800451596999967 0.33833716722165818602 0.00000000099999999998 0.03078662790557741558
37 37 (0) 6 : 0.99999999400000016969 0.00000000099999999976 0.00000000099999999976 0.00000000099999999976 0.00000000099999999976 0.00000000099999999976 0.00000000099999999976
38 38 (0) 6 : 0.00000000099999999993 0.00000000099999999993 0.00000000099999999993 0.00000000099999999993 0.99999999400000005867 0.00000000099999999993 0.00000000099999999993
39 39 (0) 6 : 0.00000000099999999999 0.01842523984687263056 0.42914556887415494790 0.00000000099999999999 0.00000000099999999999 0.55242918727897227793 0.00000000099999999999
40 40 (0) 6 : 0.19018775792261446989 0.04436530287414876955 0.47961205378122062637 0.00007205134964814512 0.00000000100000000000 0.28576283207236796713 0.00000000100000000000
41 41 (0) 6 : 0.00000000099999999983 0.99999999400000016969 0.00000000099999999983 0.00000000099999999983 0.00000000099999999983 0.00000000099999999983 0.00000000099999999983
42 42 (0) 6 : 0.09623632837673871954 0.01372272174129070439 0.17074625463124765146 0.12260551107676720406 0.28183461516684382708 0.31485456800711186798 0.00000000099999999999
43 43 (0) 6 : 0.00000000099999999992 0.00000000099999999992 0.00000000099999999992 0.00000000099999999992 0.99999999400000005867 0.00000000099999999992 0.00000000099999999992
44 44 (0) 6 : 0.03279075542923461789 0.02932503878475917897 0.04008247814520071728 0.06769442555432171604 0.40971704759547139529 0.37700912869906755276 0.04338112579194472462
45 45 (0) 6 : 0.99999999400000005867 0.00000000099999999987 0.00000000099999999987 0.00000000099999999987 0.00000000099999999987 0.00000000099999999987 0.00000000099999999987
46 46 (0) 6 : 0.00000000099999999935 0.00000000099999999935 0.00000000099999999935 0.00000000099999999935 0.00000000099999999935 0.00000000099999999935 0.99999999400000005867
47 47 (0) 6 : 0.00000000099999999997 0.00000000099999999997 0.00000000099999999997 0.30299062880357074956 0.69700936619642928083 0.00000000099999999997 0.00000000099999999997
48 48 (0) 6 : 0.23864810100436337215 0.00367407062842579641 0.16892804727085330985 0.00000000100000000000 0.14971392544277103975 0.41882660932458737335 0.02020924532899909254
49 49 (0) 6 : 0.00000000099999999863 0.99999999400000005867 0.00000000099999999863 0.00000000099999999863 0.00000000099999999863 0.00000000099999999863 0.00000000099999999863
50 50 (0) 6 : 0.00000000099999999990 0.00000000099999999990 0.99999999399999994765 0.00000000099999999990 0.00000000099999999990 0.00000000099999999990 0.00000000099999999990
51 51 (0) 6 : 0.18359328629620011442 0.05757633470080798094 0.00000400253131716468 0.12602581476036725516 0.23251947223909444351 0.35851109025632110772 0.04176999921589199388
52 52 (0) 6 : 0.00000000099999999960 0.00000000099999999960 0.00000000099999999960 0.00000000099999999960 0.00000000099999999960 0.00000000099999999960 0.99999999399999994765
53 53 (0) 6 : 0.00000000099999999990 0.00000000099999999990 0.00000000099999999990 0.00000000099999999990 0.00000000099999999990 0.99999999399999994765 0.00000000099999999990
54 54 (0) 6 : 0.00000000099999999990 0.00000000099999999990 0.99999999400000005867 0.00000000099999999990 0.00000000099999999990 0.00000000099999999990 0.00000000099999999990
55 55 (0) 6 : 0.43329727293497982687 0.00000000099999999997 0.00000000099999999997 0.00000000099999999997 0.56670272206502014800 0.00000000099999999997 0.00000000099999999997
56 56 (0) 6 : 0.00000000099999999984 0.00000000099999999984 0.00000000099999999984 0.99999999399999994765 0.00000000099999999984 0.00000000099999999984 0.00000000099999999984
57 57 (0) 6 : 0.00000000099999999986 0.00000000099999999986 0.00000000099999999986 0.00000000099999999986 0.00000000099999999986 0.00000000099999999986 0.99999999400000005867
58 58 (0) 7 : 0.00000000099999999988 0.00000000099999999988 0.99999999399999994765 0.00000000099999999988 0.00000000099999999988 0.00000000099999999988 0.00000000099999999988
59 59 (0) 7 : 0.00000000099999999991 0.00000000099999999991 0.00000000099999999991 0.00000000099999999991 0.99999999400000005867 0.00000000099999999991 0.00000000099999999991
60 60 (0) 7 : 0.13295540890607654427 0.01161127470079782904 0.23485890406950002407 0.03566984417951941239 0.43147401798098272696 0.13869492729837923362 0.01473562286474405791
61 61 (0) 7 : 0.00000000099999999995 0.00000000099999999995 0.81159574175193605061 0.18840425324806397978 0.00000000099999999995 0.00000000099999999995 0.00000000099999999995
62 62 (0) 7 : 0.99999999400000005867 0.00000000099999999975 0.00000000099999999975 0.00000000099999999975 0.00000000099999999975 0.00000000099999999975 0.00000000099999999975
63 63 (0) 7 : 0.00000000099999999999 0.01823764571123958830 0.21949829451409644254 0.12980861276790647829 0.44575856990108503330 0.18669687510567248290 0.00000000099999999999
64 64 (0) 8 : 0.23215006589237971446 0.00421994853077044697 0.00000000100000000000 0.15841752530825062295 0.00000000100000000000 0.54767540972330297500 0.05753704854529623908
65 65 (0) 8 : 0.11710381667877912959 0.01171304824647184488 0.11923689569155106194 0.20112472776254822215 0.30368361332645466000 0.23060016471305269659 0.01653773358114233802
66 66 (0) 9 : 0.07820257324897812723 0.00000000099999999998 0.20408434870143551954 0.00000000099999999998 0.25921614951170501850 0.45849692553788135019 0.00000000099999999998
67 67 (0) 10 : 0.18983412068355132174 0.00000000099999999997 0.00000000099999999997 0.00000000099999999997 0.81016587431644881967 0.00000000099999999997 0.00000000099999999997
68 68 (0) 10 : 0.24817033178316441622 0.00000000099999999999 0.00000000099999999999 0.07634078804452872069 0.32590596084019485268 0.29856621110711900613 0.05101670622499311636
69 69 (0) 10 : 0.00000000099999999992 0.00000000099999999992 0.00000000099999999992 0.00000000099999999992 0.00000000099999999992 0.99999999400000005867 0.00000000099999999992
70 70 (0) 10 : 0.00000000099999999993 0.00000000099999999993 0.00000000099999999993 0.00000000099999999993 0.00000000099999999993 0.99999999400000005867 0.00000000099999999993
71 71 (0) 10 : 0.00000000100000000000 0.00000000100000000000 0.34983742059109301792 0.10111232165023419094 0.15476741019173143044 0.39428284456694129290 0.00000000100000000000
72 72 (0) 10 : 0.00000000099999999993 0.00000000099999999993 0.00000000099999999993 0.00000000099999999993 0.00000000099999999993 0.99999999399999994765 0.00000000099999999993
73 73 (0) 10 : 0.00024570636129684102 0.01381399316605828528 0.34671547014159326272 0.12773908518931859080 0.45680543690651304045 0.00029917331942542059 0.05438113491579457670
74 74 (0) 10 : 0.00000000099999999992 0.00000000099999999992 0.00000000099999999992 0.00000000099999999992 0.99999999400000005867 0.00000000099999999992 0.00000000099999999992
75 75 (0) 10 : 0.00000000099999999997 0.00000000099999999997 0.40793663332651852738 0.00000000099999999997 0.00000000099999999997 0.59206336167348139199 0.00000000099999999997
76 76 (0) 10 : 0.00000000099999999991 0.00000000099999999991 0.00000000099999999991 0.00000000099999999991 0.99999999399999994765 0.00000000099999999991 0.00000000099999999991
