1:	0.3181 0.0333 0.1248 0.0201 0.1047 0.1064 0.2925 	7
2:	0.1740 0.0204 0.1336 0.0019 0.5181 0.0175 0.1346 	6
3:	0.6472 0.0047 0.1032 0.0079 0.0271 0.0213 0.1886 	4
4:	0.2639 0.0064 0.2959 0.0095 0.1139 0.0776 0.2327 	16
5:	0.2603 0.0133 0.3101 0.0000 0.0843 0.0232 0.3087 	1
6:	0.1565 0.0940 0.2133 0.1070 0.1403 0.0933 0.1956 	23
7:	0.1757 0.0043 0.1659 0.0012 0.1090 0.2120 0.3318 	6
8:	0.1643 0.0090 0.2244 0.0280 0.1678 0.1442 0.2621 	2
9:	0.2442 0.0000 0.3683 0.0008 0.0932 0.0371 0.2563 	1
10:	0.2687 0.0029 0.4353 0.0101 0.1340 0.0661 0.0828 	10
