-------------------------------------------------------------------------------
 L       Percentage of nodes in the largest component
 D       Percentage of nodes in components of size at most 3 [-div option]
 R       Percentage of nodes not in L or D: 100 - L -D
 S       Percentage of nodes that are singletons
 E       Fraction of edges retained (input graph has 2450)
 cce     Expected size of component, nodewise [ sum(sz^2) / sum^2(sz) ]
 EW      Edge weight traits (mean, median and IQR)
 ND      Node degree traits [mean, median and IQR]
 CCF     Clustering coefficient (scale 1-100)
 eff     Induced component efficiency relative to start graph (scale 1-1000)
Total number of nodes: 50
----------------------------------------------------------------------------------------------
  L   D   R   S     E     cce  EWmean   EWmed   EWiqr  NDmean   NDmed  NDiqr CCF  eff  Cutoff 
----------------------------------------------------------------------------------------------
100   0   0   0 1.000      50    0.73    0.69    0.16    49.0    49.5    0.5   -    -     0.50
100   0   0   0 0.999      50    0.73    0.69    0.16    49.0    49.5    0.5   -    -     0.51
100   0   0   0 0.998      50    0.73    0.69    0.16    48.9    49.5    0.5   -    -     0.52
100   0   0   0 0.995      50    0.73    0.70    0.16    48.8    49.5    0.5   -    -     0.53
100   0   0   0 0.994      50    0.73    0.70    0.16    48.7    49.5    0.5   -    -     0.54
100   0   0   0 0.992      50    0.73    0.70    0.16    48.6    49.5    0.5   -    -     0.55
100   0   0   0 0.985      50    0.73    0.70    0.16    48.3    49.5    0.5   -    -     0.56
100   0   0   0 0.980      50    0.73    0.70    0.16    48.0    49.5    1.5   -    -     0.57
100   0   0   0 0.973      50    0.73    0.70    0.16    47.7    49.5    2.5   -    -     0.58
100   0   0   0 0.948      50    0.74    0.70    0.16    46.4    47.5    2.5   -    -     0.59
100   0   0   0 0.920      50    0.74    0.70    0.16    45.1    46.5    2.5   -    -     0.60
100   0   0   0 0.891      50    0.75    0.71    0.16    43.6    46.5    0.5   -    -     0.61
100   0   0   0 0.869      50    0.75    0.71    0.15    42.6    45.5    1.5   -    -     0.62
100   0   0   0 0.842      50    0.75    0.71    0.15    41.3    44.5    2.5   -    -     0.63
100   0   0   0 0.793      50    0.76    0.72    0.15    38.9    41.5    7.5   -    -     0.64
100   0   0   0 0.715      50    0.77    0.75    0.13    35.0    38.5   11.0   -    -     0.65
100   0   0   0 0.670      50    0.78    0.75    0.12    32.8    36.5   12.0   -    -     0.66
100   0   0   0 0.634      50    0.79    0.77    0.12    31.1    36.5   11.5   -    -     0.67
100   0   0   0 0.571      50    0.80    0.78    0.11    28.0    33.5   18.5   -    -     0.68
100   0   0   0 0.521      50    0.81    0.80    0.10    25.5    31.5   18.0   -    -     0.69
 98   2   0   2 0.482      48    0.82    0.81    0.08    23.6    29.5   17.5   -    -     0.70
 98   2   0   2 0.419      48    0.84    0.82    0.13    20.5    28.5   17.5   -    -     0.71
 98   2   0   2 0.392      48    0.85    0.82    0.21    19.2    27.5   18.5   -    -     0.72
 98   2   0   2 0.384      48    0.85    0.82    0.21    18.8    27.5   18.5   -    -     0.73
 98   2   0   2 0.367      48    0.86    0.82    0.21    18.0    27.5   18.0   -    -     0.74
 98   2   0   2 0.352      48    0.86    0.82    0.19    17.2    26.5   18.5   -    -     0.75
 64  12  24   6 0.325      24    0.87    0.82    0.19    15.9    25.5   18.5   -    -     0.76
 62  14  24   8 0.322      22    0.87    0.82    0.18    15.8    25.5   19.0   -    -     0.77
 54  22  24  10 0.305      18    0.88    0.82    0.18    15.0    25.5   22.0   -    -     0.78
 52  26  22  14 0.268      16    0.89    0.82    0.18    13.1    13.5   21.5   -    -     0.79
 52  26  22  18 0.264      16    0.89    0.82    0.18    12.9    13.5   21.5   -    -     0.80
 52  30  18  18 0.243      16    0.90    0.82    0.18    11.9     7.5   21.5   -    -     0.81
 24  36  40  22 0.122       7    0.98    1.00    0.00     6.0     6.5    9.5   -    -     0.82
 24  36  40  28 0.119       7    0.98    1.00    0.00     5.8     6.5   10.5   -    -     0.83
 24  36  40  28 0.119       7    0.98    1.00    0.00     5.8     6.5   10.5   -    -     0.84
 24  36  40  28 0.118       7    0.98    1.00    0.00     5.8     6.5   10.5   -    -     0.85
 24  36  40  32 0.118       7    0.98    1.00    0.00     5.8     6.5   10.5   -    -     0.86
 24  36  40  36 0.115       7    0.98    1.00    0.00     5.6     6.5   10.5   -    -     0.87
 24  40  36  40 0.112       7    0.99    1.00    0.00     5.5     5.5   10.5   -    -     0.88
 24  42  34  42 0.108       6    0.99    1.00    0.00     5.3     4.5   10.5   -    -     0.89
 24  42  34  42 0.107       6    0.99    1.00    0.00     5.2     4.5   10.5   -    -     0.90
 24  42  34  42 0.104       6    0.99    1.00    0.00     5.1     3.5   10.5   -    -     0.91
 24  46  30  46 0.102       6    1.00    1.00    0.00     5.0     2.5   10.5   -    -     0.92
 24  54  22  46 0.100       6    1.00    1.00    0.00     4.9     1.5   10.5   -    -     0.93
 24  54  22  46 0.100       6    1.00    1.00    0.00     4.9     1.5   10.5   -    -     0.94
 24  54  22  46 0.100       6    1.00    1.00    0.00     4.9     1.5   10.5   -    -     0.95
 24  54  22  50 0.100       6    1.00    1.00    0.00     4.9     0.5   10.5   -    -     0.96
 24  54  22  50 0.100       6    1.00    1.00    0.00     4.9     0.5   10.5   -    -     0.97
 24  54  22  54 0.099       6    1.00    1.00    0.00     4.8     0.5   10.5   -    -     0.98
 24  54  22  54 0.099       6    1.00    1.00    0.00     4.8     0.5   10.5   -    -     0.99
---------------------------------------------------------------------------------------------
