-------------------------------------------------------------------------------
 L       Percentage of nodes in the largest component
 D       Percentage of nodes in components of size at most 3 [-div option]
 R       Percentage of nodes not in L or D: 100 - L -D
 S       Percentage of nodes that are singletons
 E       Fraction of edges retained (input graph has 2450)
 cce     Expected size of component, nodewise [ sum(sz^2) / sum^2(sz) ]
 EW      Edge weight traits (mean, median and IQR)
 ND      Node degree traits [mean, median and IQR]
 CCF     Clustering coefficient (scale 1-100)
 eff     Induced component efficiency relative to start graph (scale 1-1000)
Total number of nodes: 50
----------------------------------------------------------------------------------------------
  L   D   R   S     E     cce  EWmean   EWmed   EWiqr  NDmean   NDmed  NDiqr CCF  eff  Cutoff 
----------------------------------------------------------------------------------------------
100   0   0   0 1.000      50    0.70    0.69    0.11    49.0    49.5    0.5   -    -     0.50
100   0   0   0 1.000      50    0.70    0.69    0.11    49.0    49.5    0.5   -    -     0.51
100   0   0   0 1.000      50    0.70    0.69    0.11    49.0    49.5    0.5   -    -     0.52
100   0   0   0 1.000      50    0.70    0.69    0.11    49.0    49.5    0.5   -    -     0.53
100   0   0   0 1.000      50    0.70    0.69    0.11    49.0    49.5    0.5   -    -     0.54
100   0   0   0 0.997      50    0.70    0.69    0.11    48.8    49.5    0.5   -    -     0.55
100   0   0   0 0.991      50    0.70    0.69    0.11    48.6    49.5    1.5   -    -     0.56
100   0   0   0 0.982      50    0.71    0.69    0.11    48.1    49.5    1.5   -    -     0.57
100   0   0   0 0.965      50    0.71    0.69    0.11    47.3    48.5    2.5   -    -     0.58
100   0   0   0 0.952      50    0.71    0.69    0.11    46.6    48.5    2.0   -    -     0.59
100   0   0   0 0.929      50    0.71    0.69    0.11    45.5    47.5    3.5   -    -     0.60
100   0   0   0 0.886      50    0.72    0.70    0.10    43.4    46.5    4.5   -    -     0.61
100   0   0   0 0.844      50    0.72    0.70    0.09    41.4    44.5    7.0   -    -     0.62
100   0   0   0 0.793      50    0.73    0.71    0.10    38.9    42.5    7.5   -    -     0.63
100   0   0   0 0.759      50    0.73    0.71    0.10    37.2    41.5   10.0   -    -     0.64
100   0   0   0 0.689      50    0.74    0.73    0.10    33.8    37.5   11.5   -    -     0.65
100   0   0   0 0.649      50    0.75    0.73    0.12    31.8    36.5   12.0   -    -     0.66
100   0   0   0 0.579      50    0.76    0.73    0.10    28.4    34.5   15.0   -    -     0.67
100   0   0   0 0.536      50    0.76    0.75    0.10    26.3    32.5   15.5   -    -     0.68
100   0   0   0 0.473      50    0.77    0.75    0.09    23.2    27.5   18.0   -    -     0.69
100   0   0   0 0.442      50    0.78    0.75    0.11    21.7    26.5   18.0   -    -     0.70
100   0   0   0 0.387      50    0.79    0.77    0.11    19.0    22.5   16.5   -    -     0.71
 98   2   0   2 0.368      48    0.79    0.78    0.10    18.0    22.5   18.0   -    -     0.72
 94   6   0   2 0.298      44    0.81    0.81    0.09    14.6    13.5   16.5   -    -     0.73
 90  10   0   6 0.274      41    0.82    0.81    0.08    13.4    12.5   16.5   -    -     0.74
 90  10   0   6 0.256      41    0.82    0.81    0.07    12.5    10.5   17.0   -    -     0.75
 84  16   0  12 0.209      35    0.84    0.84    0.08    10.2     7.5   16.5   -    -     0.76
 82  18   0  14 0.199      34    0.84    0.84    0.08     9.8     6.5   17.5   -    -     0.77
 50  26  24  18 0.185      16    0.84    0.84    0.08     9.1     5.5   18.0   -    -     0.78
 40  26  34  26 0.171      12    0.85    0.84    0.08     8.4     4.5   19.0   -    -     0.79
 40  30  30  30 0.169      11    0.85    0.84    0.08     8.3     4.5   19.5   -    -     0.80
 40  38  22  32 0.121      10    0.87    0.84    0.05     5.9     3.5   14.5   -    -     0.81
 40  42  18  38 0.118       9    0.87    0.84    0.05     5.8     2.5   14.5   -    -     0.82
 40  42  18  42 0.117       9    0.87    0.84    0.05     5.7     2.5   14.5   -    -     0.83
 40  42  18  42 0.108       9    0.87    0.88    0.05     5.3     2.5   14.5   -    -     0.84
 34  56  10  46 0.057       7    0.90    0.89    0.00     2.8     1.5    7.5   -    -     0.85
 34  56  10  48 0.056       7    0.90    0.89    0.00     2.8     1.5    7.5   -    -     0.86
 34  56  10  48 0.056       7    0.90    0.89    0.00     2.8     1.5    7.5   -    -     0.87
 34  56  10  48 0.056       7    0.90    0.89    0.00     2.8     1.5    7.5   -    -     0.88
 16  84   0  64 0.014       2    0.95    0.97    0.11     0.7     0.5    1.5   -    -     0.89
  0 100   0  70 0.007       1    1.00    1.00    0.00     0.4     0.5    1.5   -    -     0.90
  0 100   0  70 0.007       1    1.00    1.00    0.00     0.4     0.5    1.5   -    -     0.91
  0 100   0  70 0.007       1    1.00    1.00    0.00     0.4     0.5    1.5   -    -     0.92
  0 100   0  70 0.007       1    1.00    1.00    0.00     0.4     0.5    1.5   -    -     0.93
  0 100   0  70 0.007       1    1.00    1.00    0.00     0.4     0.5    1.5   -    -     0.94
  0 100   0  70 0.007       1    1.00    1.00    0.00     0.4     0.5    1.5   -    -     0.95
  0 100   0  70 0.007       1    1.00    1.00    0.00     0.4     0.5    1.5   -    -     0.96
  0 100   0  74 0.007       1    1.00    1.00    0.00     0.3     0.5    1.0   -    -     0.97
  0 100   0  74 0.007       1    1.00    1.00    0.00     0.3     0.5    1.0   -    -     0.98
  0 100   0  74 0.007       1    1.00    1.00    0.00     0.3     0.5    1.0   -    -     0.99
---------------------------------------------------------------------------------------------
