1.0000	0.2870	0.3288	0.2917	0.3117	0.3273	0.3428	0.2912	0.3059	0.3527	0.2714	0.3566	0.2433	0.3219	0.2912	0.2741	0.3541	0.2621	0.2996	0.3186	0.3345	0.2844	0.2853	0.3027	0.2710	0.2793	0.3058	0.2942	0.2879	0.3724	0.2480	0.3199	0.2846	0.3009	0.2614	0.2941	0.2710	0.2178	0.2852	0.2654	0.3680	0.2987	0.2690	0.3285	0.3671	0.3042	0.2923	0.3744	0.2778	0.2198
0.2870	1.0000	0.2707	0.2585	0.2449	0.2626	0.3119	0.2900	0.2645	0.2433	0.2912	0.2941	0.2812	0.2745	0.2935	0.2581	0.3176	0.2515	0.2214	0.2804	0.2865	0.2669	0.2585	0.2526	0.2543	0.2946	0.2688	0.2087	0.3371	0.3344	0.2159	0.2467	0.2745	0.2567	0.2413	0.2667	0.2461	0.2304	0.2387	0.2560	0.2541	0.2740	0.2759	0.2495	0.2771	0.2390	0.2749	0.2876	0.2912	0.1957
0.3288	0.2707	1.0000	0.2877	0.3740	0.2753	0.3055	0.3162	0.3109	0.3663	0.3087	0.3111	0.3189	0.2838	0.3291	0.3263	0.3125	0.2660	0.2646	0.2958	0.2706	0.2614	0.2267	0.3273	0.3099	0.3008	0.2644	0.3372	0.3064	0.3425	0.2846	0.2737	0.2491	0.2679	0.2941	0.2852	0.2707	0.2507	0.3423	0.3209	0.2979	0.2817	0.2901	0.2863	0.2941	0.2945	0.2961	0.2960	0.2882	0.2541
0.2917	0.2585	0.2877	1.0000	0.2760	0.2491	0.2924	0.3476	0.2883	0.2625	0.2667	0.2605	0.2351	0.2651	0.2552	0.2933	0.3145	0.2853	0.2904	0.3003	0.2935	0.2649	0.2731	0.2927	0.3313	0.3140	0.2388	0.2771	0.3327	0.2603	0.2854	0.2834	0.3343	0.2809	0.3002	0.3247	0.2206	0.2474	0.2821	0.2361	0.2801	0.2839	0.2539	0.2672	0.3077	0.2877	0.2903	0.2571	0.3243	0.2810
0.3117	0.2449	0.3740	0.2760	1.0000	0.2292	0.2934	0.3247	0.2962	0.2969	0.2945	0.2418	0.2876	0.2732	0.2977	0.2809	0.2805	0.2839	0.2153	0.2674	0.3055	0.2727	0.2011	0.3349	0.2671	0.2523	0.2885	0.3141	0.2978	0.2994	0.2708	0.2884	0.2668	0.2557	0.2872	0.2683	0.2874	0.2753	0.3221	0.2910	0.3375	0.3074	0.2668	0.2950	0.2605	0.2417	0.2543	0.2533	0.2855	0.2319
0.3273	0.2626	0.2753	0.2491	0.2292	1.0000	0.2650	0.3179	0.2406	0.2241	0.2852	0.2788	0.2334	0.2773	0.2287	0.2647	0.3012	0.2003	0.2875	0.2994	0.2262	0.2322	0.2624	0.2333	0.2670	0.3019	0.2332	0.2703	0.2843	0.3150	0.2124	0.2737	0.2560	0.2755	0.2381	0.2505	0.2775	0.1952	0.2603	0.2890	0.2900	0.2396	0.2322	0.2452	0.2783	0.2736	0.2958	0.2879	0.2607	0.2277
0.3428	0.3119	0.3055	0.2924	0.2934	0.2650	1.0000	0.3426	0.3183	0.2847	0.3456	0.3353	0.2691	0.3586	0.3219	0.2989	0.3603	0.3265	0.3230	0.3205	0.2723	0.2953	0.2486	0.2863	0.3142	0.3143	0.2683	0.2688	0.3532	0.3638	0.2665	0.2983	0.2779	0.2992	0.2851	0.4053	0.2447	0.2721	0.3103	0.2873	0.3204	0.3082	0.2937	0.2830	0.4053	0.3282	0.3036	0.3561	0.3006	0.2687
0.2912	0.2900	0.3162	0.3476	0.3247	0.3179	0.3426	1.0000	0.2750	0.2928	0.3143	0.3166	0.2526	0.3897	0.2988	0.2718	0.3763	0.2598	0.3231	0.3081	0.2604	0.3146	0.2804	0.2860	0.3051	0.3421	0.2792	0.2998	0.3318	0.3324	0.2552	0.2900	0.3026	0.3096	0.2896	0.3041	0.2558	0.3202	0.3399	0.2813	0.3712	0.3613	0.2318	0.2853	0.3334	0.3122	0.3094	0.2952	0.3757	0.2867
0.3059	0.2645	0.3109	0.2883	0.2962	0.2406	0.3183	0.2750	1.0000	0.2826	0.2612	0.2779	0.2594	0.2528	0.3319	0.2813	0.2997	0.2217	0.2476	0.3408	0.2626	0.2793	0.2504	0.3237	0.3144	0.2492	0.2941	0.2712	0.3296	0.2904	0.2768	0.3079	0.2795	0.2823	0.2978	0.2766	0.2787	0.2296	0.2759	0.3121	0.2756	0.3062	0.2421	0.2535	0.2962	0.3278	0.2417	0.2853	0.2517	0.2360
0.3527	0.2433	0.3663	0.2625	0.2969	0.2241	0.2847	0.2928	0.2826	1.0000	0.2680	0.2942	0.2724	0.3069	0.3076	0.2279	0.3193	0.2629	0.2759	0.2402	0.2769	0.2236	0.2595	0.2327	0.2715	0.2324	0.2629	0.2218	0.2521	0.2802	0.1940	0.2133	0.2687	0.2633	0.2594	0.2855	0.2726	0.2170	0.2965	0.2781	0.3004	0.2801	0.2731	0.2544	0.2836	0.2305	0.2448	0.2946	0.3159	0.2435
0.2714	0.2912	0.3087	0.2667	0.2945	0.2852	0.3456	0.3143	0.2612	0.2680	1.0000	0.2956	0.2944	0.3614	0.2955	0.2817	0.2978	0.2781	0.2739	0.3004	0.2585	0.3372	0.2363	0.3066	0.2989	0.3046	0.3223	0.2744	0.2962	0.3601	0.2435	0.2756	0.2800	0.3081	0.2729	0.3257	0.2890	0.2721	0.3431	0.2908	0.2665	0.2825	0.3091	0.2788	0.3522	0.2739	0.2925	0.2809	0.3214	0.2411
0.3566	0.2941	0.3111	0.2605	0.2418	0.2788	0.3353	0.3166	0.2779	0.2942	0.2956	1.0000	0.2688	0.3553	0.2893	0.2641	0.2882	0.2546	0.2805	0.3176	0.2590	0.3082	0.2931	0.2507	0.2869	0.2760	0.2827	0.2862	0.3154	0.3420	0.2756	0.2975	0.2509	0.2906	0.2760	0.3107	0.3098	0.2129	0.2730	0.2948	0.2803	0.2859	0.2846	0.2852	0.3138	0.3226	0.2571	0.3664	0.2489	0.2804
0.2433	0.2812	0.3189	0.2351	0.2876	0.2334	0.2691	0.2526	0.2594	0.2724	0.2944	0.2688	1.0000	0.2682	0.2801	0.2852	0.2653	0.2743	0.2261	0.2637	0.2783	0.2463	0.2538	0.2736	0.2692	0.2174	0.2401	0.2504	0.2665	0.2769	0.2443	0.2356	0.2962	0.2942	0.2285	0.2301	0.2950	0.3043	0.2436	0.2690	0.2504	0.2697	0.2705	0.2067	0.2747	0.2372	0.3035	0.3015	0.2894	0.2097
0.3219	0.2745	0.2838	0.2651	0.2732	0.2773	0.3586	0.3897	0.2528	0.3069	0.3614	0.3553	0.2682	1.0000	0.3135	0.2337	0.3460	0.2434	0.3049	0.3174	0.2653	0.3105	0.2889	0.2490	0.3427	0.2921	0.2778	0.2743	0.2911	0.3168	0.2630	0.3219	0.2785	0.2690	0.3019	0.3518	0.2849	0.2788	0.3274	0.3079	0.3099	0.3105	0.2576	0.2766	0.3578	0.2570	0.2928	0.3619	0.2923	0.2793
0.2912	0.2935	0.3291	0.2552	0.2977	0.2287	0.3219	0.2988	0.3319	0.3076	0.2955	0.2893	0.2801	0.3135	1.0000	0.2550	0.3150	0.2894	0.2320	0.3132	0.2402	0.2871	0.2262	0.2948	0.2936	0.2907	0.2754	0.2946	0.3150	0.3424	0.2478	0.2648	0.2287	0.2613	0.2747	0.3444	0.3211	0.2446	0.2621	0.3068	0.2975	0.2857	0.2824	0.2729	0.2771	0.2304	0.2572	0.2685	0.3110	0.2661
0.2741	0.2581	0.3263	0.2933	0.2809	0.2647	0.2989	0.2718	0.2813	0.2279	0.2817	0.2641	0.2852	0.2337	0.2550	1.0000	0.3206	0.2603	0.2700	0.2546	0.2202	0.2410	0.2449	0.3397	0.2711	0.3140	0.2547	0.2791	0.2730	0.2876	0.2579	0.2791	0.2596	0.2283	0.2411	0.2778	0.2424	0.1907	0.2723	0.3010	0.2540	0.2892	0.2889	0.2752	0.2746	0.2705	0.2671	0.2656	0.2392	0.2119
0.3541	0.3176	0.3125	0.3145	0.2805	0.3012	0.3603	0.3763	0.2997	0.3193	0.2978	0.2882	0.2653	0.3460	0.3150	0.3206	1.0000	0.2870	0.2887	0.3107	0.2655	0.3062	0.2957	0.2985	0.2977	0.3483	0.3101	0.2642	0.3043	0.3775	0.2380	0.3471	0.3122	0.2873	0.2882	0.3478	0.3186	0.2657	0.2847	0.2849	0.2959	0.2892	0.2529	0.2527	0.3823	0.2662	0.3114	0.2747	0.3448	0.2446
0.2621	0.2515	0.2660	0.2853	0.2839	0.2003	0.3265	0.2598	0.2217	0.2629	0.2781	0.2546	0.2743	0.2434	0.2894	0.2603	0.2870	1.0000	0.2679	0.2405	0.2600	0.2510	0.2339	0.2993	0.2951	0.3004	0.2085	0.2481	0.3232	0.2960	0.2099	0.2597	0.2733	0.2617	0.2625	0.3182	0.2389	0.2297	0.2488	0.2461	0.2376	0.2576	0.2714	0.2310	0.2798	0.2008	0.2557	0.2578	0.2650	0.2594
0.2996	0.2214	0.2646	0.2904	0.2153	0.2875	0.3230	0.3231	0.2476	0.2759	0.2739	0.2805	0.2261	0.3049	0.2320	0.2700	0.2887	0.2679	1.0000	0.2824	0.2199	0.2557	0.2435	0.2696	0.2996	0.3156	0.1994	0.2381	0.3153	0.2697	0.2699	0.2416	0.2741	0.2534	0.2747	0.3014	0.2145	0.1830	0.2677	0.2576	0.2666	0.2750	0.2466	0.2309	0.3368	0.2540	0.2681	0.2560	0.2720	0.2851
0.3186	0.2804	0.2958	0.3003	0.2674	0.2994	0.3205	0.3081	0.3408	0.2402	0.3004	0.3176	0.2637	0.3174	0.3132	0.2546	0.3107	0.2405	0.2824	1.0000	0.2404	0.2943	0.2529	0.3080	0.3169	0.2588	0.2834	0.3006	0.3596	0.3273	0.2888	0.2954	0.2574	0.3052	0.3162	0.3214	0.2782	0.2524	0.2781	0.3170	0.2975	0.2925	0.2723	0.2860	0.3337	0.2970	0.2562	0.2910	0.2797	0.2468
0.3345	0.2865	0.2706	0.2935	0.3055	0.2262	0.2723	0.2604	0.2626	0.2769	0.2585	0.2590	0.2783	0.2653	0.2402	0.2202	0.2655	0.2600	0.2199	0.2404	1.0000	0.2102	0.2176	0.2462	0.2534	0.2315	0.2734	0.2381	0.2819	0.2731	0.2376	0.2498	0.2948	0.2710	0.2553	0.2661	0.2696	0.2582	0.2552	0.2171	0.3356	0.2326	0.2226	0.3088	0.2781	0.2577	0.2572	0.3038	0.2928	0.2498
0.2844	0.2669	0.2614	0.2649	0.2727	0.2322	0.2953	0.3146	0.2793	0.2236	0.3372	0.3082	0.2463	0.3105	0.2871	0.2410	0.3062	0.2510	0.2557	0.2943	0.2102	1.0000	0.3152	0.2679	0.2852	0.3011	0.2946	0.2417	0.2972	0.2813	0.2388	0.2955	0.2726	0.3114	0.2487	0.3081	0.2351	0.2225	0.2909	0.2630	0.2439	0.2759	0.2899	0.2491	0.2932	0.3076	0.2638	0.2619	0.3146	0.2370
0.2853	0.2585	0.2267	0.2731	0.2011	0.2624	0.2486	0.2804	0.2504	0.2595	0.2363	0.2931	0.2538	0.2889	0.2262	0.2449	0.2957	0.2339	0.2435	0.2529	0.2176	0.3152	1.0000	0.2694	0.2691	0.2778	0.2491	0.2059	0.2796	0.2545	0.1854	0.2344	0.2138	0.2847	0.2216	0.2709	0.2540	0.2108	0.2528	0.2171	0.2394	0.2559	0.2533	0.2103	0.2666	0.2384	0.2643	0.2448	0.2540	0.2512
0.3027	0.2526	0.3273	0.2927	0.3349	0.2333	0.2863	0.2860	0.3237	0.2327	0.3066	0.2507	0.2736	0.2490	0.2948	0.3397	0.2985	0.2993	0.2696	0.3080	0.2462	0.2679	0.2694	1.0000	0.2750	0.3042	0.2791	0.2865	0.2841	0.2829	0.2276	0.2746	0.2618	0.2629	0.2477	0.2693	0.3358	0.1910	0.2854	0.2626	0.2582	0.2904	0.3116	0.2453	0.2792	0.2314	0.2685	0.2444	0.2731	0.2337
0.2710	0.2543	0.3099	0.3313	0.2671	0.2670	0.3142	0.3051	0.3144	0.2715	0.2989	0.2869	0.2692	0.3427	0.2936	0.2711	0.2977	0.2951	0.2996	0.3169	0.2534	0.2852	0.2691	0.2750	1.0000	0.3289	0.2451	0.2698	0.3091	0.2742	0.2309	0.2951	0.2776	0.2714	0.2914	0.3412	0.2532	0.2315	0.2851	0.2700	0.2287	0.2943	0.2403	0.2489	0.3240	0.2702	0.2661	0.2982	0.2763	0.2896
0.2793	0.2946	0.3008	0.3140	0.2523	0.3019	0.3143	0.3421	0.2492	0.2324	0.3046	0.2760	0.2174	0.2921	0.2907	0.3140	0.3483	0.3004	0.3156	0.2588	0.2315	0.3011	0.2778	0.3042	0.3289	1.0000	0.2384	0.2635	0.3401	0.2984	0.2276	0.3034	0.2509	0.2575	0.2957	0.3158	0.2412	0.2082	0.2571	0.2858	0.2605	0.2345	0.2650	0.2396	0.3178	0.2358	0.2966	0.2633	0.3085	0.2547
0.3058	0.2688	0.2644	0.2388	0.2885	0.2332	0.2683	0.2792	0.2941	0.2629	0.3223	0.2827	0.2401	0.2778	0.2754	0.2547	0.3101	0.2085	0.1994	0.2834	0.2734	0.2946	0.2491	0.2791	0.2451	0.2384	1.0000	0.2849	0.2862	0.2767	0.2233	0.2694	0.2274	0.2940	0.2348	0.2314	0.2413	0.2446	0.2771	0.2634	0.2626	0.2775	0.2608	0.2689	0.2804	0.2327	0.2527	0.2546	0.2830	0.2037
0.2942	0.2087	0.3372	0.2771	0.3141	0.2703	0.2688	0.2998	0.2712	0.2218	0.2744	0.2862	0.2504	0.2743	0.2946	0.2791	0.2642	0.2481	0.2381	0.3006	0.2381	0.2417	0.2059	0.2865	0.2698	0.2635	0.2849	1.0000	0.2808	0.3168	0.3083	0.2941	0.2511	0.2653	0.2625	0.2854	0.2824	0.2635	0.2698	0.2838	0.3109	0.3269	0.2762	0.2794	0.2579	0.2464	0.2701	0.2435	0.2597	0.2130
0.2879	0.3371	0.3064	0.3327	0.2978	0.2843	0.3532	0.3318	0.3296	0.2521	0.2962	0.3154	0.2665	0.2911	0.3150	0.2730	0.3043	0.3232	0.3153	0.3596	0.2819	0.2972	0.2796	0.2841	0.3091	0.3401	0.2862	0.2808	1.0000	0.3213	0.2895	0.2853	0.2913	0.3098	0.3321	0.3386	0.2768	0.2380	0.2943	0.3010	0.3116	0.3087	0.2562	0.3023	0.2886	0.3057	0.2844	0.3015	0.2928	0.2916
0.3724	0.3344	0.3425	0.2603	0.2994	0.3150	0.3638	0.3324	0.2904	0.2802	0.3601	0.3420	0.2769	0.3168	0.3424	0.2876	0.3775	0.2960	0.2697	0.3273	0.2731	0.2813	0.2545	0.2829	0.2742	0.2984	0.2767	0.3168	0.3213	1.0000	0.2681	0.2572	0.2886	0.2934	0.2932	0.3436	0.3312	0.2643	0.2831	0.3000	0.2809	0.2746	0.2934	0.2639	0.3459	0.3186	0.3069	0.2769	0.3022	0.2401
0.2480	0.2159	0.2846	0.2854	0.2708	0.2124	0.2665	0.2552	0.2768	0.1940	0.2435	0.2756	0.2443	0.2630	0.2478	0.2579	0.2380	0.2099	0.2699	0.2888	0.2376	0.2388	0.1854	0.2276	0.2309	0.2276	0.2233	0.3083	0.2895	0.2681	1.0000	0.2181	0.2348	0.2347	0.2629	0.2665	0.2210	0.2281	0.2319	0.2504	0.2572	0.2540	0.2393	0.2423	0.2697	0.2293	0.2757	0.2309	0.2345	0.2202
0.3199	0.2467	0.2737	0.2834	0.2884	0.2737	0.2983	0.2900	0.3079	0.2133	0.2756	0.2975	0.2356	0.3219	0.2648	0.2791	0.3471	0.2597	0.2416	0.2954	0.2498	0.2955	0.2344	0.2746	0.2951	0.3034	0.2694	0.2941	0.2853	0.2572	0.2181	1.0000	0.3230	0.2718	0.2961	0.3037	0.2806	0.2420	0.2572	0.2829	0.2738	0.2457	0.2628	0.2971	0.2969	0.2696	0.2341	0.2983	0.2820	0.2291
0.2846	0.2745	0.2491	0.3343	0.2668	0.2560	0.2779	0.3026	0.2795	0.2687	0.2800	0.2509	0.2962	0.2785	0.2287	0.2596	0.3122	0.2733	0.2741	0.2574	0.2948	0.2726	0.2138	0.2618	0.2776	0.2509	0.2274	0.2511	0.2913	0.2886	0.2348	0.3230	1.0000	0.2711	0.2664	0.2930	0.2387	0.2478	0.2784	0.2239	0.2551	0.2949	0.2607	0.2570	0.2947	0.3132	0.2631	0.2894	0.3271	0.2051
0.3009	0.2567	0.2679	0.2809	0.2557	0.2755	0.2992	0.3096	0.2823	0.2633	0.3081	0.2906	0.2942	0.2690	0.2613	0.2283	0.2873	0.2617	0.2534	0.3052	0.2710	0.3114	0.2847	0.2629	0.2714	0.2575	0.2940	0.2653	0.3098	0.2934	0.2347	0.2718	0.2711	1.0000	0.2394	0.2694	0.3010	0.2999	0.2530	0.2990	0.2887	0.2767	0.2818	0.2241	0.2882	0.2841	0.3089	0.2682	0.3024	0.2732
0.2614	0.2413	0.2941	0.3002	0.2872	0.2381	0.2851	0.2896	0.2978	0.2594	0.2729	0.2760	0.2285	0.3019	0.2747	0.2411	0.2882	0.2625	0.2747	0.3162	0.2553	0.2487	0.2216	0.2477	0.2914	0.2957	0.2348	0.2625	0.3321	0.2932	0.2629	0.2961	0.2664	0.2394	1.0000	0.2629	0.2330	0.2296	0.2920	0.2622	0.2769	0.2543	0.2460	0.2371	0.2986	0.2643	0.2290	0.2847	0.3076	0.2189
0.2941	0.2667	0.2852	0.3247	0.2683	0.2505	0.4053	0.3041	0.2766	0.2855	0.3257	0.3107	0.2301	0.3518	0.3444	0.2778	0.3478	0.3182	0.3014	0.3214	0.2661	0.3081	0.2709	0.2693	0.3412	0.3158	0.2314	0.2854	0.3386	0.3436	0.2665	0.3037	0.2930	0.2694	0.2629	1.0000	0.2669	0.2136	0.2615	0.3003	0.2718	0.2757	0.2679	0.2794	0.3630	0.2750	0.2985	0.2985	0.3172	0.3003
0.2710	0.2461	0.2707	0.2206	0.2874	0.2775	0.2447	0.2558	0.2787	0.2726	0.2890	0.3098	0.2950	0.2849	0.3211	0.2424	0.3186	0.2389	0.2145	0.2782	0.2696	0.2351	0.2540	0.3358	0.2532	0.2412	0.2413	0.2824	0.2768	0.3312	0.2210	0.2806	0.2387	0.3010	0.2330	0.2669	1.0000	0.2127	0.2573	0.3166	0.3027	0.2528	0.2507	0.2411	0.2581	0.2148	0.2716	0.2429	0.2533	0.2556
0.2178	0.2304	0.2507	0.2474	0.2753	0.1952	0.2721	0.3202	0.2296	0.2170	0.2721	0.2129	0.3043	0.2788	0.2446	0.1907	0.2657	0.2297	0.1830	0.2524	0.2582	0.2225	0.2108	0.1910	0.2315	0.2082	0.2446	0.2635	0.2380	0.2643	0.2281	0.2420	0.2478	0.2999	0.2296	0.2136	0.2127	1.0000	0.2377	0.2225	0.2988	0.2484	0.2699	0.1865	0.2524	0.2347	0.2699	0.2654	0.2616	0.1644
0.2852	0.2387	0.3423	0.2821	0.3221	0.2603	0.3103	0.3399	0.2759	0.2965	0.3431	0.2730	0.2436	0.3274	0.2621	0.2723	0.2847	0.2488	0.2677	0.2781	0.2552	0.2909	0.2528	0.2854	0.2851	0.2571	0.2771	0.2698	0.2943	0.2831	0.2319	0.2572	0.2784	0.2530	0.2920	0.2615	0.2573	0.2377	1.0000	0.3262	0.2926	0.3089	0.2517	0.2714	0.3425	0.2640	0.2827	0.2832	0.2929	0.2332
0.2654	0.2560	0.3209	0.2361	0.2910	0.2890	0.2873	0.2813	0.3121	0.2781	0.2908	0.2948	0.2690	0.3079	0.3068	0.3010	0.2849	0.2461	0.2576	0.3170	0.2171	0.2630	0.2171	0.2626	0.2700	0.2858	0.2634	0.2838	0.3010	0.3000	0.2504	0.2829	0.2239	0.2990	0.2622	0.3003	0.3166	0.2225	0.3262	1.0000	0.2993	0.2747	0.2599	0.2580	0.2797	0.2323	0.2414	0.2714	0.2749	0.2750
0.3680	0.2541	0.2979	0.2801	0.3375	0.2900	0.3204	0.3712	0.2756	0.3004	0.2665	0.2803	0.2504	0.3099	0.2975	0.2540	0.2959	0.2376	0.2666	0.2975	0.3356	0.2439	0.2394	0.2582	0.2287	0.2605	0.2626	0.3109	0.3116	0.2809	0.2572	0.2738	0.2551	0.2887	0.2769	0.2718	0.3027	0.2988	0.2926	0.2993	1.0000	0.2979	0.2185	0.3348	0.2936	0.2698	0.2814	0.3123	0.2872	0.2320
0.2987	0.2740	0.2817	0.2839	0.3074	0.2396	0.3082	0.3613	0.3062	0.2801	0.2825	0.2859	0.2697	0.3105	0.2857	0.2892	0.2892	0.2576	0.2750	0.2925	0.2326	0.2759	0.2559	0.2904	0.2943	0.2345	0.2775	0.3269	0.3087	0.2746	0.2540	0.2457	0.2949	0.2767	0.2543	0.2757	0.2528	0.2484	0.3089	0.2747	0.2979	1.0000	0.2605	0.2845	0.3005	0.2898	0.2246	0.2744	0.3079	0.2397
0.2690	0.2759	0.2901	0.2539	0.2668	0.2322	0.2937	0.2318	0.2421	0.2731	0.3091	0.2846	0.2705	0.2576	0.2824	0.2889	0.2529	0.2714	0.2466	0.2723	0.2226	0.2899	0.2533	0.3116	0.2403	0.2650	0.2608	0.2762	0.2562	0.2934	0.2393	0.2628	0.2607	0.2818	0.2460	0.2679	0.2507	0.2699	0.2517	0.2599	0.2185	0.2605	1.0000	0.2323	0.2651	0.2508	0.2697	0.2757	0.2868	0.2276
0.3285	0.2495	0.2863	0.2672	0.2950	0.2452	0.2830	0.2853	0.2535	0.2544	0.2788	0.2852	0.2067	0.2766	0.2729	0.2752	0.2527	0.2310	0.2309	0.2860	0.3088	0.2491	0.2103	0.2453	0.2489	0.2396	0.2689	0.2794	0.3023	0.2639	0.2423	0.2971	0.2570	0.2241	0.2371	0.2794	0.2411	0.1865	0.2714	0.2580	0.3348	0.2845	0.2323	1.0000	0.2524	0.2739	0.1921	0.2958	0.2493	0.2268
0.3671	0.2771	0.2941	0.3077	0.2605	0.2783	0.4053	0.3334	0.2962	0.2836	0.3522	0.3138	0.2747	0.3578	0.2771	0.2746	0.3823	0.2798	0.3368	0.3337	0.2781	0.2932	0.2666	0.2792	0.3240	0.3178	0.2804	0.2579	0.2886	0.3459	0.2697	0.2969	0.2947	0.2882	0.2986	0.3630	0.2581	0.2524	0.3425	0.2797	0.2936	0.3005	0.2651	0.2524	1.0000	0.3161	0.3049	0.3115	0.3286	0.2363
0.3042	0.2390	0.2945	0.2877	0.2417	0.2736	0.3282	0.3122	0.3278	0.2305	0.2739	0.3226	0.2372	0.2570	0.2304	0.2705	0.2662	0.2008	0.2540	0.2970	0.2577	0.3076	0.2384	0.2314	0.2702	0.2358	0.2327	0.2464	0.3057	0.3186	0.2293	0.2696	0.3132	0.2841	0.2643	0.2750	0.2148	0.2347	0.2640	0.2323	0.2698	0.2898	0.2508	0.2739	0.3161	1.0000	0.2342	0.3241	0.2928	0.2066
0.2923	0.2749	0.2961	0.2903	0.2543	0.2958	0.3036	0.3094	0.2417	0.2448	0.2925	0.2571	0.3035	0.2928	0.2572	0.2671	0.3114	0.2557	0.2681	0.2562	0.2572	0.2638	0.2643	0.2685	0.2661	0.2966	0.2527	0.2701	0.2844	0.3069	0.2757	0.2341	0.2631	0.3089	0.2290	0.2985	0.2716	0.2699	0.2827	0.2414	0.2814	0.2246	0.2697	0.1921	0.3049	0.2342	1.0000	0.2558	0.2952	0.2597
0.3744	0.2876	0.2960	0.2571	0.2533	0.2879	0.3561	0.2952	0.2853	0.2946	0.2809	0.3664	0.3015	0.3619	0.2685	0.2656	0.2747	0.2578	0.2560	0.2910	0.3038	0.2619	0.2448	0.2444	0.2982	0.2633	0.2546	0.2435	0.3015	0.2769	0.2309	0.2983	0.2894	0.2682	0.2847	0.2985	0.2429	0.2654	0.2832	0.2714	0.3123	0.2744	0.2757	0.2958	0.3115	0.3241	0.2558	1.0000	0.3038	0.2198
0.2778	0.2912	0.2882	0.3243	0.2855	0.2607	0.3006	0.3757	0.2517	0.3159	0.3214	0.2489	0.2894	0.2923	0.3110	0.2392	0.3448	0.2650	0.2720	0.2797	0.2928	0.3146	0.2540	0.2731	0.2763	0.3085	0.2830	0.2597	0.2928	0.3022	0.2345	0.2820	0.3271	0.3024	0.3076	0.3172	0.2533	0.2616	0.2929	0.2749	0.2872	0.3079	0.2868	0.2493	0.3286	0.2928	0.2952	0.3038	1.0000	0.2287
0.2198	0.1957	0.2541	0.2810	0.2319	0.2277	0.2687	0.2867	0.2360	0.2435	0.2411	0.2804	0.2097	0.2793	0.2661	0.2119	0.2446	0.2594	0.2851	0.2468	0.2498	0.2370	0.2512	0.2337	0.2896	0.2547	0.2037	0.2130	0.2916	0.2401	0.2202	0.2291	0.2051	0.2732	0.2189	0.3003	0.2556	0.1644	0.2332	0.2750	0.2320	0.2397	0.2276	0.2268	0.2363	0.2066	0.2597	0.2198	0.2287	1.0000
