-------------------------------------------------------------------------------
 L       Percentage of nodes in the largest component
 D       Percentage of nodes in components of size at most 3 [-div option]
 R       Percentage of nodes not in L or D: 100 - L -D
 S       Percentage of nodes that are singletons
 E       Fraction of edges retained (input graph has 2450)
 cce     Expected size of component, nodewise [ sum(sz^2) / sum^2(sz) ]
 EW      Edge weight traits (mean, median and IQR)
 ND      Node degree traits [mean, median and IQR]
 CCF     Clustering coefficient (scale 1-100)
 eff     Induced component efficiency relative to start graph (scale 1-1000)
Total number of nodes: 50
----------------------------------------------------------------------------------------------
  L   D   R   S     E     cce  EWmean   EWmed   EWiqr  NDmean   NDmed  NDiqr CCF  eff  Cutoff 
----------------------------------------------------------------------------------------------
 98   2   0   2 0.450      48    0.54    0.53    0.04    22.0    22.5   15.0   -    -     0.50
 98   2   0   2 0.371      48    0.54    0.54    0.04    18.2    18.5   13.5   -    -     0.51
 96   4   0   4 0.285      46    0.55    0.54    0.03    14.0    13.5   13.5   -    -     0.52
 96   4   0   4 0.214      46    0.56    0.55    0.03    10.5    10.5   11.5   -    -     0.53
 96   4   0   4 0.162      46    0.57    0.56    0.03     7.9     6.5    7.5   -    -     0.54
 90  10   0  10 0.124      41    0.58    0.57    0.03     6.1     5.5    7.0   -    -     0.55
 86  14   0  14 0.086      37    0.59    0.58    0.03     4.2     3.5    4.5   -    -     0.56
 80  20   0  20 0.055      32    0.60    0.59    0.03     2.7     2.5    4.0   -    -     0.57
 70  30   0  30 0.039      25    0.61    0.59    0.03     1.9     1.5    3.5   -    -     0.58
 40  44  16  40 0.026       9    0.62    0.61    0.03     1.3     1.5    2.5   -    -     0.59
 18  72  10  58 0.016       3    0.63    0.62    0.03     0.8     0.5    1.5   -    -     0.60
  8  76  16  66 0.012       2    0.64    0.63    0.03     0.6     0.5    1.5   -    -     0.61
  8  76  16  66 0.011       2    0.64    0.64    0.03     0.5     0.5    1.5   -    -     0.62
  8  92   0  78 0.007       1    0.65    0.65    0.02     0.3     0.5    0.5   -    -     0.63
  8  92   0  88 0.004       1    0.66    0.66    0.01     0.2     0.5    0.5   -    -     0.64
  8  92   0  88 0.004       1    0.66    0.66    0.01     0.2     0.5    0.5   -    -     0.65
  8  92   0  92 0.002       1    0.66    0.67    0.00     0.1     0.5    0.5   -    -     0.66
  0 100   0 100 0.000       1    0.00    0.00    0.00     0.0     0.5    0.5   -    -     0.67
  0 100   0 100 0.000       1    0.00    0.00    0.00     0.0     0.5    0.5   -    -     0.68
  0 100   0 100 0.000       1    0.00    0.00    0.00     0.0     0.5    0.5   -    -     0.69
  0 100   0 100 0.000       1    0.00    0.00    0.00     0.0     0.5    0.5   -    -     0.70
  0 100   0 100 0.000       1    0.00    0.00    0.00     0.0     0.5    0.5   -    -     0.71
  0 100   0 100 0.000       1    0.00    0.00    0.00     0.0     0.5    0.5   -    -     0.72
  0 100   0 100 0.000       1    0.00    0.00    0.00     0.0     0.5    0.5   -    -     0.73
  0 100   0 100 0.000       1    0.00    0.00    0.00     0.0     0.5    0.5   -    -     0.74
  0 100   0 100 0.000       1    0.00    0.00    0.00     0.0     0.5    0.5   -    -     0.75
  0 100   0 100 0.000       1    0.00    0.00    0.00     0.0     0.5    0.5   -    -     0.76
  0 100   0 100 0.000       1    0.00    0.00    0.00     0.0     0.5    0.5   -    -     0.77
  0 100   0 100 0.000       1    0.00    0.00    0.00     0.0     0.5    0.5   -    -     0.78
  0 100   0 100 0.000       1    0.00    0.00    0.00     0.0     0.5    0.5   -    -     0.79
  0 100   0 100 0.000       1    0.00    0.00    0.00     0.0     0.5    0.5   -    -     0.80
  0 100   0 100 0.000       1    0.00    0.00    0.00     0.0     0.5    0.5   -    -     0.81
  0 100   0 100 0.000       1    0.00    0.00    0.00     0.0     0.5    0.5   -    -     0.82
  0 100   0 100 0.000       1    0.00    0.00    0.00     0.0     0.5    0.5   -    -     0.83
  0 100   0 100 0.000       1    0.00    0.00    0.00     0.0     0.5    0.5   -    -     0.84
  0 100   0 100 0.000       1    0.00    0.00    0.00     0.0     0.5    0.5   -    -     0.85
  0 100   0 100 0.000       1    0.00    0.00    0.00     0.0     0.5    0.5   -    -     0.86
  0 100   0 100 0.000       1    0.00    0.00    0.00     0.0     0.5    0.5   -    -     0.87
  0 100   0 100 0.000       1    0.00    0.00    0.00     0.0     0.5    0.5   -    -     0.88
  0 100   0 100 0.000       1    0.00    0.00    0.00     0.0     0.5    0.5   -    -     0.89
  0 100   0 100 0.000       1    0.00    0.00    0.00     0.0     0.5    0.5   -    -     0.90
  0 100   0 100 0.000       1    0.00    0.00    0.00     0.0     0.5    0.5   -    -     0.91
  0 100   0 100 0.000       1    0.00    0.00    0.00     0.0     0.5    0.5   -    -     0.92
  0 100   0 100 0.000       1    0.00    0.00    0.00     0.0     0.5    0.5   -    -     0.93
  0 100   0 100 0.000       1    0.00    0.00    0.00     0.0     0.5    0.5   -    -     0.94
  0 100   0 100 0.000       1    0.00    0.00    0.00     0.0     0.5    0.5   -    -     0.95
  0 100   0 100 0.000       1    0.00    0.00    0.00     0.0     0.5    0.5   -    -     0.96
  0 100   0 100 0.000       1    0.00    0.00    0.00     0.0     0.5    0.5   -    -     0.97
  0 100   0 100 0.000       1    0.00    0.00    0.00     0.0     0.5    0.5   -    -     0.98
  0 100   0 100 0.000       1    0.00    0.00    0.00     0.0     0.5    0.5   -    -     0.99
---------------------------------------------------------------------------------------------
