-------------------------------------------------------------------------------
 L       Percentage of nodes in the largest component
 D       Percentage of nodes in components of size at most 3 [-div option]
 R       Percentage of nodes not in L or D: 100 - L -D
 S       Percentage of nodes that are singletons
 E       Fraction of edges retained (input graph has 2450)
 cce     Expected size of component, nodewise [ sum(sz^2) / sum^2(sz) ]
 EW      Edge weight traits (mean, median and IQR)
 ND      Node degree traits [mean, median and IQR]
 CCF     Clustering coefficient (scale 1-100)
 eff     Induced component efficiency relative to start graph (scale 1-1000)
Total number of nodes: 50
----------------------------------------------------------------------------------------------
  L   D   R   S     E     cce  EWmean   EWmed   EWiqr  NDmean   NDmed  NDiqr CCF  eff  Cutoff 
----------------------------------------------------------------------------------------------
 92   8   0   8 0.198      42    0.53    0.52    0.03     9.7     7.5   12.5   -    -     0.50
 82  18   0  14 0.151      34    0.54    0.53    0.03     7.4     6.5   10.5   -    -     0.51
 74  26   0  18 0.113      28    0.55    0.54    0.03     5.6     3.5    7.5   -    -     0.52
 70  30   0  22 0.086      25    0.56    0.55    0.03     4.2     2.5    6.0   -    -     0.53
 54  46   0  42 0.054      15    0.57    0.56    0.04     2.6     1.5    4.0   -    -     0.54
 44  56   0  52 0.038      10    0.58    0.57    0.04     1.8     0.5    2.5   -    -     0.55
 40  60   0  52 0.029       9    0.59    0.58    0.03     1.4     0.5    1.5   -    -     0.56
 30  70   0  66 0.021       5    0.60    0.59    0.04     1.0     0.5    1.5   -    -     0.57
 28  72   0  68 0.016       5    0.61    0.60    0.03     0.8     0.5    1.5   -    -     0.58
 16  84   0  76 0.010       2    0.62    0.62    0.02     0.5     0.5    0.5   -    -     0.59
 14  86   0  82 0.008       2    0.63    0.62    0.04     0.4     0.5    0.5   -    -     0.60
 12  88   0  88 0.006       2    0.64    0.63    0.04     0.3     0.5    0.5   -    -     0.61
  8  92   0  92 0.003       1    0.66    0.66    0.02     0.2     0.5    0.5   -    -     0.62
  8  92   0  92 0.002       1    0.67    0.67    0.02     0.1     0.5    0.5   -    -     0.63
  8  92   0  92 0.002       1    0.67    0.67    0.02     0.1     0.5    0.5   -    -     0.64
  0 100   0  94 0.002       1    0.68    0.68    0.01     0.1     0.5    0.5   -    -     0.65
  0 100   0  94 0.002       1    0.68    0.68    0.01     0.1     0.5    0.5   -    -     0.66
  0 100   0  94 0.002       1    0.68    0.68    0.01     0.1     0.5    0.5   -    -     0.67
  0 100   0  96 0.001       1    0.68    0.68    0.00     0.0     0.5    0.5   -    -     0.68
  0 100   0 100 0.000       1    0.00    0.00    0.00     0.0     0.5    0.5   -    -     0.69
  0 100   0 100 0.000       1    0.00    0.00    0.00     0.0     0.5    0.5   -    -     0.70
  0 100   0 100 0.000       1    0.00    0.00    0.00     0.0     0.5    0.5   -    -     0.71
  0 100   0 100 0.000       1    0.00    0.00    0.00     0.0     0.5    0.5   -    -     0.72
  0 100   0 100 0.000       1    0.00    0.00    0.00     0.0     0.5    0.5   -    -     0.73
  0 100   0 100 0.000       1    0.00    0.00    0.00     0.0     0.5    0.5   -    -     0.74
  0 100   0 100 0.000       1    0.00    0.00    0.00     0.0     0.5    0.5   -    -     0.75
  0 100   0 100 0.000       1    0.00    0.00    0.00     0.0     0.5    0.5   -    -     0.76
  0 100   0 100 0.000       1    0.00    0.00    0.00     0.0     0.5    0.5   -    -     0.77
  0 100   0 100 0.000       1    0.00    0.00    0.00     0.0     0.5    0.5   -    -     0.78
  0 100   0 100 0.000       1    0.00    0.00    0.00     0.0     0.5    0.5   -    -     0.79
  0 100   0 100 0.000       1    0.00    0.00    0.00     0.0     0.5    0.5   -    -     0.80
  0 100   0 100 0.000       1    0.00    0.00    0.00     0.0     0.5    0.5   -    -     0.81
  0 100   0 100 0.000       1    0.00    0.00    0.00     0.0     0.5    0.5   -    -     0.82
  0 100   0 100 0.000       1    0.00    0.00    0.00     0.0     0.5    0.5   -    -     0.83
  0 100   0 100 0.000       1    0.00    0.00    0.00     0.0     0.5    0.5   -    -     0.84
  0 100   0 100 0.000       1    0.00    0.00    0.00     0.0     0.5    0.5   -    -     0.85
  0 100   0 100 0.000       1    0.00    0.00    0.00     0.0     0.5    0.5   -    -     0.86
  0 100   0 100 0.000       1    0.00    0.00    0.00     0.0     0.5    0.5   -    -     0.87
  0 100   0 100 0.000       1    0.00    0.00    0.00     0.0     0.5    0.5   -    -     0.88
  0 100   0 100 0.000       1    0.00    0.00    0.00     0.0     0.5    0.5   -    -     0.89
  0 100   0 100 0.000       1    0.00    0.00    0.00     0.0     0.5    0.5   -    -     0.90
  0 100   0 100 0.000       1    0.00    0.00    0.00     0.0     0.5    0.5   -    -     0.91
  0 100   0 100 0.000       1    0.00    0.00    0.00     0.0     0.5    0.5   -    -     0.92
  0 100   0 100 0.000       1    0.00    0.00    0.00     0.0     0.5    0.5   -    -     0.93
  0 100   0 100 0.000       1    0.00    0.00    0.00     0.0     0.5    0.5   -    -     0.94
  0 100   0 100 0.000       1    0.00    0.00    0.00     0.0     0.5    0.5   -    -     0.95
  0 100   0 100 0.000       1    0.00    0.00    0.00     0.0     0.5    0.5   -    -     0.96
  0 100   0 100 0.000       1    0.00    0.00    0.00     0.0     0.5    0.5   -    -     0.97
  0 100   0 100 0.000       1    0.00    0.00    0.00     0.0     0.5    0.5   -    -     0.98
  0 100   0 100 0.000       1    0.00    0.00    0.00     0.0     0.5    0.5   -    -     0.99
---------------------------------------------------------------------------------------------
