1:	0.3017 0.1242 0.0163 0.3333 0.0000 0.0000 0.0000 0.0000 0.0000 0.0246 0.0000 0.2000 	6
2:	0.3949 0.0661 0.0000 0.2175 0.0000 0.0000 0.0103 0.0000 0.0000 0.0141 0.0000 0.2971 	7
3:	0.0000 0.0000 0.0833 0.0000 0.0089 0.3613 0.1411 0.1193 0.0833 0.0000 0.2028 0.0000 	12
4:	0.1237 0.1165 0.0000 0.0018 0.0958 0.0478 0.2506 0.2312 0.1103 0.0089 0.0133 0.0000 	14
5:	0.0392 0.2685 0.0000 0.0000 0.0944 0.1267 0.0594 0.0769 0.2579 0.0000 0.0769 0.0000 	13
6:	0.0000 0.0909 0.2727 0.0000 0.0000 0.0909 0.0909 0.1624 0.0909 0.1818 0.0194 0.0000 	11
7:	0.1434 0.7112 0.0000 0.0000 0.0000 0.0000 0.0000 0.0000 0.0000 0.1112 0.0000 0.0342 	4
8:	0.0000 0.0000 0.2142 0.0000 0.0104 0.0946 0.0177 0.4847 0.1500 0.0094 0.0190 0.0000 	6
9:	0.0000 0.0000 0.0000 0.0000 0.0000 0.0000 0.0000 0.0000 0.0000 1.0000 0.0000 0.0000 	2
10:	0.0000 1.0000 0.0000 0.0000 0.0000 0.0000 0.0000 0.0000 0.0000 0.0000 0.0000 0.0000 	1
11:	0.0000 1.0000 0.0000 0.0000 0.0000 0.0000 0.0000 0.0000 0.0000 0.0000 0.0000 0.0000 	1
12:	1.0000 0.0000 0.0000 0.0000 0.0000 0.0000 0.0000 0.0000 0.0000 0.0000 0.0000 0.0000 	1
13:	0.0000 0.0000 0.2947 0.0000 0.5000 0.1343 0.0000 0.0000 0.0000 0.0000 0.0710 0.0000 	2
