1 1 (0) 1 : 0.00000000099999999932 0.00000000099999999932 0.00000000099999999932 0.00000000099999999932 0.00000000099999999932 0.00000000099999999932 0.00000000099999999932 0.00000000099999999932 0.00000000099999999932 0.00000000099999999932 0.99999998899999997803 0.00000000099999999932
2 2 (0) 1 : 0.00000000099999999971 0.00000000099999999971 0.14747382924122093284 0.09751701724802731841 0.00000000099999999971 0.16000089292625740978 0.00000000099999999971 0.35778084836540485769 0.00000000099999999971 0.00000000099999999971 0.23722027027385095277 0.00000713594523842457
3 3 (0) 1 : 0.00000000099999999920 0.00000000099999999920 0.00000000099999999920 0.00000000099999999920 0.00000000099999999920 0.00000000099999999920 0.00000000099999999920 0.00000000099999999920 0.00000000099999999920 0.00000000099999999920 0.00000000099999999920 0.99999998899999997803
4 4 (0) 1 : 0.00000000099999999910 0.00000000099999999910 0.00000000099999999910 0.00000000099999999910 0.00000000099999999910 0.99999998900000008906 0.00000000099999999910 0.00000000099999999910 0.00000000099999999910 0.00000000099999999910 0.00000000099999999910 0.00000000099999999910
5 5 (0) 1 : 0.00000000099999999964 0.00000000099999999964 0.00000000099999999964 0.00000000099999999964 0.00000000099999999964 0.03995987044666041849 0.00000000099999999964 0.38729152335225386361 0.00000000099999999964 0.00000000099999999964 0.57274859720108572958 0.00000000099999999964
6 6 (0) 1 : 0.00000000099999999916 0.00000000099999999916 0.00000000099999999916 0.00000000099999999916 0.00000000099999999916 0.00000000099999999916 0.00000000099999999916 0.00000000099999999916 0.00000000099999999916 0.00000000099999999916 0.00000000099999999916 0.99999998900000008906
7 7 (0) 2 : 0.00000000099999999918 0.00000000099999999918 0.00000000099999999918 0.00000000099999999918 0.00000000099999999918 0.00000000099999999918 0.00000000099999999918 0.00000000099999999918 0.00000000099999999918 0.00000000099999999918 0.99999998899999986701 0.00000000099999999918
8 8 (0) 2 : 0.00000000099999999911 0.00000000099999999911 0.00000000099999999911 0.00000000099999999911 0.00000000099999999911 0.99999998900000008906 0.00000000099999999911 0.00000000099999999911 0.00000000099999999911 0.00000000099999999911 0.00000000099999999911 0.00000000099999999911
9 9 (0) 2 : 0.00000000099999999992 0.00000000099999999992 0.09860715526978466872 0.00000202400642086423 0.00000000099999999992 0.07962865559677392846 0.00000000099999999992 0.46261066957320851056 0.00000000099999999992 0.07212442421456571884 0.28702706533924621235 0.00000000099999999992
10 10 (0) 2 : 0.00000000099999999925 0.00000000099999999925 0.00000000099999999925 0.00000000099999999925 0.00000000099999999925 0.00000000099999999925 0.00000000099999999925 0.00000000099999999925 0.00000000099999999925 0.00000000099999999925 0.99999998899999986701 0.00000000099999999925
11 11 (0) 2 : 0.00000000099999999887 0.00000000099999999887 0.00000000099999999887 0.00000000099999999887 0.00000000099999999887 0.00000000099999999887 0.00000000099999999887 0.00000000099999999887 0.00000000099999999887 0.00000000099999999887 0.00000000099999999887 0.99999998899999997803
12 12 (0) 2 : 0.00000000099999999929 0.00000000099999999929 0.00000000099999999929 0.00000000099999999929 0.00000000099999999929 0.00000000099999999929 0.00000000099999999929 0.00000000099999999929 0.00000000099999999929 0.00000000099999999929 0.47729544319871031188 0.52270454680128952685
13 13 (0) 2 : 0.00000000099999999958 0.00000000099999999958 0.00000000099999999958 0.00000000099999999958 0.00000000099999999958 0.99999998900000008906 0.00000000099999999958 0.00000000099999999958 0.00000000099999999958 0.00000000099999999958 0.00000000099999999958 0.00000000099999999958
14 14 (0) 3 : 0.00000000099999999938 0.99999998900000020008 0.00000000099999999938 0.00000000099999999938 0.00000000099999999938 0.00000000099999999938 0.00000000099999999938 0.00000000099999999938 0.00000000099999999938 0.00000000099999999938 0.00000000099999999938 0.00000000099999999938
15 15 (0) 3 : 0.99999998900000031110 0.00000000099999999919 0.00000000099999999919 0.00000000099999999919 0.00000000099999999919 0.00000000099999999919 0.00000000099999999919 0.00000000099999999919 0.00000000099999999919 0.00000000099999999919 0.00000000099999999919 0.00000000099999999919
16 16 (0) 3 : 0.00000000099999999940 0.00000000099999999940 0.00000000099999999940 0.00000000099999999940 0.00000000099999999940 0.00000000099999999940 0.00000000099999999940 0.00000000099999999940 0.60387297550481655595 0.39612701449518356034 0.00000000099999999940 0.00000000099999999940
17 17 (0) 3 : 0.00000000099999999960 0.43171601272866094723 0.00000000099999999960 0.00000000099999999960 0.00000000099999999960 0.00000000099999999960 0.10662569978477079435 0.00000000099999999960 0.27986776164636517628 0.18179051784020311411 0.00000000099999999960 0.00000000099999999960
18 18 (0) 3 : 0.00000000099999999927 0.00000000099999999927 0.00000000099999999927 0.00000000099999999927 0.00000000099999999927 0.00000000099999999927 0.00000000099999999927 0.00000000099999999927 0.99999998899999997803 0.00000000099999999927 0.00000000099999999927 0.00000000099999999927
19 19 (0) 3 : 0.00000000099999999926 0.00000000099999999926 0.00000000099999999926 0.00000000099999999926 0.00000000099999999926 0.00000000099999999926 0.00000000099999999926 0.00000000099999999926 0.99999998899999997803 0.00000000099999999926 0.00000000099999999926 0.00000000099999999926
20 20 (0) 3 : 0.00000000099999999938 0.00000000099999999938 0.00000000099999999938 0.00000000099999999938 0.00000000099999999938 0.00000000099999999938 0.00000000099999999938 0.00000000099999999938 0.99999998899999997803 0.00000000099999999938 0.00000000099999999938 0.00000000099999999938
21 21 (0) 3 : 0.19305578991395405675 0.00000000099999999944 0.00000000099999999944 0.00000000099999999944 0.00000084044014613389 0.00000000099999999944 0.00000000099999999944 0.00000000099999999944 0.45165627490801052435 0.35528708673788944594 0.00000000099999999944 0.00000000099999999944
22 22 (0) 3 : 0.99999998900000020008 0.00000000099999999901 0.00000000099999999901 0.00000000099999999901 0.00000000099999999901 0.00000000099999999901 0.00000000099999999901 0.00000000099999999901 0.00000000099999999901 0.00000000099999999901 0.00000000099999999901 0.00000000099999999901
23 23 (0) 3 : 0.24021206631868555204 0.00000000099999999936 0.00000000099999999936 0.00000000099999999936 0.00000000099999999936 0.00000000099999999936 0.00000000099999999936 0.00000000099999999936 0.00000000099999999936 0.75978792368131442547 0.00000000099999999936 0.00000000099999999936
24 24 (0) 3 : 0.00000000099999999925 0.00000000099999999925 0.00000000099999999925 0.00000000099999999925 0.99999998900000020008 0.00000000099999999925 0.00000000099999999925 0.00000000099999999925 0.00000000099999999925 0.00000000099999999925 0.00000000099999999925 0.00000000099999999925
25 25 (0) 3 : 0.00000000099999999932 0.00000000099999999932 0.00000000099999999932 0.99999998900000020008 0.00000000099999999932 0.00000000099999999932 0.00000000099999999932 0.00000000099999999932 0.00000000099999999932 0.00000000099999999932 0.00000000099999999932 0.00000000099999999932
26 26 (0) 4 : 0.00000000099999999957 0.00000000099999999957 0.00000000099999999957 0.00000000099999999957 0.00000000099999999957 0.00000000099999999957 0.00000000099999999957 0.99999998900000008906 0.00000000099999999957 0.00000000099999999957 0.00000000099999999957 0.00000000099999999957
27 27 (0) 4 : 0.06397149586163264345 0.19377430939263473597 0.00000000099999999950 0.00000000099999999950 0.29397670406887987937 0.00000000099999999950 0.10251544483400003294 0.00000000099999999950 0.16722693771859717393 0.17853510212425566239 0.00000000099999999950 0.00000000099999999950
28 28 (0) 4 : 0.00000000099999999929 0.00000000099999999929 0.00000000099999999929 0.00000000099999999929 0.99999998900000020008 0.00000000099999999929 0.00000000099999999929 0.00000000099999999929 0.00000000099999999929 0.00000000099999999929 0.00000000099999999929 0.00000000099999999929
29 29 (0) 4 : 0.00000000099999999953 0.00000000099999999953 0.00000000099999999953 0.00000000099999999953 0.00000000099999999953 0.00000000099999999953 0.00000000099999999953 0.41726483523990098856 0.00000000099999999953 0.00000000099999999953 0.58273515476009885017 0.00000000099999999953
30 30 (0) 4 : 0.00000000099999999932 0.99999998900000020008 0.00000000099999999932 0.00000000099999999932 0.00000000099999999932 0.00000000099999999932 0.00000000099999999932 0.00000000099999999932 0.00000000099999999932 0.00000000099999999932 0.00000000099999999932 0.00000000099999999932
31 31 (0) 4 : 0.08642946397330479591 0.00000000857003926489 0.00000000099999999954 0.00000000099999999954 0.25044349859860531859 0.00000000099999999954 0.04320326978032407866 0.00000000099999999954 0.40850317568947969171 0.21142057738824673874 0.00000000099999999954 0.00000000099999999954
32 32 (0) 4 : 0.03633964348336112676 0.23962042415358827951 0.12475411022926080618 0.00000000099999999998 0.00000133647859235332 0.00000000099999999998 0.00022637167826984928 0.21365504137893806536 0.09392050874221276324 0.11805290717205828288 0.14885631516467787150 0.02457333951904057748
33 33 (0) 4 : 0.00000000099999999934 0.99999998900000020008 0.00000000099999999934 0.00000000099999999934 0.00000000099999999934 0.00000000099999999934 0.00000000099999999934 0.00000000099999999934 0.00000000099999999934 0.00000000099999999934 0.00000000099999999934 0.00000000099999999934
34 34 (0) 4 : 0.00000000099999999941 0.80404644799076596673 0.00000000099999999941 0.00000000099999999941 0.00000000099999999941 0.00000000099999999941 0.19593602435300594422 0.00000000099999999941 0.00001751865622829986 0.00000000099999999941 0.00000000099999999941 0.00000000099999999941
35 35 (0) 4 : 0.00000000099999999896 0.00000000099999999896 0.00000000099999999896 0.00000000099999999896 0.00000000099999999896 0.00000000099999999896 0.99999998899999986701 0.00000000099999999896 0.00000000099999999896 0.00000000099999999896 0.00000000099999999896 0.00000000099999999896
36 36 (0) 4 : 0.00000000099999999923 0.00000000099999999923 0.00000000099999999923 0.00000000099999999923 0.00000000099999999923 0.00000000099999999923 0.00000000099999999923 0.00000000099999999923 0.00000000099999999923 0.99999998899999997803 0.00000000099999999923 0.00000000099999999923
37 37 (0) 4 : 0.00000000099999999921 0.00000000099999999921 0.00000000099999999921 0.00000000099999999921 0.00000000099999999921 0.00000000099999999921 0.00000000099999999921 0.00000000099999999921 0.00000000099999999921 0.99999998900000008906 0.00000000099999999921 0.00000000099999999921
38 38 (0) 4 : 0.00000000099999999919 0.00000000099999999919 0.00000000099999999919 0.00000000099999999919 0.00000000099999999919 0.00000000099999999919 0.00000000099999999919 0.00000000099999999919 0.00000000099999999919 0.99999998900000008906 0.00000000099999999919 0.00000000099999999919
39 39 (0) 4 : 0.00000000099999999930 0.00000000099999999930 0.00000000099999999930 0.00000000099999999930 0.00000000099999999930 0.00000000099999999930 0.00000000099999999930 0.00000000099999999930 0.00000000099999999930 0.00000000099999999930 0.99999998899999986701 0.00000000099999999930
40 40 (0) 5 : 0.00000000099999999915 0.00000000099999999915 0.00000000099999999915 0.00000000099999999915 0.00000000099999999915 0.00000000099999999915 0.99999998900000008906 0.00000000099999999915 0.00000000099999999915 0.00000000099999999915 0.00000000099999999915 0.00000000099999999915
41 41 (0) 5 : 0.00000000099999999931 0.00000000099999999931 0.00000000099999999931 0.00000000099999999931 0.99999998900000008906 0.00000000099999999931 0.00000000099999999931 0.00000000099999999931 0.00000000099999999931 0.00000000099999999931 0.00000000099999999931 0.00000000099999999931
42 42 (0) 5 : 0.00000000099999999936 0.00000000099999999936 0.00000000099999999936 0.00000000099999999936 0.00000000099999999936 0.00000000099999999936 0.00000000099999999936 0.00000000099999999936 0.99999998900000008906 0.00000000099999999936 0.00000000099999999936 0.00000000099999999936
43 43 (0) 5 : 0.00000000099999999938 0.00000000099999999938 0.00000000099999999938 0.00000000099999999938 0.00000000099999999938 0.00000000099999999938 0.00000000099999999938 0.49100125110379144733 0.00000000099999999938 0.00000000099999999938 0.50899873889620850242 0.00000000099999999938
44 44 (0) 5 : 0.00000000099999999922 0.00000000099999999922 0.00000000099999999922 0.00000000099999999922 0.99999998900000008906 0.00000000099999999922 0.00000000099999999922 0.00000000099999999922 0.00000000099999999922 0.00000000099999999922 0.00000000099999999922 0.00000000099999999922
45 45 (0) 5 : 0.00000000099999999952 0.00000000099999999952 0.00000000099999999952 0.00000000099999999952 0.00000000099999999952 0.00000000099999999952 0.22741770831619617654 0.00000000099999999952 0.00000000099999999952 0.77258228168380371770 0.00000000099999999952 0.00000000099999999952
46 46 (0) 5 : 0.00000000099999999933 0.00000000099999999933 0.00000000099999999933 0.00000000099999999933 0.99999998900000008906 0.00000000099999999933 0.00000000099999999933 0.00000000099999999933 0.00000000099999999933 0.00000000099999999933 0.00000000099999999933 0.00000000099999999933
47 47 (0) 5 : 0.99999998900000020008 0.00000000099999999907 0.00000000099999999907 0.00000000099999999907 0.00000000099999999907 0.00000000099999999907 0.00000000099999999907 0.00000000099999999907 0.00000000099999999907 0.00000000099999999907 0.00000000099999999907 0.00000000099999999907
48 48 (0) 5 : 0.00000000099999999932 0.99999998900000031110 0.00000000099999999932 0.00000000099999999932 0.00000000099999999932 0.00000000099999999932 0.00000000099999999932 0.00000000099999999932 0.00000000099999999932 0.00000000099999999932 0.00000000099999999932 0.00000000099999999932
49 49 (0) 5 : 0.00000000099999999935 0.00000000099999999935 0.00000000099999999935 0.00000000099999999935 0.00000000099999999935 0.00000000099999999935 0.00000000099999999935 0.99999998899999997803 0.00000000099999999935 0.00000000099999999935 0.00000000099999999935 0.00000000099999999935
50 50 (0) 5 : 0.00000000099999999950 0.00000000099999999950 0.00000000099999999950 0.00000000099999999950 0.35301189761726503580 0.00000000099999999950 0.00002365026784899681 0.00000000099999999950 0.64696444311488598977 0.00000000099999999950 0.00000000099999999950 0.00000000099999999950
51 51 (0) 5 : 0.00000000099999999933 0.00000000099999999933 0.00000000099999999933 0.00000000099999999933 0.00000000099999999933 0.00000000099999999933 0.00000000099999999933 0.99999998899999997803 0.00000000099999999933 0.00000000099999999933 0.00000000099999999933 0.00000000099999999933
52 52 (0) 5 : 0.00000000099999999930 0.00000000099999999930 0.00000000099999999930 0.00000000099999999930 0.00000000099999999930 0.00000000099999999930 0.00000000099999999930 0.99999998899999997803 0.00000000099999999930 0.00000000099999999930 0.00000000099999999930 0.00000000099999999930
53 53 (0) 6 : 0.00000000099999999923 0.00000000099999999923 0.00000000099999999923 0.00000000099999999923 0.00000000099999999923 0.00000000099999999923 0.00000000099999999923 0.99999998900000008906 0.00000000099999999923 0.00000000099999999923 0.00000000099999999923 0.00000000099999999923
54 54 (0) 6 : 0.00000000099999999924 0.00000000099999999924 0.00000000099999999924 0.00000000099999999924 0.00000000099999999924 0.00000000099999999924 0.00000000099999999924 0.00000000099999999924 0.00000000099999999924 0.99999998900000008906 0.00000000099999999924 0.00000000099999999924
55 55 (0) 6 : 0.00000000099999999938 0.00000000099999999938 0.99999998900000020008 0.00000000099999999938 0.00000000099999999938 0.00000000099999999938 0.00000000099999999938 0.00000000099999999938 0.00000000099999999938 0.00000000099999999938 0.00000000099999999938 0.00000000099999999938
56 56 (0) 6 : 0.00000000099999999962 0.00000000099999999962 0.00000000099999999962 0.99999998900000020008 0.00000000099999999962 0.00000000099999999962 0.00000000099999999962 0.00000000099999999962 0.00000000099999999962 0.00000000099999999962 0.00000000099999999962 0.00000000099999999962
57 57 (0) 6 : 0.00000000099999999938 0.00000000099999999938 0.00000000099999999938 0.99999998900000008906 0.00000000099999999938 0.00000000099999999938 0.00000000099999999938 0.00000000099999999938 0.00000000099999999938 0.00000000099999999938 0.00000000099999999938 0.00000000099999999938
58 58 (0) 6 : 0.00000000099999999951 0.00000000099999999951 0.00000000099999999951 0.99999998900000020008 0.00000000099999999951 0.00000000099999999951 0.00000000099999999951 0.00000000099999999951 0.00000000099999999951 0.00000000099999999951 0.00000000099999999951 0.00000000099999999951
59 59 (0) 6 : 0.00000000099999999977 0.99999998900000020008 0.00000000099999999977 0.00000000099999999977 0.00000000099999999977 0.00000000099999999977 0.00000000099999999977 0.00000000099999999977 0.00000000099999999977 0.00000000099999999977 0.00000000099999999977 0.00000000099999999977
60 60 (0) 6 : 0.21377117411106127953 0.78622881588893900329 0.00000000099999999947 0.00000000099999999947 0.00000000099999999947 0.00000000099999999947 0.00000000099999999947 0.00000000099999999947 0.00000000099999999947 0.00000000099999999947 0.00000000099999999947 0.00000000099999999947
61 61 (0) 6 : 0.00000000099999999941 0.00000000099999999941 0.00000000099999999941 0.00000000099999999941 0.99999998900000020008 0.00000000099999999941 0.00000000099999999941 0.00000000099999999941 0.00000000099999999941 0.00000000099999999941 0.00000000099999999941 0.00000000099999999941
62 62 (0) 6 : 0.00000000099999999931 0.00000000099999999931 0.00000000099999999931 0.00000000099999999931 0.00000000099999999931 0.00000000099999999931 0.00000000099999999931 0.00000000099999999931 0.99999998899999997803 0.00000000099999999931 0.00000000099999999931 0.00000000099999999931
63 63 (0) 6 : 0.00000000099999999950 0.00000000099999999950 0.99999998900000008906 0.00000000099999999950 0.00000000099999999950 0.00000000099999999950 0.00000000099999999950 0.00000000099999999950 0.00000000099999999950 0.00000000099999999950 0.00000000099999999950 0.00000000099999999950
64 64 (0) 7 : 0.00000000099999999945 0.00000000099999999945 0.00000000099999999945 0.00000000099999999945 0.00000000099999999945 0.00000000099999999945 0.00000000099999999945 0.42651054978428970532 0.00000000099999999945 0.00000000099999999945 0.57348944021571024443 0.00000000099999999945
65 65 (0) 7 : 0.00000000099999999926 0.00000000099999999926 0.00000000099999999926 0.00000000099999999926 0.00000000099999999926 0.00000000099999999926 0.00000000099999999926 0.99999998900000008906 0.00000000099999999926 0.00000000099999999926 0.00000000099999999926 0.00000000099999999926
66 66 (0) 7 : 0.00000000099999999960 0.00000000099999999960 0.44494509763106843137 0.00000000099999999960 0.00000000099999999960 0.00000000099999999960 0.00000000099999999960 0.55505489236893157390 0.00000000099999999960 0.00000000099999999960 0.00000000099999999960 0.00000000099999999960
67 67 (0) 7 : 0.00000000099999999976 0.00000000099999999976 0.00000000099999999976 0.00000000099999999976 0.00000000099999999976 0.13692591474905724258 0.00000000099999999976 0.86307407525094281819 0.00000000099999999976 0.00000000099999999976 0.00000000099999999976 0.00000000099999999976
68 68 (0) 8 : 0.08863614757917465115 0.28284198851311437295 0.00000000099999999995 0.08014348265655117654 0.15106447707475142983 0.00000000099999999995 0.06230550814717837615 0.00000000099999999995 0.33500839002922999654 0.00000000099999999995 0.00000000099999999995 0.00000000099999999995
69 69 (0) 8 : 0.02544131315492418818 0.31415517809483084477 0.05623647273982827766 0.12393497967103475621 0.14119798231825464452 0.00000000099999999998 0.00000000099999999998 0.00000000099999999998 0.23272543203839821113 0.10630863698272906281 0.00000000099999999998 0.00000000099999999998
70 70 (0) 8 : 0.00000000099999999929 0.99999998900000031110 0.00000000099999999929 0.00000000099999999929 0.00000000099999999929 0.00000000099999999929 0.00000000099999999929 0.00000000099999999929 0.00000000099999999929 0.00000000099999999929 0.00000000099999999929 0.00000000099999999929
71 71 (0) 8 : 0.00000000099999999990 0.39229609420387440144 0.00000000099999999990 0.00000000099999999990 0.60770389579612571485 0.00000000099999999990 0.00000000099999999990 0.00000000099999999990 0.00000000099999999990 0.00000000099999999990 0.00000000099999999990 0.00000000099999999990
72 72 (0) 8 : 0.00000000099999999981 0.91865222109883137858 0.00000000099999999981 0.08134769840790220807 0.00000000099999999981 0.00000000099999999981 0.00000007149326657908 0.00000000099999999981 0.00000000099999999981 0.00000000099999999981 0.00000000099999999981 0.00000000099999999981
73 73 (0) 8 : 0.00000000099999999987 0.00000000099999999987 0.00000000099999999987 0.99999998900000008906 0.00000000099999999987 0.00000000099999999987 0.00000000099999999987 0.00000000099999999987 0.00000000099999999987 0.00000000099999999987 0.00000000099999999987 0.00000000099999999987
74 74 (0) 9 : 0.00000000099999999969 0.00000000099999999969 0.99999998900000008906 0.00000000099999999969 0.00000000099999999969 0.00000000099999999969 0.00000000099999999969 0.00000000099999999969 0.00000000099999999969 0.00000000099999999969 0.00000000099999999969 0.00000000099999999969
75 75 (0) 9 : 0.00000000099999999943 0.00000000099999999943 0.99999998900000008906 0.00000000099999999943 0.00000000099999999943 0.00000000099999999943 0.00000000099999999943 0.00000000099999999943 0.00000000099999999943 0.00000000099999999943 0.00000000099999999943 0.00000000099999999943
76 76 (0) 10 : 0.00000000099999999929 0.00000000099999999929 0.00000000099999999929 0.00000000099999999929 0.00000000099999999929 0.00000000099999999929 0.00000000099999999929 0.99999998900000008906 0.00000000099999999929 0.00000000099999999929 0.00000000099999999929 0.00000000099999999929
77 77 (0) 11 : 0.00000000099999999942 0.00000000099999999942 0.00000000099999999942 0.00000000099999999942 0.00000000099999999942 0.00000000099999999942 0.00000000099999999942 0.99999998900000008906 0.00000000099999999942 0.00000000099999999942 0.00000000099999999942 0.00000000099999999942
78 78 (0) 12 : 0.00000000099999999929 0.00000000099999999929 0.00000000099999999929 0.00000000099999999929 0.00000000099999999929 0.00000000099999999929 0.00000000099999999929 0.00000000099999999929 0.00000000099999999929 0.00000000099999999929 0.99999998899999986701 0.00000000099999999929
79 79 (0) 13 : 0.14195660894385281336 0.00000753589202589597 0.00000000099999999994 0.58938639289435446056 0.00000000609063466188 0.00000000099999999994 0.00000000099999999994 0.00000000099999999994 0.26864944917913219369 0.00000000099999999994 0.00000000099999999994 0.00000000099999999994
80 80 (0) 13 : 0.00000000099999999900 0.00000000099999999900 0.00000000099999999900 0.00000000099999999900 0.00000000099999999900 0.00000000099999999900 0.99999998899999997803 0.00000000099999999900 0.00000000099999999900 0.00000000099999999900 0.00000000099999999900 0.00000000099999999900
