1:	0.2162 0.2431 0.0000 0.4531 0.0000 0.0000 0.0000 0.0000 0.0000 0.0296 0.0000 0.0000 0.0000 0.0027 0.0239 0.0314 	6
2:	0.3852 0.0194 0.0000 0.4872 0.0000 0.0000 0.0000 0.0000 0.0000 0.0453 0.0000 0.0104 0.0000 0.0211 0.0223 0.0091 	7
3:	0.0000 0.0000 0.0000 0.0000 0.0833 0.0580 0.1989 0.0969 0.0317 0.0000 0.2360 0.1194 0.0924 0.0000 0.0833 0.0000 	12
4:	0.1578 0.0064 0.0000 0.0016 0.0000 0.2198 0.1529 0.2191 0.0030 0.0091 0.0025 0.1481 0.0041 0.0755 0.0000 0.0000 	14
5:	0.0769 0.0769 0.0000 0.0000 0.0769 0.0000 0.0971 0.0769 0.1538 0.0000 0.1780 0.0325 0.0769 0.0000 0.0000 0.1538 	13
6:	0.0370 0.0083 0.2070 0.0000 0.0070 0.1173 0.0493 0.0000 0.1033 0.1132 0.0557 0.1046 0.0076 0.0989 0.0909 0.0000 	11
7:	0.2500 0.0000 0.0000 0.0000 0.0000 0.0000 0.0000 0.0000 0.0000 0.7500 0.0000 0.0000 0.0000 0.0000 0.0000 0.0000 	4
8:	0.0000 0.0000 0.2215 0.0000 0.0070 0.0538 0.0935 0.0921 0.1884 0.0000 0.0104 0.0000 0.3333 0.0000 0.0000 0.0000 	6
9:	0.3451 0.0820 0.1447 0.0099 0.0000 0.0000 0.0000 0.0000 0.0000 0.4007 0.0000 0.0000 0.0000 0.0175 0.0000 0.0000 	2
10:	0.0000 0.0000 0.0000 0.0000 0.0000 0.0000 0.0000 0.0000 0.0000 1.0000 0.0000 0.0000 0.0000 0.0000 0.0000 0.0000 	1
11:	0.0000 1.0000 0.0000 0.0000 0.0000 0.0000 0.0000 0.0000 0.0000 0.0000 0.0000 0.0000 0.0000 0.0000 0.0000 0.0000 	1
12:	1.0000 0.0000 0.0000 0.0000 0.0000 0.0000 0.0000 0.0000 0.0000 0.0000 0.0000 0.0000 0.0000 0.0000 0.0000 0.0000 	1
13:	0.0000 0.0000 0.2371 0.0000 0.0708 0.0000 0.0000 0.0000 0.0000 0.0000 0.0111 0.5909 0.0000 0.0000 0.0901 0.0000 	2
