-------------------------------------------------------------------------------
 L       Percentage of nodes in the largest component
 D       Percentage of nodes in components of size at most 3 [-div option]
 R       Percentage of nodes not in L or D: 100 - L -D
 S       Percentage of nodes that are singletons
 E       Fraction of edges retained (input graph has 2450)
 cce     Expected size of component, nodewise [ sum(sz^2) / sum^2(sz) ]
 EW      Edge weight traits (mean, median and IQR)
 ND      Node degree traits [mean, median and IQR]
 CCF     Clustering coefficient (scale 1-100)
 eff     Induced component efficiency relative to start graph (scale 1-1000)
Total number of nodes: 50
----------------------------------------------------------------------------------------------
  L   D   R   S     E     cce  EWmean   EWmed   EWiqr  NDmean   NDmed  NDiqr CCF  eff  Cutoff 
----------------------------------------------------------------------------------------------
100   0   0   0 0.598      50    0.56    0.55    0.06    29.3    30.5   14.5   -    -     0.50
100   0   0   0 0.531      50    0.57    0.56    0.06    26.0    27.5   15.5   -    -     0.51
 98   2   0   2 0.473      48    0.57    0.56    0.06    23.2    23.5   14.0   -    -     0.52
 98   2   0   2 0.414      48    0.58    0.57    0.05    20.3    20.5   12.0   -    -     0.53
 96   4   0   4 0.353      46    0.59    0.58    0.05    17.3    16.5   11.5   -    -     0.54
 96   4   0   4 0.299      46    0.59    0.59    0.05    14.6    13.5   12.0   -    -     0.55
 96   4   0   4 0.256      46    0.60    0.59    0.04    12.5    12.5   11.0   -    -     0.56
 94   6   0   6 0.211      44    0.61    0.60    0.04    10.4     9.5    9.5   -    -     0.57
 90  10   0  10 0.172      41    0.62    0.61    0.04     8.4     7.5    9.0   -    -     0.58
 88  12   0  12 0.137      39    0.63    0.62    0.04     6.7     6.5    8.0   -    -     0.59
 84  16   0  16 0.114      35    0.63    0.62    0.04     5.6     5.5    7.5   -    -     0.60
 84  16   0  16 0.083      35    0.64    0.63    0.04     4.1     3.5    6.0   -    -     0.61
 78  22   0  22 0.062      31    0.65    0.65    0.03     3.0     2.5    4.5   -    -     0.62
 70  30   0  30 0.046      25    0.66    0.66    0.02     2.2     1.5    4.0   -    -     0.63
 54  38   8  38 0.038      15    0.67    0.66    0.02     1.8     1.5    3.5   -    -     0.64
 32  54  14  44 0.030       7    0.67    0.66    0.02     1.5     1.5    3.5   -    -     0.65
 24  62  14  58 0.020       5    0.68    0.67    0.02     1.0     0.5    2.0   -    -     0.66
 10  82   8  70 0.010       2    0.69    0.69    0.03     0.5     0.5    1.5   -    -     0.67
  8  92   0  74 0.007       1    0.70    0.70    0.03     0.4     0.5    1.0   -    -     0.68
  8  92   0  80 0.005       1    0.71    0.71    0.02     0.2     0.5    0.5   -    -     0.69
  0 100   0  84 0.003       1    0.72    0.72    0.01     0.2     0.5    0.5   -    -     0.70
  0 100   0  88 0.002       1    0.72    0.72    0.01     0.1     0.5    0.5   -    -     0.71
  0 100   0  96 0.001       1    0.73    0.73    0.00     0.0     0.5    0.5   -    -     0.72
  0 100   0  96 0.001       1    0.73    0.73    0.00     0.0     0.5    0.5   -    -     0.73
  0 100   0 100 0.000       1    0.00    0.00    0.00     0.0     0.5    0.5   -    -     0.74
  0 100   0 100 0.000       1    0.00    0.00    0.00     0.0     0.5    0.5   -    -     0.75
  0 100   0 100 0.000       1    0.00    0.00    0.00     0.0     0.5    0.5   -    -     0.76
  0 100   0 100 0.000       1    0.00    0.00    0.00     0.0     0.5    0.5   -    -     0.77
  0 100   0 100 0.000       1    0.00    0.00    0.00     0.0     0.5    0.5   -    -     0.78
  0 100   0 100 0.000       1    0.00    0.00    0.00     0.0     0.5    0.5   -    -     0.79
  0 100   0 100 0.000       1    0.00    0.00    0.00     0.0     0.5    0.5   -    -     0.80
  0 100   0 100 0.000       1    0.00    0.00    0.00     0.0     0.5    0.5   -    -     0.81
  0 100   0 100 0.000       1    0.00    0.00    0.00     0.0     0.5    0.5   -    -     0.82
  0 100   0 100 0.000       1    0.00    0.00    0.00     0.0     0.5    0.5   -    -     0.83
  0 100   0 100 0.000       1    0.00    0.00    0.00     0.0     0.5    0.5   -    -     0.84
  0 100   0 100 0.000       1    0.00    0.00    0.00     0.0     0.5    0.5   -    -     0.85
  0 100   0 100 0.000       1    0.00    0.00    0.00     0.0     0.5    0.5   -    -     0.86
  0 100   0 100 0.000       1    0.00    0.00    0.00     0.0     0.5    0.5   -    -     0.87
  0 100   0 100 0.000       1    0.00    0.00    0.00     0.0     0.5    0.5   -    -     0.88
  0 100   0 100 0.000       1    0.00    0.00    0.00     0.0     0.5    0.5   -    -     0.89
  0 100   0 100 0.000       1    0.00    0.00    0.00     0.0     0.5    0.5   -    -     0.90
  0 100   0 100 0.000       1    0.00    0.00    0.00     0.0     0.5    0.5   -    -     0.91
  0 100   0 100 0.000       1    0.00    0.00    0.00     0.0     0.5    0.5   -    -     0.92
  0 100   0 100 0.000       1    0.00    0.00    0.00     0.0     0.5    0.5   -    -     0.93
  0 100   0 100 0.000       1    0.00    0.00    0.00     0.0     0.5    0.5   -    -     0.94
  0 100   0 100 0.000       1    0.00    0.00    0.00     0.0     0.5    0.5   -    -     0.95
  0 100   0 100 0.000       1    0.00    0.00    0.00     0.0     0.5    0.5   -    -     0.96
  0 100   0 100 0.000       1    0.00    0.00    0.00     0.0     0.5    0.5   -    -     0.97
  0 100   0 100 0.000       1    0.00    0.00    0.00     0.0     0.5    0.5   -    -     0.98
  0 100   0 100 0.000       1    0.00    0.00    0.00     0.0     0.5    0.5   -    -     0.99
---------------------------------------------------------------------------------------------
