-------------------------------------------------------------------------------
 L       Percentage of nodes in the largest component
 D       Percentage of nodes in components of size at most 3 [-div option]
 R       Percentage of nodes not in L or D: 100 - L -D
 S       Percentage of nodes that are singletons
 E       Fraction of edges retained (input graph has 2450)
 cce     Expected size of component, nodewise [ sum(sz^2) / sum^2(sz) ]
 EW      Edge weight traits (mean, median and IQR)
 ND      Node degree traits [mean, median and IQR]
 CCF     Clustering coefficient (scale 1-100)
 eff     Induced component efficiency relative to start graph (scale 1-1000)
Total number of nodes: 50
----------------------------------------------------------------------------------------------
  L   D   R   S     E     cce  EWmean   EWmed   EWiqr  NDmean   NDmed  NDiqr CCF  eff  Cutoff 
----------------------------------------------------------------------------------------------
 98   2   0   2 0.404      48    0.56    0.55    0.06    19.8    23.5   12.5   -    -     0.50
 96   4   0   4 0.360      46    0.56    0.55    0.06    17.6    21.5   14.5   -    -     0.51
 96   4   0   4 0.318      46    0.57    0.56    0.05    15.6    18.5   16.0   -    -     0.52
 96   4   0   4 0.277      46    0.58    0.57    0.05    13.6    16.5   14.5   -    -     0.53
 86  14   0   8 0.238      37    0.58    0.58    0.05    11.6    13.5   14.0   -    -     0.54
 86  14   0  10 0.196      37    0.59    0.58    0.04     9.6     9.5   13.0   -    -     0.55
 76  24   0  14 0.165      29    0.60    0.59    0.04     8.1     7.5   11.5   -    -     0.56
 74  26   0  18 0.138      28    0.61    0.60    0.03     6.8     5.5   10.5   -    -     0.57
 70  30   0  22 0.112      25    0.61    0.60    0.03     5.5     5.5    7.5   -    -     0.58
 70  30   0  26 0.084      25    0.62    0.61    0.04     4.1     3.5    6.5   -    -     0.59
 62  38   0  30 0.066      20    0.63    0.62    0.04     3.2     2.5    6.0   -    -     0.60
 42  50   8  34 0.045      10    0.64    0.64    0.05     2.2     1.5    4.0   -    -     0.61
 40  60   0  46 0.033       9    0.65    0.64    0.04     1.6     1.5    2.5   -    -     0.62
 38  62   0  50 0.024       8    0.66    0.67    0.03     1.2     0.5    2.5   -    -     0.63
 34  66   0  54 0.020       7    0.67    0.67    0.03     1.0     0.5    1.5   -    -     0.64
 28  72   0  64 0.015       5    0.68    0.67    0.02     0.7     0.5    1.5   -    -     0.65
 26  74   0  66 0.012       4    0.68    0.67    0.02     0.6     0.5    1.5   -    -     0.66
 10  82   8  68 0.009       2    0.69    0.68    0.02     0.4     0.5    1.5   -    -     0.67
  0 100   0  78 0.006       1    0.70    0.69    0.02     0.3     0.5    0.5   -    -     0.68
  0 100   0  82 0.004       1    0.71    0.70    0.02     0.2     0.5    0.5   -    -     0.69
  0 100   0  88 0.002       1    0.72    0.72    0.01     0.1     0.5    0.5   -    -     0.70
  0 100   0  92 0.002       1    0.72    0.72    0.01     0.1     0.5    0.5   -    -     0.71
  0 100   0  96 0.001       1    0.73    0.73    0.00     0.0     0.5    0.5   -    -     0.72
  0 100   0  96 0.001       1    0.73    0.73    0.00     0.0     0.5    0.5   -    -     0.73
  0 100   0 100 0.000       1    0.00    0.00    0.00     0.0     0.5    0.5   -    -     0.74
  0 100   0 100 0.000       1    0.00    0.00    0.00     0.0     0.5    0.5   -    -     0.75
  0 100   0 100 0.000       1    0.00    0.00    0.00     0.0     0.5    0.5   -    -     0.76
  0 100   0 100 0.000       1    0.00    0.00    0.00     0.0     0.5    0.5   -    -     0.77
  0 100   0 100 0.000       1    0.00    0.00    0.00     0.0     0.5    0.5   -    -     0.78
  0 100   0 100 0.000       1    0.00    0.00    0.00     0.0     0.5    0.5   -    -     0.79
  0 100   0 100 0.000       1    0.00    0.00    0.00     0.0     0.5    0.5   -    -     0.80
  0 100   0 100 0.000       1    0.00    0.00    0.00     0.0     0.5    0.5   -    -     0.81
  0 100   0 100 0.000       1    0.00    0.00    0.00     0.0     0.5    0.5   -    -     0.82
  0 100   0 100 0.000       1    0.00    0.00    0.00     0.0     0.5    0.5   -    -     0.83
  0 100   0 100 0.000       1    0.00    0.00    0.00     0.0     0.5    0.5   -    -     0.84
  0 100   0 100 0.000       1    0.00    0.00    0.00     0.0     0.5    0.5   -    -     0.85
  0 100   0 100 0.000       1    0.00    0.00    0.00     0.0     0.5    0.5   -    -     0.86
  0 100   0 100 0.000       1    0.00    0.00    0.00     0.0     0.5    0.5   -    -     0.87
  0 100   0 100 0.000       1    0.00    0.00    0.00     0.0     0.5    0.5   -    -     0.88
  0 100   0 100 0.000       1    0.00    0.00    0.00     0.0     0.5    0.5   -    -     0.89
  0 100   0 100 0.000       1    0.00    0.00    0.00     0.0     0.5    0.5   -    -     0.90
  0 100   0 100 0.000       1    0.00    0.00    0.00     0.0     0.5    0.5   -    -     0.91
  0 100   0 100 0.000       1    0.00    0.00    0.00     0.0     0.5    0.5   -    -     0.92
  0 100   0 100 0.000       1    0.00    0.00    0.00     0.0     0.5    0.5   -    -     0.93
  0 100   0 100 0.000       1    0.00    0.00    0.00     0.0     0.5    0.5   -    -     0.94
  0 100   0 100 0.000       1    0.00    0.00    0.00     0.0     0.5    0.5   -    -     0.95
  0 100   0 100 0.000       1    0.00    0.00    0.00     0.0     0.5    0.5   -    -     0.96
  0 100   0 100 0.000       1    0.00    0.00    0.00     0.0     0.5    0.5   -    -     0.97
  0 100   0 100 0.000       1    0.00    0.00    0.00     0.0     0.5    0.5   -    -     0.98
  0 100   0 100 0.000       1    0.00    0.00    0.00     0.0     0.5    0.5   -    -     0.99
---------------------------------------------------------------------------------------------
