-------------------------------------------------------------------------------
 L       Percentage of nodes in the largest component
 D       Percentage of nodes in components of size at most 3 [-div option]
 R       Percentage of nodes not in L or D: 100 - L -D
 S       Percentage of nodes that are singletons
 E       Fraction of edges retained (input graph has 2450)
 cce     Expected size of component, nodewise [ sum(sz^2) / sum^2(sz) ]
 EW      Edge weight traits (mean, median and IQR)
 ND      Node degree traits [mean, median and IQR]
 CCF     Clustering coefficient (scale 1-100)
 eff     Induced component efficiency relative to start graph (scale 1-1000)
Total number of nodes: 50
----------------------------------------------------------------------------------------------
  L   D   R   S     E     cce  EWmean   EWmed   EWiqr  NDmean   NDmed  NDiqr CCF  eff  Cutoff 
----------------------------------------------------------------------------------------------
100   0   0   0 0.773      50    0.58    0.56    0.08    37.9    40.5    9.5   -    -     0.50
100   0   0   0 0.722      50    0.59    0.57    0.08    35.4    36.5   10.5   -    -     0.51
100   0   0   0 0.673      50    0.59    0.58    0.08    33.0    34.5   11.0   -    -     0.52
100   0   0   0 0.602      50    0.60    0.58    0.07    29.5    29.5   10.5   -    -     0.53
100   0   0   0 0.552      50    0.60    0.59    0.07    27.0    27.5   11.5   -    -     0.54
100   0   0   0 0.483      50    0.61    0.60    0.07    23.7    23.5    9.0   -    -     0.55
100   0   0   0 0.413      50    0.62    0.61    0.06    20.2    20.5    8.0   -    -     0.56
100   0   0   0 0.360      50    0.63    0.62    0.06    17.6    19.5    5.5   -    -     0.57
100   0   0   0 0.323      50    0.64    0.62    0.06    15.8    17.5    6.5   -    -     0.58
100   0   0   0 0.284      50    0.64    0.63    0.06    13.9    15.5    7.5   -    -     0.59
100   0   0   0 0.247      50    0.65    0.64    0.05    12.1    12.5    7.5   -    -     0.60
100   0   0   0 0.210      50    0.66    0.65    0.06    10.3    10.5    8.0   -    -     0.61
100   0   0   0 0.176      50    0.67    0.66    0.06     8.6     9.5    8.0   -    -     0.62
100   0   0   0 0.146      50    0.68    0.67    0.06     7.2     6.5    8.5   -    -     0.63
 44  10  46   0 0.121      16    0.69    0.67    0.06     5.9     5.5    8.5   -    -     0.64
 40  22  38  14 0.101      13    0.70    0.69    0.06     5.0     4.5    8.5   -    -     0.65
 34  28  38  24 0.081      11    0.71    0.70    0.06     4.0     3.5    6.5   -    -     0.66
 30  42  28  30 0.063       9    0.72    0.71    0.05     3.1     1.5    6.5   -    -     0.67
 30  44  26  32 0.056       8    0.73    0.72    0.06     2.7     1.5    5.5   -    -     0.68
 26  50  24  38 0.047       7    0.73    0.72    0.05     2.3     1.5    4.5   -    -     0.69
 22  56  22  44 0.038       6    0.74    0.74    0.05     1.9     1.5    4.5   -    -     0.70
 20  60  20  56 0.032       5    0.75    0.75    0.04     1.6     0.5    3.5   -    -     0.71
 20  66  14  62 0.024       4    0.76    0.76    0.03     1.2     0.5    2.5   -    -     0.72
 20  70  10  66 0.020       3    0.77    0.76    0.02     1.0     0.5    2.0   -    -     0.73
 20  70  10  66 0.018       3    0.77    0.77    0.03     0.9     0.5    1.5   -    -     0.74
 18  74   8  70 0.015       3    0.77    0.77    0.02     0.7     0.5    1.5   -    -     0.75
 10  82   8  72 0.011       2    0.78    0.77    0.02     0.6     0.5    1.5   -    -     0.76
  0 100   0  76 0.007       1    0.79    0.79    0.02     0.3     0.5    0.5   -    -     0.77
  0 100   0  86 0.004       1    0.80    0.80    0.02     0.2     0.5    0.5   -    -     0.78
  0 100   0  88 0.002       1    0.81    0.80    0.02     0.1     0.5    0.5   -    -     0.79
  0 100   0  88 0.002       1    0.81    0.80    0.02     0.1     0.5    0.5   -    -     0.80
  0 100   0  96 0.001       1    0.83    0.83    0.00     0.0     0.5    0.5   -    -     0.81
  0 100   0  96 0.001       1    0.83    0.83    0.00     0.0     0.5    0.5   -    -     0.82
  0 100   0  96 0.001       1    0.83    0.83    0.00     0.0     0.5    0.5   -    -     0.83
  0 100   0 100 0.000       1    0.00    0.00    0.00     0.0     0.5    0.5   -    -     0.84
  0 100   0 100 0.000       1    0.00    0.00    0.00     0.0     0.5    0.5   -    -     0.85
  0 100   0 100 0.000       1    0.00    0.00    0.00     0.0     0.5    0.5   -    -     0.86
  0 100   0 100 0.000       1    0.00    0.00    0.00     0.0     0.5    0.5   -    -     0.87
  0 100   0 100 0.000       1    0.00    0.00    0.00     0.0     0.5    0.5   -    -     0.88
  0 100   0 100 0.000       1    0.00    0.00    0.00     0.0     0.5    0.5   -    -     0.89
  0 100   0 100 0.000       1    0.00    0.00    0.00     0.0     0.5    0.5   -    -     0.90
  0 100   0 100 0.000       1    0.00    0.00    0.00     0.0     0.5    0.5   -    -     0.91
  0 100   0 100 0.000       1    0.00    0.00    0.00     0.0     0.5    0.5   -    -     0.92
  0 100   0 100 0.000       1    0.00    0.00    0.00     0.0     0.5    0.5   -    -     0.93
  0 100   0 100 0.000       1    0.00    0.00    0.00     0.0     0.5    0.5   -    -     0.94
  0 100   0 100 0.000       1    0.00    0.00    0.00     0.0     0.5    0.5   -    -     0.95
  0 100   0 100 0.000       1    0.00    0.00    0.00     0.0     0.5    0.5   -    -     0.96
  0 100   0 100 0.000       1    0.00    0.00    0.00     0.0     0.5    0.5   -    -     0.97
  0 100   0 100 0.000       1    0.00    0.00    0.00     0.0     0.5    0.5   -    -     0.98
  0 100   0 100 0.000       1    0.00    0.00    0.00     0.0     0.5    0.5   -    -     0.99
---------------------------------------------------------------------------------------------
