-------------------------------------------------------------------------------
 L       Percentage of nodes in the largest component
 D       Percentage of nodes in components of size at most 3 [-div option]
 R       Percentage of nodes not in L or D: 100 - L -D
 S       Percentage of nodes that are singletons
 E       Fraction of edges retained (input graph has 2450)
 cce     Expected size of component, nodewise [ sum(sz^2) / sum^2(sz) ]
 EW      Edge weight traits (mean, median and IQR)
 ND      Node degree traits [mean, median and IQR]
 CCF     Clustering coefficient (scale 1-100)
 eff     Induced component efficiency relative to start graph (scale 1-1000)
Total number of nodes: 50
----------------------------------------------------------------------------------------------
  L   D   R   S     E     cce  EWmean   EWmed   EWiqr  NDmean   NDmed  NDiqr CCF  eff  Cutoff 
----------------------------------------------------------------------------------------------
100   0   0   0 0.931      50    0.64    0.64    0.15    45.6    48.5    6.5   -    -     0.50
100   0   0   0 0.863      50    0.65    0.65    0.12    42.3    41.5   11.0   -    -     0.51
100   0   0   0 0.816      50    0.66    0.66    0.09    40.0    37.5   15.5   -    -     0.52
100   0   0   0 0.767      50    0.67    0.66    0.09    37.6    34.5   15.0   -    -     0.53
100   0   0   0 0.714      50    0.67    0.67    0.09    35.0    31.5   11.0   -    -     0.54
100   0   0   0 0.678      50    0.68    0.67    0.09    33.2    29.5    6.0   -    -     0.55
100   0   0   0 0.660      50    0.69    0.67    0.08    32.4    28.5    4.0   -    -     0.56
100   0   0   0 0.651      50    0.69    0.67    0.08    31.9    28.5    3.5   -    -     0.57
100   0   0   0 0.645      50    0.69    0.67    0.08    31.6    28.5    1.5   -    -     0.58
100   0   0   0 0.641      50    0.69    0.67    0.08    31.4    28.5    0.5   -    -     0.59
100   0   0   0 0.626      50    0.69    0.67    0.08    30.7    28.5    0.5   -    -     0.60
100   0   0   0 0.615      50    0.69    0.67    0.07    30.1    28.5    0.5   -    -     0.61
100   0   0   0 0.562      50    0.70    0.68    0.07    27.6    28.5    2.0   -    -     0.62
100   0   0   0 0.506      50    0.71    0.69    0.06    24.8    26.5    9.0   -    -     0.63
100   0   0   0 0.476      50    0.71    0.69    0.06    23.3    25.5   10.5   -    -     0.64
100   0   0   0 0.456      50    0.72    0.70    0.06    22.4    23.5   10.5   -    -     0.65
100   0   0   0 0.402      50    0.72    0.70    0.06    19.7    19.5    9.5   -    -     0.66
100   0   0   0 0.335      50    0.74    0.72    0.06    16.4    17.5    6.0   -    -     0.67
 58   0  42   0 0.278      26    0.75    0.72    0.05    13.6    13.5    5.0   -    -     0.68
 58   0  42   0 0.241      26    0.76    0.73    0.05    11.8    12.5    4.5   -    -     0.69
 58   0  42   0 0.215      26    0.77    0.73    0.05    10.5    10.5    5.5   -    -     0.70
 58   0  42   0 0.184      26    0.78    0.74    0.06     9.0     8.5    6.5   -    -     0.71
 58   0  42   0 0.148      26    0.79    0.75    0.06     7.2     6.5    6.5   -    -     0.72
 58   4  38   4 0.121      24    0.81    0.76    0.07     5.9     6.5    6.0   -    -     0.73
 58   4  38   4 0.096      24    0.82    0.77    0.09     4.7     4.5    4.5   -    -     0.74
 58  12  30   8 0.078      21    0.84    0.79    0.23     3.8     3.5    5.0   -    -     0.75
 26  22  52  14 0.059       9    0.87    0.81    0.21     2.9     2.5    4.0   -    -     0.76
 18  42  40  18 0.052       5    0.89    0.83    0.21     2.6     2.5    3.5   -    -     0.77
 18  52  30  26 0.046       5    0.90    0.93    0.20     2.2     1.5    3.0   -    -     0.78
 16  64  20  42 0.039       3    0.92    1.00    0.18     1.9     1.5    3.0   -    -     0.79
 16  72  12  50 0.033       3    0.94    1.00    0.16     1.6     0.5    2.0   -    -     0.80
 16  72  12  58 0.031       3    0.95    1.00    0.13     1.5     0.5    1.5   -    -     0.81
 16  76   8  68 0.028       2    0.97    1.00    0.00     1.4     0.5    1.5   -    -     0.82
 16  76   8  76 0.025       2    0.98    1.00    0.00     1.2     0.5    0.5   -    -     0.83
 16  84   0  78 0.024       2    0.99    1.00    0.00     1.2     0.5    0.5   -    -     0.84
 16  84   0  80 0.024       2    0.99    1.00    0.00     1.2     0.5    0.5   -    -     0.85
 16  84   0  80 0.024       2    0.99    1.00    0.00     1.2     0.5    0.5   -    -     0.86
 16  84   0  84 0.023       2    1.00    1.00    0.00     1.1     0.5    0.5   -    -     0.87
 16  84   0  84 0.023       2    1.00    1.00    0.00     1.1     0.5    0.5   -    -     0.88
 16  84   0  84 0.023       2    1.00    1.00    0.00     1.1     0.5    0.5   -    -     0.89
 16  84   0  84 0.023       2    1.00    1.00    0.00     1.1     0.5    0.5   -    -     0.90
 16  84   0  84 0.023       2    1.00    1.00    0.00     1.1     0.5    0.5   -    -     0.91
 16  84   0  84 0.023       2    1.00    1.00    0.00     1.1     0.5    0.5   -    -     0.92
 16  84   0  84 0.023       2    1.00    1.00    0.00     1.1     0.5    0.5   -    -     0.93
 16  84   0  84 0.023       2    1.00    1.00    0.00     1.1     0.5    0.5   -    -     0.94
 16  84   0  84 0.023       2    1.00    1.00    0.00     1.1     0.5    0.5   -    -     0.95
 16  84   0  84 0.023       2    1.00    1.00    0.00     1.1     0.5    0.5   -    -     0.96
 16  84   0  84 0.023       2    1.00    1.00    0.00     1.1     0.5    0.5   -    -     0.97
 16  84   0  84 0.023       2    1.00    1.00    0.00     1.1     0.5    0.5   -    -     0.98
 16  84   0  84 0.023       2    1.00    1.00    0.00     1.1     0.5    0.5   -    -     0.99
---------------------------------------------------------------------------------------------
