-------------------------------------------------------------------------------
 L       Percentage of nodes in the largest component
 D       Percentage of nodes in components of size at most 3 [-div option]
 R       Percentage of nodes not in L or D: 100 - L -D
 S       Percentage of nodes that are singletons
 E       Fraction of edges retained (input graph has 2450)
 cce     Expected size of component, nodewise [ sum(sz^2) / sum^2(sz) ]
 EW      Edge weight traits (mean, median and IQR)
 ND      Node degree traits [mean, median and IQR]
 CCF     Clustering coefficient (scale 1-100)
 eff     Induced component efficiency relative to start graph (scale 1-1000)
Total number of nodes: 50
----------------------------------------------------------------------------------------------
  L   D   R   S     E     cce  EWmean   EWmed   EWiqr  NDmean   NDmed  NDiqr CCF  eff  Cutoff 
----------------------------------------------------------------------------------------------
100   0   0   0 0.958      50    0.65    0.65    0.11    46.9    48.5    3.5   -    -     0.50
100   0   0   0 0.945      50    0.66    0.65    0.11    46.3    47.5    3.5   -    -     0.51
100   0   0   0 0.929      50    0.66    0.66    0.11    45.5    46.5    2.5   -    -     0.52
100   0   0   0 0.905      50    0.66    0.66    0.10    44.4    46.5    3.0   -    -     0.53
100   0   0   0 0.882      50    0.67    0.66    0.10    43.2    45.5    5.0   -    -     0.54
100   0   0   0 0.838      50    0.67    0.67    0.10    41.0    44.5    6.0   -    -     0.55
100   0   0   0 0.812      50    0.68    0.67    0.09    39.8    43.5    5.5   -    -     0.56
100   0   0   0 0.784      50    0.68    0.67    0.09    38.4    41.5    5.0   -    -     0.57
100   0   0   0 0.753      50    0.68    0.67    0.09    36.9    40.5    5.5   -    -     0.58
100   0   0   0 0.724      50    0.69    0.68    0.09    35.5    39.5    4.5   -    -     0.59
100   0   0   0 0.693      50    0.69    0.68    0.08    34.0    38.5    4.0   -    -     0.60
100   0   0   0 0.667      50    0.70    0.68    0.08    32.7    38.5    4.5   -    -     0.61
100   0   0   0 0.620      50    0.70    0.69    0.08    30.4    36.5   10.5   -    -     0.62
100   0   0   0 0.577      50    0.71    0.69    0.07    28.3    34.5   14.0   -    -     0.63
100   0   0   0 0.540      50    0.71    0.70    0.07    26.5    33.5   16.0   -    -     0.64
100   0   0   0 0.494      50    0.72    0.70    0.07    24.2    30.5   16.5   -    -     0.65
 98   2   0   2 0.447      48    0.73    0.71    0.07    21.9    28.5   17.0   -    -     0.66
 98   2   0   2 0.402      48    0.73    0.72    0.07    19.7    23.5   17.0   -    -     0.67
 98   2   0   2 0.345      48    0.74    0.73    0.07    16.9    18.5   16.5   -    -     0.68
 98   2   0   2 0.301      48    0.75    0.73    0.07    14.8    15.5   16.5   -    -     0.69
 96   4   0   4 0.253      46    0.76    0.75    0.06    12.4    10.5   16.5   -    -     0.70
 94   6   0   6 0.220      44    0.77    0.75    0.06    10.8    10.5   16.0   -    -     0.71
 88  12   0   6 0.193      39    0.78    0.76    0.06     9.5     8.5   15.5   -    -     0.72
 74  18   8  12 0.167      28    0.79    0.77    0.05     8.2     5.5   13.5   -    -     0.73
 58  18  24  12 0.137      19    0.80    0.78    0.06     6.7     4.5   12.5   -    -     0.74
 54  30  16  20 0.123      16    0.80    0.78    0.06     6.0     3.5   12.0   -    -     0.75
 52  38  10  30 0.101      14    0.81    0.79    0.05     5.0     2.5   10.5   -    -     0.76
 50  40  10  36 0.085      13    0.82    0.80    0.05     4.2     1.5    7.5   -    -     0.77
 48  52   0  42 0.075      12    0.83    0.81    0.05     3.7     1.5    7.0   -    -     0.78
 46  54   0  44 0.060      11    0.84    0.83    0.04     2.9     1.5    5.5   -    -     0.79
 38  62   0  52 0.046       8    0.85    0.84    0.03     2.2     0.5    3.5   -    -     0.80
 34  66   0  62 0.039       6    0.86    0.84    0.06     1.9     0.5    3.5   -    -     0.81
 28  72   0  64 0.035       5    0.87    0.84    0.06     1.7     0.5    2.5   -    -     0.82
 24  76   0  76 0.029       4    0.88    0.84    0.06     1.4     0.5    0.5   -    -     0.83
 12  88   0  82 0.014       2    0.92    0.90    0.10     0.7     0.5    0.5   -    -     0.84
 12  88   0  82 0.011       2    0.94    0.90    0.10     0.6     0.5    0.5   -    -     0.85
 12  88   0  82 0.011       2    0.94    0.90    0.10     0.6     0.5    0.5   -    -     0.86
 12  88   0  82 0.011       2    0.94    0.90    0.10     0.5     0.5    0.5   -    -     0.87
 12  88   0  82 0.011       2    0.94    0.90    0.10     0.5     0.5    0.5   -    -     0.88
 12  88   0  82 0.011       2    0.94    0.90    0.10     0.5     0.5    0.5   -    -     0.89
  0 100   0  84 0.006       1    0.99    1.00    0.00     0.3     0.5    0.5   -    -     0.90
  0 100   0  88 0.005       1    1.00    1.00    0.00     0.2     0.5    0.5   -    -     0.91
  0 100   0  88 0.005       1    1.00    1.00    0.00     0.2     0.5    0.5   -    -     0.92
  0 100   0  88 0.005       1    1.00    1.00    0.00     0.2     0.5    0.5   -    -     0.93
  0 100   0  88 0.005       1    1.00    1.00    0.00     0.2     0.5    0.5   -    -     0.94
  0 100   0  88 0.005       1    1.00    1.00    0.00     0.2     0.5    0.5   -    -     0.95
  0 100   0  88 0.005       1    1.00    1.00    0.00     0.2     0.5    0.5   -    -     0.96
  0 100   0  88 0.005       1    1.00    1.00    0.00     0.2     0.5    0.5   -    -     0.97
  0 100   0  88 0.005       1    1.00    1.00    0.00     0.2     0.5    0.5   -    -     0.98
  0 100   0  88 0.005       1    1.00    1.00    0.00     0.2     0.5    0.5   -    -     0.99
---------------------------------------------------------------------------------------------
