-------------------------------------------------------------------------------
 L       Percentage of nodes in the largest component
 D       Percentage of nodes in components of size at most 3 [-div option]
 R       Percentage of nodes not in L or D: 100 - L -D
 S       Percentage of nodes that are singletons
 E       Fraction of edges retained (input graph has 2450)
 cce     Expected size of component, nodewise [ sum(sz^2) / sum^2(sz) ]
 EW      Edge weight traits (mean, median and IQR)
 ND      Node degree traits [mean, median and IQR]
 CCF     Clustering coefficient (scale 1-100)
 eff     Induced component efficiency relative to start graph (scale 1-1000)
Total number of nodes: 50
----------------------------------------------------------------------------------------------
  L   D   R   S     E     cce  EWmean   EWmed   EWiqr  NDmean   NDmed  NDiqr CCF  eff  Cutoff 
----------------------------------------------------------------------------------------------
100   0   0   0 0.584      50    0.55    0.54    0.05    28.6    29.5   16.0   -    -     0.50
100   0   0   0 0.517      50    0.56    0.55    0.05    25.3    25.5   16.5   -    -     0.51
100   0   0   0 0.454      50    0.56    0.56    0.05    22.2    22.5   14.5   -    -     0.52
100   0   0   0 0.378      50    0.57    0.56    0.04    18.5    18.5   14.0   -    -     0.53
100   0   0   0 0.320      50    0.58    0.57    0.04    15.7    15.5   13.0   -    -     0.54
100   0   0   0 0.264      50    0.58    0.58    0.04    12.9    12.5   13.5   -    -     0.55
 96   4   0   0 0.202      46    0.59    0.59    0.04     9.9     8.5   12.0   -    -     0.56
 92   8   0   4 0.154      42    0.60    0.60    0.03     7.6     7.5   10.0   -    -     0.57
 88  12   0   8 0.119      39    0.61    0.60    0.03     5.8     4.5    6.0   -    -     0.58
 84  16   0  12 0.088      35    0.62    0.61    0.03     4.3     3.5    5.5   -    -     0.59
 70  22   8  18 0.070      25    0.62    0.62    0.03     3.4     2.5    4.5   -    -     0.60
 54  46   0  38 0.046      15    0.63    0.63    0.02     2.2     1.5    4.5   -    -     0.61
 52  48   0  44 0.033      14    0.64    0.64    0.02     1.6     1.5    3.5   -    -     0.62
 30  58  12  54 0.020       6    0.65    0.64    0.01     1.0     0.5    2.5   -    -     0.63
 12  78  10  64 0.012       2    0.66    0.65    0.02     0.6     0.5    1.5   -    -     0.64
  8  92   0  76 0.007       1    0.67    0.67    0.02     0.3     0.5    0.5   -    -     0.65
  0 100   0  82 0.004       1    0.68    0.67    0.01     0.2     0.5    0.5   -    -     0.66
  0 100   0  84 0.003       1    0.68    0.68    0.01     0.2     0.5    0.5   -    -     0.67
  0 100   0  92 0.002       1    0.69    0.69    0.00     0.1     0.5    0.5   -    -     0.68
  0 100   0 100 0.000       1    0.00    0.00    0.00     0.0     0.5    0.5   -    -     0.69
  0 100   0 100 0.000       1    0.00    0.00    0.00     0.0     0.5    0.5   -    -     0.70
  0 100   0 100 0.000       1    0.00    0.00    0.00     0.0     0.5    0.5   -    -     0.71
  0 100   0 100 0.000       1    0.00    0.00    0.00     0.0     0.5    0.5   -    -     0.72
  0 100   0 100 0.000       1    0.00    0.00    0.00     0.0     0.5    0.5   -    -     0.73
  0 100   0 100 0.000       1    0.00    0.00    0.00     0.0     0.5    0.5   -    -     0.74
  0 100   0 100 0.000       1    0.00    0.00    0.00     0.0     0.5    0.5   -    -     0.75
  0 100   0 100 0.000       1    0.00    0.00    0.00     0.0     0.5    0.5   -    -     0.76
  0 100   0 100 0.000       1    0.00    0.00    0.00     0.0     0.5    0.5   -    -     0.77
  0 100   0 100 0.000       1    0.00    0.00    0.00     0.0     0.5    0.5   -    -     0.78
  0 100   0 100 0.000       1    0.00    0.00    0.00     0.0     0.5    0.5   -    -     0.79
  0 100   0 100 0.000       1    0.00    0.00    0.00     0.0     0.5    0.5   -    -     0.80
  0 100   0 100 0.000       1    0.00    0.00    0.00     0.0     0.5    0.5   -    -     0.81
  0 100   0 100 0.000       1    0.00    0.00    0.00     0.0     0.5    0.5   -    -     0.82
  0 100   0 100 0.000       1    0.00    0.00    0.00     0.0     0.5    0.5   -    -     0.83
  0 100   0 100 0.000       1    0.00    0.00    0.00     0.0     0.5    0.5   -    -     0.84
  0 100   0 100 0.000       1    0.00    0.00    0.00     0.0     0.5    0.5   -    -     0.85
  0 100   0 100 0.000       1    0.00    0.00    0.00     0.0     0.5    0.5   -    -     0.86
  0 100   0 100 0.000       1    0.00    0.00    0.00     0.0     0.5    0.5   -    -     0.87
  0 100   0 100 0.000       1    0.00    0.00    0.00     0.0     0.5    0.5   -    -     0.88
  0 100   0 100 0.000       1    0.00    0.00    0.00     0.0     0.5    0.5   -    -     0.89
  0 100   0 100 0.000       1    0.00    0.00    0.00     0.0     0.5    0.5   -    -     0.90
  0 100   0 100 0.000       1    0.00    0.00    0.00     0.0     0.5    0.5   -    -     0.91
  0 100   0 100 0.000       1    0.00    0.00    0.00     0.0     0.5    0.5   -    -     0.92
  0 100   0 100 0.000       1    0.00    0.00    0.00     0.0     0.5    0.5   -    -     0.93
  0 100   0 100 0.000       1    0.00    0.00    0.00     0.0     0.5    0.5   -    -     0.94
  0 100   0 100 0.000       1    0.00    0.00    0.00     0.0     0.5    0.5   -    -     0.95
  0 100   0 100 0.000       1    0.00    0.00    0.00     0.0     0.5    0.5   -    -     0.96
  0 100   0 100 0.000       1    0.00    0.00    0.00     0.0     0.5    0.5   -    -     0.97
  0 100   0 100 0.000       1    0.00    0.00    0.00     0.0     0.5    0.5   -    -     0.98
  0 100   0 100 0.000       1    0.00    0.00    0.00     0.0     0.5    0.5   -    -     0.99
---------------------------------------------------------------------------------------------
