-------------------------------------------------------------------------------
 L       Percentage of nodes in the largest component
 D       Percentage of nodes in components of size at most 3 [-div option]
 R       Percentage of nodes not in L or D: 100 - L -D
 S       Percentage of nodes that are singletons
 E       Fraction of edges retained (input graph has 2450)
 cce     Expected size of component, nodewise [ sum(sz^2) / sum^2(sz) ]
 EW      Edge weight traits (mean, median and IQR)
 ND      Node degree traits [mean, median and IQR]
 CCF     Clustering coefficient (scale 1-100)
 eff     Induced component efficiency relative to start graph (scale 1-1000)
Total number of nodes: 50
----------------------------------------------------------------------------------------------
  L   D   R   S     E     cce  EWmean   EWmed   EWiqr  NDmean   NDmed  NDiqr CCF  eff  Cutoff 
----------------------------------------------------------------------------------------------
100   0   0   0 0.822      50    0.62    0.61    0.13    40.3    43.5    7.0   -    -     0.50
100   0   0   0 0.776      50    0.62    0.62    0.12    38.0    42.5    9.5   -    -     0.51
100   0   0   0 0.738      50    0.63    0.62    0.11    36.2    41.5    9.5   -    -     0.52
100   0   0   0 0.691      50    0.64    0.63    0.11    33.9    39.5   10.5   -    -     0.53
100   0   0   0 0.649      50    0.64    0.64    0.10    31.8    38.5   11.0   -    -     0.54
100   0   0   0 0.614      50    0.65    0.65    0.10    30.1    36.5   14.0   -    -     0.55
100   0   0   0 0.582      50    0.65    0.65    0.10    28.5    35.5   17.5   -    -     0.56
100   0   0   0 0.542      50    0.66    0.65    0.09    26.6    33.5   20.0   -    -     0.57
100   0   0   0 0.515      50    0.67    0.66    0.09    25.2    32.5   20.5   -    -     0.58
100   0   0   0 0.487      50    0.67    0.66    0.08    23.8    30.5   22.5   -    -     0.59
 84   6  10   2 0.450      36    0.68    0.67    0.08    22.0    28.5   22.0   -    -     0.60
 78  14   8   6 0.411      31    0.68    0.68    0.07    20.1    24.5   21.5   -    -     0.61
 78  22   0  16 0.376      31    0.69    0.68    0.07    18.4    22.5   21.0   -    -     0.62
 78  22   0  18 0.352      31    0.69    0.68    0.07    17.2    21.5   20.0   -    -     0.63
 78  22   0  18 0.323      31    0.70    0.69    0.06    15.8    20.5   17.5   -    -     0.64
 78  22   0  18 0.285      31    0.71    0.70    0.06    14.0    17.5   15.5   -    -     0.65
 78  22   0  18 0.253      31    0.71    0.71    0.06    12.4    16.5   14.0   -    -     0.66
 78  22   0  22 0.220      31    0.72    0.71    0.05    10.8    13.5   12.5   -    -     0.67
 78  22   0  22 0.195      31    0.73    0.72    0.05     9.6    11.5   11.0   -    -     0.68
 78  22   0  22 0.164      31    0.73    0.73    0.04     8.0     9.5    9.5   -    -     0.69
 78  22   0  22 0.141      31    0.74    0.73    0.04     6.9     7.5    9.0   -    -     0.70
 72  28   0  22 0.118      26    0.75    0.74    0.04     5.8     5.5    7.5   -    -     0.71
 72  28   0  22 0.094      26    0.76    0.75    0.03     4.6     4.5    6.0   -    -     0.72
 72  28   0  22 0.073      26    0.76    0.76    0.03     3.6     3.5    5.0   -    -     0.73
 70  30   0  26 0.060      25    0.77    0.76    0.03     2.9     2.5    5.0   -    -     0.74
 66  34   0  30 0.044      22    0.78    0.77    0.03     2.2     1.5    3.5   -    -     0.75
 30  50  20  40 0.032       7    0.79    0.78    0.04     1.6     1.5    2.5   -    -     0.76
 18  68  14  48 0.021       3    0.80    0.79    0.04     1.0     1.5    1.5   -    -     0.77
 12  78  10  56 0.016       2    0.81    0.81    0.03     0.8     0.5    1.5   -    -     0.78
 12  78  10  62 0.012       2    0.82    0.82    0.03     0.6     0.5    1.5   -    -     0.79
 10  90   0  66 0.010       2    0.83    0.82    0.02     0.5     0.5    1.5   -    -     0.80
 10  90   0  78 0.007       2    0.84    0.83    0.01     0.3     0.5    0.5   -    -     0.81
  0 100   0  82 0.005       1    0.84    0.83    0.03     0.2     0.5    0.5   -    -     0.82
  0 100   0  82 0.004       1    0.85    0.83    0.03     0.2     0.5    0.5   -    -     0.83
  0 100   0  92 0.002       1    0.87    0.87    0.02     0.1     0.5    0.5   -    -     0.84
  0 100   0  92 0.002       1    0.87    0.87    0.02     0.1     0.5    0.5   -    -     0.85
  0 100   0  92 0.002       1    0.87    0.87    0.02     0.1     0.5    0.5   -    -     0.86
  0 100   0  96 0.001       1    0.88    0.88    0.00     0.0     0.5    0.5   -    -     0.87
  0 100   0  96 0.001       1    0.88    0.88    0.00     0.0     0.5    0.5   -    -     0.88
  0 100   0 100 0.000       1    0.00    0.00    0.00     0.0     0.5    0.5   -    -     0.89
  0 100   0 100 0.000       1    0.00    0.00    0.00     0.0     0.5    0.5   -    -     0.90
  0 100   0 100 0.000       1    0.00    0.00    0.00     0.0     0.5    0.5   -    -     0.91
  0 100   0 100 0.000       1    0.00    0.00    0.00     0.0     0.5    0.5   -    -     0.92
  0 100   0 100 0.000       1    0.00    0.00    0.00     0.0     0.5    0.5   -    -     0.93
  0 100   0 100 0.000       1    0.00    0.00    0.00     0.0     0.5    0.5   -    -     0.94
  0 100   0 100 0.000       1    0.00    0.00    0.00     0.0     0.5    0.5   -    -     0.95
  0 100   0 100 0.000       1    0.00    0.00    0.00     0.0     0.5    0.5   -    -     0.96
  0 100   0 100 0.000       1    0.00    0.00    0.00     0.0     0.5    0.5   -    -     0.97
  0 100   0 100 0.000       1    0.00    0.00    0.00     0.0     0.5    0.5   -    -     0.98
  0 100   0 100 0.000       1    0.00    0.00    0.00     0.0     0.5    0.5   -    -     0.99
---------------------------------------------------------------------------------------------
