1.0000	0.9935	0.9934	0.9935	0.9983	0.5829	0.9936	0.9983	0.9934	0.9935	0.5890	0.4849	0.5246	0.9935	0.5551	0.5322	0.5379	0.9936	0.5746	0.9935	0.4991	0.9995	0.5250	0.5743	0.9996	0.5362	0.5346	0.9983	0.5320	0.9934	0.9935	0.9983	0.9935	0.5090	0.9935	0.5403	0.5035	0.9934	0.9934	0.9934	0.9983	0.5661	0.5152	0.9935	0.5744	0.9984	0.4965	0.7264	0.5481	0.5469
0.9935	1.0000	0.9999	1.0000	0.9938	0.5828	0.9984	0.9937	0.9999	1.0000	0.5890	0.4849	0.5246	1.0000	0.5551	0.5322	0.5378	0.9984	0.5746	0.9999	0.4991	0.9934	0.5250	0.5743	0.9935	0.5362	0.5346	0.9938	0.5319	0.9998	0.9996	0.9937	0.9999	0.5090	0.9998	0.5404	0.5035	0.9999	0.9999	0.9999	0.9937	0.5661	0.5152	0.9999	0.5744	0.9938	0.4965	0.7266	0.5481	0.5469
0.9934	0.9999	1.0000	0.9999	0.9938	0.5828	0.9983	0.9937	0.9999	0.9999	0.5890	0.4849	0.5246	0.9999	0.5551	0.5322	0.5378	0.9983	0.5746	0.9998	0.4991	0.9934	0.5250	0.5743	0.9934	0.5362	0.5346	0.9938	0.5319	0.9999	0.9995	0.9936	0.9998	0.5090	0.9998	0.5403	0.5035	1.0000	0.9999	0.9999	0.9937	0.5661	0.5152	0.9998	0.5744	0.9937	0.4965	0.7266	0.5481	0.5469
0.9935	1.0000	0.9999	1.0000	0.9938	0.5828	0.9984	0.9937	0.9998	1.0000	0.5890	0.4849	0.5246	1.0000	0.5551	0.5322	0.5378	0.9984	0.5746	0.9999	0.4991	0.9934	0.5250	0.5743	0.9935	0.5362	0.5346	0.9938	0.5319	0.9998	0.9996	0.9937	0.9999	0.5090	0.9999	0.5404	0.5035	0.9999	0.9998	0.9999	0.9937	0.5661	0.5152	0.9999	0.5744	0.9938	0.4965	0.7266	0.5481	0.5469
0.9983	0.9938	0.9938	0.9938	1.0000	0.5828	0.9936	0.9998	0.9938	0.9938	0.5890	0.4849	0.5246	0.9938	0.5551	0.5322	0.5378	0.9935	0.5745	0.9938	0.4991	0.9982	0.5250	0.5742	0.9982	0.5362	0.5346	0.9999	0.5320	0.9938	0.9938	0.9998	0.9938	0.5090	0.9938	0.5403	0.5035	0.9938	0.9938	0.9938	0.9999	0.5661	0.5151	0.9938	0.5744	0.9999	0.4965	0.7264	0.5481	0.5469
0.5829	0.5828	0.5828	0.5828	0.5828	1.0000	0.5829	0.5828	0.5828	0.5828	0.5493	0.6282	0.6721	0.5828	0.6250	0.7141	0.7497	0.5829	0.6281	0.5828	0.6214	0.5829	0.5829	0.6660	0.5829	0.6283	0.5920	0.5828	0.5451	0.5828	0.5828	0.5828	0.5828	0.5650	0.5828	0.5936	0.5962	0.5828	0.5828	0.5828	0.5828	0.6193	0.7553	0.5828	0.6661	0.5828	0.5732	0.6352	0.6279	0.5796
0.9936	0.9984	0.9983	0.9984	0.9936	0.5829	1.0000	0.9935	0.9983	0.9984	0.5890	0.4850	0.5246	0.9984	0.5551	0.5322	0.5379	1.0000	0.5746	0.9984	0.4991	0.9936	0.5250	0.5743	0.9937	0.5363	0.5346	0.9936	0.5319	0.9983	0.9987	0.9934	0.9983	0.5091	0.9984	0.5404	0.5035	0.9983	0.9983	0.9983	0.9934	0.5661	0.5152	0.9984	0.5744	0.9935	0.4965	0.7266	0.5481	0.5469
0.9983	0.9937	0.9937	0.9937	0.9998	0.5828	0.9935	1.0000	0.9937	0.9937	0.5890	0.4849	0.5246	0.9937	0.5551	0.5322	0.5378	0.9935	0.5745	0.9937	0.4991	0.9982	0.5250	0.5742	0.9983	0.5362	0.5346	0.9998	0.5320	0.9937	0.9937	0.9999	0.9937	0.5090	0.9937	0.5403	0.5035	0.9937	0.9937	0.9937	0.9999	0.5661	0.5151	0.9937	0.5744	0.9999	0.4965	0.7264	0.5481	0.5469
0.9934	0.9999	0.9999	0.9998	0.9938	0.5828	0.9983	0.9937	1.0000	0.9999	0.5890	0.4849	0.5246	0.9999	0.5551	0.5322	0.5378	0.9983	0.5746	0.9999	0.4991	0.9934	0.5250	0.5743	0.9934	0.5362	0.5346	0.9938	0.5319	0.9999	0.9995	0.9936	0.9999	0.5090	0.9998	0.5404	0.5035	0.9999	1.0000	0.9999	0.9937	0.5661	0.5152	0.9999	0.5744	0.9937	0.4965	0.7266	0.5481	0.5469
0.9935	1.0000	0.9999	1.0000	0.9938	0.5828	0.9984	0.9937	0.9999	1.0000	0.5890	0.4849	0.5246	1.0000	0.5551	0.5322	0.5378	0.9984	0.5746	0.9999	0.4991	0.9934	0.5250	0.5743	0.9935	0.5362	0.5346	0.9938	0.5319	0.9998	0.9996	0.9937	0.9999	0.5090	0.9998	0.5404	0.5035	0.9999	0.9999	0.9999	0.9937	0.5661	0.5152	0.9999	0.5744	0.9938	0.4965	0.7266	0.5481	0.5469
0.5890	0.5890	0.5890	0.5890	0.5890	0.5493	0.5890	0.5890	0.5890	0.5890	1.0000	0.5435	0.5553	0.5890	0.5655	0.5162	0.5457	0.5890	0.5856	0.5890	0.5760	0.5890	0.6122	0.6468	0.5890	0.5697	0.6148	0.5890	0.6597	0.5890	0.5890	0.5890	0.5890	0.5885	0.5890	0.6203	0.5924	0.5890	0.5890	0.5890	0.5890	0.6205	0.5504	0.5890	0.6365	0.5890	0.5530	0.6491	0.6215	0.6187
0.4849	0.4849	0.4849	0.4849	0.4849	0.6282	0.4850	0.4849	0.4849	0.4849	0.5435	1.0000	0.5578	0.4849	0.5360	0.5795	0.6830	0.4850	0.5426	0.4849	0.7562	0.4849	0.7107	0.7168	0.4849	0.7476	0.5965	0.4849	0.5838	0.4849	0.4849	0.4849	0.4849	0.5803	0.4849	0.6459	0.6969	0.4849	0.4849	0.4849	0.4849	0.5816	0.6301	0.4849	0.5934	0.4849	0.7311	0.5286	0.7027	0.4674
0.5246	0.5246	0.5246	0.5246	0.5246	0.6721	0.5246	0.5246	0.5246	0.5246	0.5553	0.5578	1.0000	0.5246	0.6912	0.6281	0.6408	0.5246	0.6029	0.5246	0.6406	0.5246	0.6139	0.6044	0.5246	0.6005	0.6887	0.5246	0.5683	0.5246	0.5246	0.5246	0.5246	0.6838	0.5246	0.6060	0.6727	0.5246	0.5246	0.5246	0.5246	0.6900	0.6475	0.5246	0.7201	0.5246	0.5939	0.5622	0.6723	0.6019
0.9935	1.0000	0.9999	1.0000	0.9938	0.5828	0.9984	0.9937	0.9999	1.0000	0.5890	0.4849	0.5246	1.0000	0.5551	0.5322	0.5378	0.9984	0.5746	0.9999	0.4991	0.9934	0.5250	0.5743	0.9935	0.5362	0.5346	0.9938	0.5319	0.9998	0.9996	0.9937	0.9999	0.5090	0.9998	0.5404	0.5035	0.9999	0.9999	0.9999	0.9937	0.5661	0.5152	0.9999	0.5744	0.9938	0.4965	0.7266	0.5481	0.5469
0.5551	0.5551	0.5551	0.5551	0.5551	0.6250	0.5551	0.5551	0.5551	0.5551	0.5655	0.5360	0.6912	0.5551	1.0000	0.5842	0.6380	0.5551	0.6791	0.5551	0.5760	0.5551	0.6360	0.6122	0.5551	0.6792	0.7186	0.5551	0.5773	0.5551	0.5551	0.5551	0.5551	0.7500	0.5551	0.5970	0.6408	0.5551	0.5551	0.5551	0.5551	0.7944	0.6454	0.5551	0.7845	0.5551	0.5797	0.5949	0.6116	0.6251
0.5322	0.5322	0.5322	0.5322	0.5322	0.7141	0.5322	0.5322	0.5322	0.5322	0.5162	0.5795	0.6281	0.5322	0.5842	1.0000	0.6642	0.5322	0.6379	0.5322	0.5941	0.5322	0.5399	0.6260	0.5322	0.5554	0.6165	0.5322	0.4806	0.5322	0.5322	0.5322	0.5322	0.5316	0.5322	0.5740	0.5926	0.5322	0.5322	0.5322	0.5322	0.5667	0.6703	0.5322	0.6317	0.5322	0.5877	0.5701	0.6123	0.5648
0.5379	0.5378	0.5378	0.5378	0.5378	0.7497	0.5379	0.5378	0.5378	0.5378	0.5457	0.6830	0.6408	0.5378	0.6380	0.6642	1.0000	0.5379	0.6322	0.5378	0.6008	0.5379	0.5900	0.6365	0.5379	0.7058	0.6011	0.5378	0.5846	0.5378	0.5379	0.5378	0.5378	0.5952	0.5378	0.5475	0.5719	0.5378	0.5378	0.5378	0.5378	0.6533	0.7276	0.5378	0.6705	0.5378	0.6259	0.5859	0.5929	0.6094
0.9936	0.9984	0.9983	0.9984	0.9935	0.5829	1.0000	0.9935	0.9983	0.9984	0.5890	0.4850	0.5246	0.9984	0.5551	0.5322	0.5379	1.0000	0.5746	0.9984	0.4991	0.9936	0.5250	0.5743	0.9937	0.5363	0.5346	0.9936	0.5319	0.9983	0.9987	0.9934	0.9983	0.5091	0.9984	0.5404	0.5035	0.9983	0.9983	0.9983	0.9934	0.5661	0.5152	0.9984	0.5744	0.9935	0.4965	0.7266	0.5481	0.5469
0.5746	0.5746	0.5746	0.5746	0.5745	0.6281	0.5746	0.5745	0.5746	0.5746	0.5856	0.5426	0.6029	0.5746	0.6791	0.6379	0.6322	0.5746	1.0000	0.5746	0.5762	0.5746	0.6245	0.6425	0.5746	0.5918	0.7116	0.5745	0.5819	0.5746	0.5746	0.5745	0.5746	0.6547	0.5746	0.6006	0.6088	0.5746	0.5746	0.5746	0.5745	0.6563	0.6006	0.5746	0.7094	0.5745	0.6001	0.6259	0.6186	0.6291
0.9935	0.9999	0.9998	0.9999	0.9938	0.5828	0.9984	0.9937	0.9999	0.9999	0.5890	0.4849	0.5246	0.9999	0.5551	0.5322	0.5378	0.9984	0.5746	1.0000	0.4991	0.9934	0.5250	0.5743	0.9935	0.5362	0.5346	0.9938	0.5319	0.9998	0.9996	0.9937	0.9999	0.5090	0.9999	0.5404	0.5035	0.9998	0.9999	0.9999	0.9937	0.5661	0.5152	1.0000	0.5744	0.9938	0.4965	0.7266	0.5481	0.5469
0.4991	0.4991	0.4991	0.4991	0.4991	0.6214	0.4991	0.4991	0.4991	0.4991	0.5760	0.7562	0.6406	0.4991	0.5760	0.5941	0.6008	0.4991	0.5762	0.4991	1.0000	0.4991	0.7708	0.7438	0.4991	0.6748	0.6416	0.4991	0.6111	0.4991	0.4991	0.4991	0.4991	0.6752	0.4991	0.7164	0.8349	0.4991	0.4991	0.4991	0.4991	0.6115	0.6077	0.4991	0.6317	0.4991	0.7930	0.5362	0.7955	0.4781
0.9995	0.9934	0.9934	0.9934	0.9982	0.5829	0.9936	0.9982	0.9934	0.9934	0.5890	0.4849	0.5246	0.9934	0.5551	0.5322	0.5379	0.9936	0.5746	0.9934	0.4991	1.0000	0.5250	0.5742	0.9999	0.5362	0.5346	0.9982	0.5320	0.9934	0.9935	0.9982	0.9934	0.5091	0.9934	0.5403	0.5035	0.9934	0.9934	0.9934	0.9982	0.5661	0.5152	0.9934	0.5744	0.9983	0.4965	0.7264	0.5481	0.5469
0.5250	0.5250	0.5250	0.5250	0.5250	0.5829	0.5250	0.5250	0.5250	0.5250	0.6122	0.7107	0.6139	0.5250	0.6360	0.5399	0.5900	0.5250	0.6245	0.5250	0.7708	0.5250	1.0000	0.7500	0.5250	0.7201	0.6980	0.5250	0.6253	0.5250	0.5250	0.5250	0.5250	0.7187	0.5250	0.7105	0.8038	0.5250	0.5250	0.5250	0.5250	0.6679	0.5944	0.5250	0.6770	0.5250	0.7190	0.5677	0.7850	0.4895
0.5743	0.5743	0.5743	0.5743	0.5742	0.6660	0.5743	0.5742	0.5743	0.5743	0.6468	0.7168	0.6044	0.5743	0.6122	0.6260	0.6365	0.5743	0.6425	0.5743	0.7438	0.5742	0.7500	1.0000	0.5742	0.7089	0.6815	0.5742	0.5651	0.5743	0.5743	0.5742	0.5743	0.6362	0.5743	0.7430	0.7472	0.5743	0.5743	0.5743	0.5742	0.6586	0.6688	0.5743	0.6999	0.5742	0.6794	0.6172	0.7871	0.4936
0.9996	0.9935	0.9934	0.9935	0.9982	0.5829	0.9937	0.9983	0.9934	0.9935	0.5890	0.4849	0.5246	0.9935	0.5551	0.5322	0.5379	0.9937	0.5746	0.9935	0.4991	0.9999	0.5250	0.5742	1.0000	0.5362	0.5346	0.9982	0.5320	0.9934	0.9935	0.9983	0.9935	0.5091	0.9935	0.5403	0.5035	0.9934	0.9935	0.9935	0.9982	0.5661	0.5152	0.9935	0.5744	0.9983	0.4965	0.7264	0.5481	0.5469
0.5362	0.5362	0.5362	0.5362	0.5362	0.6283	0.5363	0.5362	0.5362	0.5362	0.5697	0.7476	0.6005	0.5362	0.6792	0.5554	0.7058	0.5363	0.5918	0.5362	0.6748	0.5362	0.7201	0.7089	0.5362	1.0000	0.6549	0.5362	0.5963	0.5362	0.5362	0.5362	0.5362	0.6744	0.5362	0.6213	0.6852	0.5362	0.5362	0.5362	0.5362	0.7327	0.6917	0.5362	0.6884	0.5362	0.6811	0.5844	0.6770	0.5236
0.5346	0.5346	0.5346	0.5346	0.5346	0.5920	0.5346	0.5346	0.5346	0.5346	0.6148	0.5965	0.6887	0.5346	0.7186	0.6165	0.6011	0.5346	0.7116	0.5346	0.6416	0.5346	0.6980	0.6815	0.5346	0.6549	1.0000	0.5346	0.5470	0.5346	0.5346	0.5346	0.5346	0.7098	0.5346	0.6415	0.7257	0.5346	0.5346	0.5346	0.5346	0.7244	0.6408	0.5346	0.8250	0.5346	0.6355	0.5757	0.7357	0.5817
0.9983	0.9938	0.9938	0.9938	0.9999	0.5828	0.9936	0.9998	0.9938	0.9938	0.5890	0.4849	0.5246	0.9938	0.5551	0.5322	0.5378	0.9936	0.5745	0.9938	0.4991	0.9982	0.5250	0.5742	0.9982	0.5362	0.5346	1.0000	0.5320	0.9938	0.9938	0.9998	0.9938	0.5090	0.9938	0.5403	0.5035	0.9938	0.9938	0.9938	0.9998	0.5661	0.5151	0.9938	0.5744	0.9999	0.4965	0.7264	0.5481	0.5469
0.5320	0.5319	0.5319	0.5319	0.5320	0.5451	0.5319	0.5320	0.5319	0.5319	0.6597	0.5838	0.5683	0.5319	0.5773	0.4806	0.5846	0.5319	0.5819	0.5319	0.6111	0.5320	0.6253	0.5651	0.5320	0.5963	0.5470	0.5320	1.0000	0.5319	0.5319	0.5320	0.5319	0.6601	0.5319	0.5766	0.6099	0.5319	0.5319	0.5319	0.5320	0.6001	0.5011	0.5319	0.5631	0.5320	0.6222	0.5789	0.5936	0.6456
0.9934	0.9998	0.9999	0.9998	0.9938	0.5828	0.9983	0.9937	0.9999	0.9998	0.5890	0.4849	0.5246	0.9998	0.5551	0.5322	0.5378	0.9983	0.5746	0.9998	0.4991	0.9934	0.5250	0.5743	0.9934	0.5362	0.5346	0.9938	0.5319	1.0000	0.9995	0.9937	0.9999	0.5090	0.9997	0.5403	0.5035	0.9999	0.9999	0.9999	0.9937	0.5661	0.5152	0.9998	0.5744	0.9938	0.4965	0.7266	0.5481	0.5469
0.9935	0.9996	0.9995	0.9996	0.9938	0.5828	0.9987	0.9937	0.9995	0.9996	0.5890	0.4849	0.5246	0.9996	0.5551	0.5322	0.5379	0.9987	0.5746	0.9996	0.4991	0.9935	0.5250	0.5743	0.9935	0.5362	0.5346	0.9938	0.5319	0.9995	1.0000	0.9936	0.9995	0.5091	0.9996	0.5404	0.5035	0.9995	0.9995	0.9996	0.9936	0.5661	0.5152	0.9996	0.5744	0.9937	0.4965	0.7266	0.5481	0.5469
0.9983	0.9937	0.9936	0.9937	0.9998	0.5828	0.9934	0.9999	0.9936	0.9937	0.5890	0.4849	0.5246	0.9937	0.5551	0.5322	0.5378	0.9934	0.5745	0.9937	0.4991	0.9982	0.5250	0.5742	0.9983	0.5362	0.5346	0.9998	0.5320	0.9937	0.9936	1.0000	0.9937	0.5090	0.9937	0.5403	0.5035	0.9937	0.9937	0.9937	0.9999	0.5661	0.5151	0.9937	0.5744	0.9999	0.4965	0.7264	0.5481	0.5469
0.9935	0.9999	0.9998	0.9999	0.9938	0.5828	0.9983	0.9937	0.9999	0.9999	0.5890	0.4849	0.5246	0.9999	0.5551	0.5322	0.5378	0.9983	0.5746	0.9999	0.4991	0.9934	0.5250	0.5743	0.9935	0.5362	0.5346	0.9938	0.5319	0.9999	0.9995	0.9937	1.0000	0.5090	0.9998	0.5404	0.5035	0.9998	0.9999	0.9999	0.9937	0.5661	0.5152	0.9999	0.5744	0.9938	0.4965	0.7266	0.5481	0.5469
0.5090	0.5090	0.5090	0.5090	0.5090	0.5650	0.5091	0.5090	0.5090	0.5090	0.5885	0.5803	0.6838	0.5090	0.7500	0.5316	0.5952	0.5091	0.6547	0.5090	0.6752	0.5091	0.7187	0.6362	0.5091	0.6744	0.7098	0.5090	0.6601	0.5090	0.5091	0.5090	0.5090	1.0000	0.5090	0.6480	0.7457	0.5090	0.5090	0.5090	0.5090	0.7675	0.5839	0.5090	0.7237	0.5090	0.6552	0.5467	0.6851	0.5584
0.9935	0.9998	0.9998	0.9999	0.9938	0.5828	0.9984	0.9937	0.9998	0.9998	0.5890	0.4849	0.5246	0.9998	0.5551	0.5322	0.5378	0.9984	0.5746	0.9999	0.4991	0.9934	0.5250	0.5743	0.9935	0.5362	0.5346	0.9938	0.5319	0.9997	0.9996	0.9937	0.9998	0.5090	1.0000	0.5404	0.5035	0.9998	0.9998	0.9998	0.9937	0.5661	0.5152	0.9999	0.5744	0.9938	0.4965	0.7266	0.5481	0.5469
0.5403	0.5404	0.5403	0.5404	0.5403	0.5936	0.5404	0.5403	0.5404	0.5404	0.6203	0.6459	0.6060	0.5404	0.5970	0.5740	0.5475	0.5404	0.6006	0.5404	0.7164	0.5403	0.7105	0.7430	0.5403	0.6213	0.6415	0.5403	0.5766	0.5403	0.5404	0.5403	0.5404	0.6480	0.5404	1.0000	0.7479	0.5403	0.5404	0.5403	0.5403	0.6553	0.6018	0.5404	0.6417	0.5403	0.6449	0.5805	0.7295	0.4748
0.5035	0.5035	0.5035	0.5035	0.5035	0.5962	0.5035	0.5035	0.5035	0.5035	0.5924	0.6969	0.6727	0.5035	0.6408	0.5926	0.5719	0.5035	0.6088	0.5035	0.8349	0.5035	0.8038	0.7472	0.5035	0.6852	0.7257	0.5035	0.6099	0.5035	0.5035	0.5035	0.5035	0.7457	0.5035	0.7479	1.0000	0.5035	0.5035	0.5035	0.5035	0.6645	0.6154	0.5035	0.6968	0.5035	0.7333	0.5406	0.8515	0.4882
0.9934	0.9999	1.0000	0.9999	0.9938	0.5828	0.9983	0.9937	0.9999	0.9999	0.5890	0.4849	0.5246	0.9999	0.5551	0.5322	0.5378	0.9983	0.5746	0.9998	0.4991	0.9934	0.5250	0.5743	0.9934	0.5362	0.5346	0.9938	0.5319	0.9999	0.9995	0.9937	0.9998	0.5090	0.9998	0.5403	0.5035	1.0000	0.9999	0.9999	0.9937	0.5661	0.5152	0.9998	0.5744	0.9938	0.4965	0.7266	0.5481	0.5469
0.9934	0.9999	0.9999	0.9998	0.9938	0.5828	0.9983	0.9937	1.0000	0.9999	0.5890	0.4849	0.5246	0.9999	0.5551	0.5322	0.5378	0.9983	0.5746	0.9999	0.4991	0.9934	0.5250	0.5743	0.9935	0.5362	0.5346	0.9938	0.5319	0.9999	0.9995	0.9937	0.9999	0.5090	0.9998	0.5404	0.5035	0.9999	1.0000	0.9999	0.9937	0.5661	0.5152	0.9999	0.5744	0.9938	0.4965	0.7266	0.5481	0.5469
0.9934	0.9999	0.9999	0.9999	0.9938	0.5828	0.9983	0.9937	0.9999	0.9999	0.5890	0.4849	0.5246	0.9999	0.5551	0.5322	0.5378	0.9983	0.5746	0.9999	0.4991	0.9934	0.5250	0.5743	0.9935	0.5362	0.5346	0.9938	0.5319	0.9999	0.9996	0.9937	0.9999	0.5090	0.9998	0.5403	0.5035	0.9999	0.9999	1.0000	0.9937	0.5661	0.5152	0.9999	0.5744	0.9938	0.4965	0.7266	0.5481	0.5469
0.9983	0.9937	0.9937	0.9937	0.9999	0.5828	0.9934	0.9999	0.9937	0.9937	0.5890	0.4849	0.5246	0.9937	0.5551	0.5322	0.5378	0.9934	0.5745	0.9937	0.4991	0.9982	0.5250	0.5742	0.9982	0.5362	0.5346	0.9998	0.5320	0.9937	0.9936	0.9999	0.9937	0.5090	0.9937	0.5403	0.5035	0.9937	0.9937	0.9937	1.0000	0.5661	0.5151	0.9937	0.5744	0.9998	0.4965	0.7264	0.5481	0.5469
0.5661	0.5661	0.5661	0.5661	0.5661	0.6193	0.5661	0.5661	0.5661	0.5661	0.6205	0.5816	0.6900	0.5661	0.7944	0.5667	0.6533	0.5661	0.6563	0.5661	0.6115	0.5661	0.6679	0.6586	0.5661	0.7327	0.7244	0.5661	0.6001	0.5661	0.5661	0.5661	0.5661	0.7675	0.5661	0.6553	0.6645	0.5661	0.5661	0.5661	0.5661	1.0000	0.6800	0.5661	0.7883	0.5661	0.6158	0.6151	0.6556	0.5930
0.5152	0.5152	0.5152	0.5152	0.5151	0.7553	0.5152	0.5151	0.5152	0.5152	0.5504	0.6301	0.6475	0.5152	0.6454	0.6703	0.7276	0.5152	0.6006	0.5152	0.6077	0.5152	0.5944	0.6688	0.5152	0.6917	0.6408	0.5151	0.5011	0.5152	0.5152	0.5151	0.5152	0.5839	0.5152	0.6018	0.6154	0.5152	0.5152	0.5152	0.5151	0.6800	1.0000	0.5152	0.7103	0.5151	0.5683	0.5605	0.6128	0.5368
0.9935	0.9999	0.9998	0.9999	0.9938	0.5828	0.9984	0.9937	0.9999	0.9999	0.5890	0.4849	0.5246	0.9999	0.5551	0.5322	0.5378	0.9984	0.5746	1.0000	0.4991	0.9934	0.5250	0.5743	0.9935	0.5362	0.5346	0.9938	0.5319	0.9998	0.9996	0.9937	0.9999	0.5090	0.9999	0.5404	0.5035	0.9998	0.9999	0.9999	0.9937	0.5661	0.5152	1.0000	0.5744	0.9938	0.4965	0.7266	0.5481	0.5469
0.5744	0.5744	0.5744	0.5744	0.5744	0.6661	0.5744	0.5744	0.5744	0.5744	0.6365	0.5934	0.7201	0.5744	0.7845	0.6317	0.6705	0.5744	0.7094	0.5744	0.6317	0.5744	0.6770	0.6999	0.5744	0.6884	0.8250	0.5744	0.5631	0.5744	0.5744	0.5744	0.5744	0.7237	0.5744	0.6417	0.6968	0.5744	0.5744	0.5744	0.5744	0.7883	0.7103	0.5744	1.0000	0.5744	0.6083	0.6232	0.7118	0.5961
0.9984	0.9938	0.9937	0.9938	0.9999	0.5828	0.9935	0.9999	0.9937	0.9938	0.5890	0.4849	0.5246	0.9938	0.5551	0.5322	0.5378	0.9935	0.5745	0.9938	0.4991	0.9983	0.5250	0.5742	0.9983	0.5362	0.5346	0.9999	0.5320	0.9938	0.9937	0.9999	0.9938	0.5090	0.9938	0.5403	0.5035	0.9938	0.9938	0.9938	0.9998	0.5661	0.5151	0.9938	0.5744	1.0000	0.4965	0.7264	0.5481	0.5469
0.4965	0.4965	0.4965	0.4965	0.4965	0.5732	0.4965	0.4965	0.4965	0.4965	0.5530	0.7311	0.5939	0.4965	0.5797	0.5877	0.6259	0.4965	0.6001	0.4965	0.7930	0.4965	0.7190	0.6794	0.4965	0.6811	0.6355	0.4965	0.6222	0.4965	0.4965	0.4965	0.4965	0.6552	0.4965	0.6449	0.7333	0.4965	0.4965	0.4965	0.4965	0.6158	0.5683	0.4965	0.6083	0.4965	1.0000	0.5337	0.7268	0.5315
0.7264	0.7266	0.7266	0.7266	0.7264	0.6352	0.7266	0.7264	0.7266	0.7266	0.6491	0.5286	0.5622	0.7266	0.5949	0.5701	0.5859	0.7266	0.6259	0.7266	0.5362	0.7264	0.5677	0.6172	0.7264	0.5844	0.5757	0.7264	0.5789	0.7266	0.7266	0.7264	0.7266	0.5467	0.7266	0.5805	0.5406	0.7266	0.7266	0.7266	0.7264	0.6151	0.5605	0.7266	0.6232	0.7264	0.5337	1.0000	0.5886	0.5836
0.5481	0.5481	0.5481	0.5481	0.5481	0.6279	0.5481	0.5481	0.5481	0.5481	0.6215	0.7027	0.6723	0.5481	0.6116	0.6123	0.5929	0.5481	0.6186	0.5481	0.7955	0.5481	0.7850	0.7871	0.5481	0.6770	0.7357	0.5481	0.5936	0.5481	0.5481	0.5481	0.5481	0.6851	0.5481	0.7295	0.8515	0.5481	0.5481	0.5481	0.5481	0.6556	0.6128	0.5481	0.7118	0.5481	0.7268	0.5886	1.0000	0.5004
0.5469	0.5469	0.5469	0.5469	0.5469	0.5796	0.5469	0.5469	0.5469	0.5469	0.6187	0.4674	0.6019	0.5469	0.6251	0.5648	0.6094	0.5469	0.6291	0.5469	0.4781	0.5469	0.4895	0.4936	0.5469	0.5236	0.5817	0.5469	0.6456	0.5469	0.5469	0.5469	0.5469	0.5584	0.5469	0.4748	0.4882	0.5469	0.5469	0.5469	0.5469	0.5930	0.5368	0.5469	0.5961	0.5469	0.5315	0.5836	0.5004	1.0000
