-------------------------------------------------------------------------------
 L       Percentage of nodes in the largest component
 D       Percentage of nodes in components of size at most 3 [-div option]
 R       Percentage of nodes not in L or D: 100 - L -D
 S       Percentage of nodes that are singletons
 E       Fraction of edges retained (input graph has 2450)
 cce     Expected size of component, nodewise [ sum(sz^2) / sum^2(sz) ]
 EW      Edge weight traits (mean, median and IQR)
 ND      Node degree traits [mean, median and IQR]
 CCF     Clustering coefficient (scale 1-100)
 eff     Induced component efficiency relative to start graph (scale 1-1000)
Total number of nodes: 50
----------------------------------------------------------------------------------------------
  L   D   R   S     E     cce  EWmean   EWmed   EWiqr  NDmean   NDmed  NDiqr CCF  eff  Cutoff 
----------------------------------------------------------------------------------------------
100   0   0   0 0.931      50    0.70    0.59    0.45    45.6    46.5    3.5   -    -     0.50
100   0   0   0 0.887      50    0.71    0.59    0.45    43.4    44.5    4.5   -    -     0.51
100   0   0   0 0.864      50    0.71    0.60    0.45    42.4    43.5    5.5   -    -     0.52
100   0   0   0 0.820      50    0.72    0.62    0.44    40.2    41.5    7.0   -    -     0.53
100   0   0   0 0.709      50    0.75    0.67    0.42    34.7    36.5    7.0   -    -     0.54
100   0   0   0 0.638      50    0.78    0.72    0.41    31.2    33.5   11.5   -    -     0.55
100   0   0   0 0.611      50    0.79    0.73    0.40    30.0    32.5   11.5   -    -     0.56
100   0   0   0 0.580      50    0.80    0.73    0.40    28.4    31.5   10.5   -    -     0.57
100   0   0   0 0.505      50    0.83    0.99    0.36    24.8    28.5    8.5   -    -     0.58
100   0   0   0 0.448      50    0.86    0.99    0.31    22.0    26.5    8.5   -    -     0.59
100   0   0   0 0.433      50    0.87    0.99    0.29    21.2    26.5    9.5   -    -     0.60
100   0   0   0 0.419      50    0.88    0.99    0.27    20.5    26.5   11.5   -    -     0.61
100   0   0   0 0.405      50    0.89    0.99    0.27    19.8    26.5   13.5   -    -     0.62
100   0   0   0 0.389      50    0.90    0.99    0.27    19.0    26.5   15.0   -    -     0.63
100   0   0   0 0.379      50    0.91    0.99    0.26    18.6    26.5   15.5   -    -     0.64
 54   2  44   2 0.366      24    0.92    0.99    0.22    17.9    26.5   18.0   -    -     0.65
 54   4  42   4 0.358      23    0.92    0.99    0.20    17.6    26.5   18.0   -    -     0.66
 54   6  40   6 0.353      23    0.93    0.99    0.01    17.3    26.5   18.5   -    -     0.67
 54   6  40   6 0.342      23    0.94    0.99    0.01    16.8    26.5   19.5   -    -     0.68
 54   6  40   6 0.334      23    0.94    0.99    0.01    16.4    26.5   21.0   -    -     0.69
 54   6  40   6 0.329      23    0.95    0.99    0.01    16.1    26.5   21.5   -    -     0.70
 54   6  40   6 0.325      23    0.95    0.99    0.01    15.9    26.5   21.5   -    -     0.71
 54  16  30  10 0.316      19    0.96    0.99    0.01    15.5    26.5   23.0   -    -     0.72
 52  20  28  14 0.288      18    0.98    0.99    0.01    14.1    25.5   23.0   -    -     0.73
 52  20  28  14 0.285      18    0.98    0.99    0.01    14.0    25.5   23.5   -    -     0.74
 52  24  24  20 0.279      15    0.99    1.00    0.01    13.7    25.5   24.5   -    -     0.75
 52  26  22  26 0.276      15    0.99    1.00    0.01    13.5    25.5   25.0   -    -     0.76
 52  28  20  28 0.275      15    0.99    1.00    0.01    13.5    25.5   25.5   -    -     0.77
 52  28  20  28 0.274      15    0.99    1.00    0.01    13.4    25.5   25.5   -    -     0.78
 52  38  10  30 0.271      14    0.99    1.00    0.01    13.3    25.5   25.5   -    -     0.79
 52  40   8  36 0.269      14    0.99    1.00    0.01    13.2    25.5   25.5   -    -     0.80
 52  48   0  38 0.268      14    1.00    1.00    0.01    13.1    25.5   25.5   -    -     0.81
 52  48   0  38 0.268      14    1.00    1.00    0.01    13.1    25.5   25.5   -    -     0.82
 52  48   0  42 0.267      14    1.00    1.00    0.01    13.1    25.5   25.5   -    -     0.83
 52  48   0  44 0.266      14    1.00    1.00    0.01    13.0    25.5   25.5   -    -     0.84
 52  48   0  44 0.266      14    1.00    1.00    0.01    13.0    25.5   25.5   -    -     0.85
 52  48   0  48 0.265      14    1.00    1.00    0.01    13.0    25.5   25.5   -    -     0.86
 52  48   0  48 0.265      14    1.00    1.00    0.01    13.0    25.5   25.5   -    -     0.87
 52  48   0  48 0.265      14    1.00    1.00    0.01    13.0    25.5   25.5   -    -     0.88
 52  48   0  48 0.265      14    1.00    1.00    0.01    13.0    25.5   25.5   -    -     0.89
 52  48   0  48 0.265      14    1.00    1.00    0.01    13.0    25.5   25.5   -    -     0.90
 52  48   0  48 0.265      14    1.00    1.00    0.01    13.0    25.5   25.5   -    -     0.91
 52  48   0  48 0.265      14    1.00    1.00    0.01    13.0    25.5   25.5   -    -     0.92
 52  48   0  48 0.265      14    1.00    1.00    0.01    13.0    25.5   25.5   -    -     0.93
 52  48   0  48 0.265      14    1.00    1.00    0.01    13.0    25.5   25.5   -    -     0.94
 52  48   0  48 0.265      14    1.00    1.00    0.01    13.0    25.5   25.5   -    -     0.95
 52  48   0  48 0.265      14    1.00    1.00    0.01    13.0    25.5   25.5   -    -     0.96
 52  48   0  48 0.265      14    1.00    1.00    0.01    13.0    25.5   25.5   -    -     0.97
 52  48   0  48 0.265      14    1.00    1.00    0.01    13.0    25.5   25.5   -    -     0.98
 52  48   0  48 0.265      14    1.00    1.00    0.01    13.0    25.5   25.5   -    -     0.99
---------------------------------------------------------------------------------------------
