-------------------------------------------------------------------------------
 L       Percentage of nodes in the largest component
 D       Percentage of nodes in components of size at most 3 [-div option]
 R       Percentage of nodes not in L or D: 100 - L -D
 S       Percentage of nodes that are singletons
 E       Fraction of edges retained (input graph has 2450)
 cce     Expected size of component, nodewise [ sum(sz^2) / sum^2(sz) ]
 EW      Edge weight traits (mean, median and IQR)
 ND      Node degree traits [mean, median and IQR]
 CCF     Clustering coefficient (scale 1-100)
 eff     Induced component efficiency relative to start graph (scale 1-1000)
Total number of nodes: 50
----------------------------------------------------------------------------------------------
  L   D   R   S     E     cce  EWmean   EWmed   EWiqr  NDmean   NDmed  NDiqr CCF  eff  Cutoff 
----------------------------------------------------------------------------------------------
100   0   0   0 0.941      50    0.62    0.61    0.09    46.1    47.5    2.5   -    -     0.50
100   0   0   0 0.923      50    0.62    0.61    0.09    45.2    47.5    3.0   -    -     0.51
100   0   0   0 0.900      50    0.63    0.61    0.08    44.1    46.5    4.5   -    -     0.52
100   0   0   0 0.865      50    0.63    0.62    0.08    42.4    44.5    5.0   -    -     0.53
100   0   0   0 0.831      50    0.63    0.62    0.08    40.7    42.5    6.5   -    -     0.54
100   0   0   0 0.780      50    0.64    0.62    0.08    38.2    40.5   10.0   -    -     0.55
100   0   0   0 0.746      50    0.64    0.63    0.07    36.6    38.5   10.5   -    -     0.56
100   0   0   0 0.699      50    0.65    0.63    0.07    34.2    36.5   12.5   -    -     0.57
100   0   0   0 0.642      50    0.66    0.64    0.07    31.4    33.5   12.0   -    -     0.58
100   0   0   0 0.586      50    0.66    0.64    0.07    28.7    30.5   13.0   -    -     0.59
100   0   0   0 0.532      50    0.67    0.65    0.07    26.1    27.5   13.5   -    -     0.60
100   0   0   0 0.478      50    0.68    0.66    0.07    23.4    24.5   14.0   -    -     0.61
 98   2   0   2 0.415      48    0.68    0.66    0.07    20.3    21.5   15.5   -    -     0.62
 98   2   0   2 0.355      48    0.69    0.67    0.07    17.4    19.5   13.5   -    -     0.63
 98   2   0   2 0.305      48    0.70    0.68    0.07    15.0    16.5   12.5   -    -     0.64
 98   2   0   2 0.261      48    0.71    0.69    0.08    12.8    12.5   12.5   -    -     0.65
 96   4   0   4 0.222      46    0.73    0.71    0.08    10.9    10.5   11.5   -    -     0.66
 96   4   0   4 0.184      46    0.74    0.72    0.08     9.0     9.5   10.0   -    -     0.67
 94   6   0   6 0.158      44    0.75    0.73    0.08     7.7     8.5   10.5   -    -     0.68
 94   6   0   6 0.141      44    0.76    0.73    0.07     6.9     6.5    9.0   -    -     0.69
 84  16   0  10 0.122      36    0.77    0.75    0.08     6.0     6.5    9.0   -    -     0.70
 66  34   0  18 0.112      22    0.77    0.75    0.09     5.5     6.5    9.0   -    -     0.71
 62  38   0  32 0.092      20    0.78    0.77    0.09     4.5     4.5    8.5   -    -     0.72
 58  42   0  42 0.077      17    0.79    0.78    0.08     3.8     3.5    7.5   -    -     0.73
 34  44  22  44 0.067       9    0.80    0.79    0.08     3.3     2.5    7.0   -    -     0.74
 34  44  22  44 0.058       9    0.81    0.81    0.07     2.8     1.5    6.0   -    -     0.75
 34  44  22  44 0.051       9    0.82    0.82    0.06     2.5     1.5    5.5   -    -     0.76
 32  48  20  48 0.047       8    0.83    0.83    0.06     2.3     1.5    5.5   -    -     0.77
 30  52  18  52 0.041       7    0.83    0.83    0.05     2.0     0.5    4.5   -    -     0.78
 18  54  28  54 0.035       4    0.84    0.83    0.04     1.7     0.5    4.5   -    -     0.79
 18  60  22  56 0.031       3    0.85    0.84    0.03     1.5     0.5    3.5   -    -     0.80
 12  66  22  56 0.029       3    0.85    0.84    0.03     1.4     0.5    3.5   -    -     0.81
 12  66  22  58 0.026       3    0.86    0.84    0.02     1.3     0.5    3.5   -    -     0.82
 12  68  20  60 0.021       2    0.86    0.85    0.04     1.0     0.5    2.5   -    -     0.83
 10  74  16  70 0.014       2    0.88    0.86    0.04     0.7     0.5    1.5   -    -     0.84
 10  82   8  70 0.011       2    0.88    0.87    0.04     0.6     0.5    1.5   -    -     0.85
 10  90   0  82 0.007       1    0.90    0.90    0.02     0.3     0.5    0.5   -    -     0.86
 10  90   0  82 0.006       1    0.91    0.90    0.02     0.3     0.5    0.5   -    -     0.87
  8  92   0  84 0.005       1    0.91    0.90    0.02     0.2     0.5    0.5   -    -     0.88
  8  92   0  84 0.004       1    0.92    0.91    0.02     0.2     0.5    0.5   -    -     0.89
  0 100   0  90 0.002       1    0.93    0.92    0.03     0.1     0.5    0.5   -    -     0.90
  0 100   0  90 0.002       1    0.93    0.92    0.03     0.1     0.5    0.5   -    -     0.91
  0 100   0  96 0.001       1    0.97    0.97    0.00     0.0     0.5    0.5   -    -     0.92
  0 100   0  96 0.001       1    0.97    0.97    0.00     0.0     0.5    0.5   -    -     0.93
  0 100   0  96 0.001       1    0.97    0.97    0.00     0.0     0.5    0.5   -    -     0.94
  0 100   0  96 0.001       1    0.97    0.97    0.00     0.0     0.5    0.5   -    -     0.95
  0 100   0  96 0.001       1    0.97    0.97    0.00     0.0     0.5    0.5   -    -     0.96
  0 100   0 100 0.000       1    0.00    0.00    0.00     0.0     0.5    0.5   -    -     0.97
  0 100   0 100 0.000       1    0.00    0.00    0.00     0.0     0.5    0.5   -    -     0.98
  0 100   0 100 0.000       1    0.00    0.00    0.00     0.0     0.5    0.5   -    -     0.99
---------------------------------------------------------------------------------------------
