-------------------------------------------------------------------------------
 L       Percentage of nodes in the largest component
 D       Percentage of nodes in components of size at most 3 [-div option]
 R       Percentage of nodes not in L or D: 100 - L -D
 S       Percentage of nodes that are singletons
 E       Fraction of edges retained (input graph has 2450)
 cce     Expected size of component, nodewise [ sum(sz^2) / sum^2(sz) ]
 EW      Edge weight traits (mean, median and IQR)
 ND      Node degree traits [mean, median and IQR]
 CCF     Clustering coefficient (scale 1-100)
 eff     Induced component efficiency relative to start graph (scale 1-1000)
Total number of nodes: 50
----------------------------------------------------------------------------------------------
  L   D   R   S     E     cce  EWmean   EWmed   EWiqr  NDmean   NDmed  NDiqr CCF  eff  Cutoff 
----------------------------------------------------------------------------------------------
100   0   0   0 0.526      50    0.55    0.54    0.05    25.8    25.5   10.0   -    -     0.50
100   0   0   0 0.456      50    0.55    0.55    0.04    22.3    22.5    9.0   -    -     0.51
100   0   0   0 0.391      50    0.56    0.55    0.04    19.2    19.5    9.0   -    -     0.52
100   0   0   0 0.334      50    0.57    0.56    0.04    16.4    15.5    8.0   -    -     0.53
100   0   0   0 0.265      50    0.57    0.57    0.04    13.0    12.5    5.5   -    -     0.54
100   0   0   0 0.199      50    0.58    0.57    0.04     9.8    10.5    6.0   -    -     0.55
 98   2   0   2 0.154      48    0.59    0.59    0.03     7.6     6.5    5.5   -    -     0.56
 92   8   0   4 0.121      42    0.60    0.59    0.03     5.9     5.5    5.5   -    -     0.57
 88  12   0   8 0.088      39    0.61    0.60    0.04     4.3     3.5    4.5   -    -     0.58
 74  16  10  12 0.065      28    0.62    0.61    0.03     3.2     3.5    3.5   -    -     0.59
 62  30   8  22 0.045      20    0.63    0.63    0.03     2.2     1.5    2.5   -    -     0.60
 54  38   8  30 0.033      15    0.64    0.63    0.03     1.6     1.5    3.0   -    -     0.61
 54  46   0  34 0.026      15    0.64    0.64    0.03     1.3     1.5    2.5   -    -     0.62
 14  76  10  48 0.016       3    0.66    0.65    0.02     0.8     1.5    1.5   -    -     0.63
 12  80   8  56 0.013       2    0.66    0.66    0.03     0.6     0.5    1.5   -    -     0.64
 12  88   0  68 0.008       2    0.67    0.67    0.02     0.4     0.5    1.5   -    -     0.65
  8  92   0  80 0.005       1    0.68    0.68    0.03     0.2     0.5    0.5   -    -     0.66
  8  92   0  84 0.004       1    0.69    0.68    0.03     0.2     0.5    0.5   -    -     0.67
  0 100   0  92 0.002       1    0.71    0.71    0.01     0.1     0.5    0.5   -    -     0.68
  0 100   0  92 0.002       1    0.71    0.71    0.01     0.1     0.5    0.5   -    -     0.69
  0 100   0  92 0.002       1    0.71    0.71    0.01     0.1     0.5    0.5   -    -     0.70
  0 100   0  96 0.001       1    0.71    0.71    0.00     0.0     0.5    0.5   -    -     0.71
  0 100   0 100 0.000       1    0.00    0.00    0.00     0.0     0.5    0.5   -    -     0.72
  0 100   0 100 0.000       1    0.00    0.00    0.00     0.0     0.5    0.5   -    -     0.73
  0 100   0 100 0.000       1    0.00    0.00    0.00     0.0     0.5    0.5   -    -     0.74
  0 100   0 100 0.000       1    0.00    0.00    0.00     0.0     0.5    0.5   -    -     0.75
  0 100   0 100 0.000       1    0.00    0.00    0.00     0.0     0.5    0.5   -    -     0.76
  0 100   0 100 0.000       1    0.00    0.00    0.00     0.0     0.5    0.5   -    -     0.77
  0 100   0 100 0.000       1    0.00    0.00    0.00     0.0     0.5    0.5   -    -     0.78
  0 100   0 100 0.000       1    0.00    0.00    0.00     0.0     0.5    0.5   -    -     0.79
  0 100   0 100 0.000       1    0.00    0.00    0.00     0.0     0.5    0.5   -    -     0.80
  0 100   0 100 0.000       1    0.00    0.00    0.00     0.0     0.5    0.5   -    -     0.81
  0 100   0 100 0.000       1    0.00    0.00    0.00     0.0     0.5    0.5   -    -     0.82
  0 100   0 100 0.000       1    0.00    0.00    0.00     0.0     0.5    0.5   -    -     0.83
  0 100   0 100 0.000       1    0.00    0.00    0.00     0.0     0.5    0.5   -    -     0.84
  0 100   0 100 0.000       1    0.00    0.00    0.00     0.0     0.5    0.5   -    -     0.85
  0 100   0 100 0.000       1    0.00    0.00    0.00     0.0     0.5    0.5   -    -     0.86
  0 100   0 100 0.000       1    0.00    0.00    0.00     0.0     0.5    0.5   -    -     0.87
  0 100   0 100 0.000       1    0.00    0.00    0.00     0.0     0.5    0.5   -    -     0.88
  0 100   0 100 0.000       1    0.00    0.00    0.00     0.0     0.5    0.5   -    -     0.89
  0 100   0 100 0.000       1    0.00    0.00    0.00     0.0     0.5    0.5   -    -     0.90
  0 100   0 100 0.000       1    0.00    0.00    0.00     0.0     0.5    0.5   -    -     0.91
  0 100   0 100 0.000       1    0.00    0.00    0.00     0.0     0.5    0.5   -    -     0.92
  0 100   0 100 0.000       1    0.00    0.00    0.00     0.0     0.5    0.5   -    -     0.93
  0 100   0 100 0.000       1    0.00    0.00    0.00     0.0     0.5    0.5   -    -     0.94
  0 100   0 100 0.000       1    0.00    0.00    0.00     0.0     0.5    0.5   -    -     0.95
  0 100   0 100 0.000       1    0.00    0.00    0.00     0.0     0.5    0.5   -    -     0.96
  0 100   0 100 0.000       1    0.00    0.00    0.00     0.0     0.5    0.5   -    -     0.97
  0 100   0 100 0.000       1    0.00    0.00    0.00     0.0     0.5    0.5   -    -     0.98
  0 100   0 100 0.000       1    0.00    0.00    0.00     0.0     0.5    0.5   -    -     0.99
---------------------------------------------------------------------------------------------
