10 -603464.301106
10 -602500.969281
10 -602493.827671
10 -602561.90146
10 -602771.949582
10 -602654.446783
10 -602259.013873
10 -602540.933846
10 -603357.910807
10 -602428.30676
10 -602680.627407
10 -602650.888371
10 -602581.768435
10 -602538.224961
10 -602303.804935
10 -602601.898517
10 -602964.405473
10 -602376.076506
10 -602350.681686
10 -602377.997765
10 -602595.171102
10 -602790.10396
10 -602303.357644
10 -602176.891724
10 -602866.343013
10 -602561.263951
10 -602272.436027
10 -602682.271143
10 -602702.355501
10 -602344.05727
10 -602476.796854
10 -602254.476018
10 -602627.015222
10 -602589.454541
10 -602073.843653
10 -602330.659873
10 -602132.338998
10 -601816.362257
10 -602233.462954
10 -602299.695279
10 -602437.135891
10 -602818.749178
10 -602532.07253
10 -602147.802371
10 -602601.473672
10 -602448.391369
10 -602439.412198
10 -601929.983055
10 -602472.834768
10 -602121.250029
11 -595124.986104
11 -594830.296539
11 -595408.324623
11 -594966.290373
11 -594824.910971
11 -595157.214636
11 -595203.061517
11 -595030.645436
11 -594932.154222
11 -595244.184653
11 -594794.801814
11 -595179.995655
11 -595278.038327
11 -595126.278639
11 -595229.439096
11 -594760.994434
11 -594944.526821
11 -595556.402615
11 -595332.44124
11 -595513.670709
11 -595021.794734
11 -594931.285499
11 -594762.604017
11 -594767.962951
11 -594504.662565
11 -594688.038541
11 -594901.057282
11 -594500.981174
11 -595339.121509
11 -594906.237688
11 -594955.199529
11 -594708.779535
11 -594780.40248
11 -595121.948796
11 -595200.099455
11 -595656.073768
11 -595063.625501
11 -594594.743609
11 -594734.99875
11 -594377.429564
11 -595088.168878
11 -595005.611571
11 -594634.79697
11 -595169.05192
11 -594998.645393
11 -595089.849927
11 -595194.003771
11 -595039.701331
11 -595592.052067
11 -595071.632182
12 -587677.531008
12 -587188.47744
12 -587470.238618
12 -587090.32623
12 -587557.54905
12 -587212.546115
12 -587264.286698
12 -588019.477415
12 -587280.11346
12 -587341.058418
12 -587667.559345
12 -588439.45332
12 -587517.135397
12 -587376.893226
12 -587544.467791
12 -587939.085984
12 -586962.213548
12 -587961.824243
12 -587258.567837
12 -587283.165612
12 -587471.933157
12 -587683.401428
12 -587450.626905
12 -587888.568464
12 -586814.661915
12 -588144.289715
12 -587279.518616
12 -587483.381052
12 -587354.876242
12 -587031.848741
12 -587554.152628
12 -587867.738806
12 -587935.3052
12 -587671.017191
12 -587911.036125
12 -587218.404085
12 -587959.6792
12 -587472.049471
12 -587825.657432
12 -587884.318533
12 -587454.099862
12 -586950.500237
12 -586957.521652
12 -587433.697199
12 -587661.838443
12 -588049.09164
12 -587892.740601
12 -587369.868108
12 -587944.831975
12 -587591.121724
13 -580777.715161
13 -580354.404925
13 -580146.084077
13 -580714.982549
13 -580533.577514
13 -580150.505465
13 -580135.797272
13 -580278.261237
13 -579971.57165
13 -580469.799927
13 -580038.493581
13 -580448.299146
13 -580114.389341
13 -580714.677891
13 -580753.442172
13 -580237.990846
13 -580690.992004
13 -580494.876973
13 -580164.61459
13 -579710.620021
13 -580104.253701
13 -580808.242275
13 -580032.714698
13 -579884.309252
13 -580113.47593
13 -579774.452778
13 -580548.497972
13 -580042.424888
13 -580132.093928
13 -580443.412621
13 -580418.675102
13 -580326.713673
13 -580902.982566
13 -580421.487035
13 -579696.048873
13 -579816.012207
13 -580077.880288
13 -580372.384363
13 -579995.429295
13 -580306.618597
13 -580377.900011
13 -580288.706126
13 -580180.30248
13 -579851.198052
13 -581673.812049
13 -580762.958211
13 -580003.149091
13 -580321.948057
13 -579931.641487
13 -579949.537697
14 -573197.257721
14 -572656.751261
14 -572619.12324
14 -572419.244763
14 -572750.921237
14 -573189.402081
14 -572649.554856
14 -572888.312938
14 -572765.229589
14 -573101.273131
14 -573520.049996
14 -573257.780615
14 -572783.675923
14 -573084.017445
14 -573126.23736
14 -573130.162664
14 -572817.065018
14 -573003.642122
14 -573120.720892
14 -572585.000394
14 -573499.525324
14 -572601.777694
14 -572620.853381
14 -572457.328663
14 -573171.316082
14 -573991.889889
14 -573121.639333
14 -572960.198115
14 -572841.966725
14 -572938.377783
14 -573003.568593
14 -573484.704193
14 -573406.50808
14 -572893.623789
14 -573916.899395
14 -573132.027834
14 -572982.254951
14 -572118.37815
14 -573385.253988
14 -572739.941788
14 -573098.178206
14 -573068.898641
14 -573115.292251
14 -573463.791185
14 -573292.555135
14 -573211.196046
14 -572861.298526
14 -572822.381085
14 -572356.000272
14 -572750.517127
1 -681435.03705
1 -681435.03705
1 -681435.03705
1 -681435.03705
1 -681435.03705
1 -681435.03705
1 -681435.03705
1 -681435.03705
1 -681435.03705
1 -681435.03705
1 -681435.03705
1 -681435.03705
1 -681435.03705
1 -681435.03705
1 -681435.03705
1 -681435.03705
1 -681435.03705
1 -681435.03705
1 -681435.03705
1 -681435.03705
1 -681435.03705
1 -681435.03705
1 -681435.03705
1 -681435.03705
1 -681435.03705
1 -681435.03705
1 -681435.03705
1 -681435.03705
1 -681435.03705
1 -681435.03705
1 -681435.03705
1 -681435.03705
1 -681435.03705
1 -681435.03705
1 -681435.03705
1 -681435.03705
1 -681435.03705
1 -681435.03705
1 -681435.03705
1 -681435.03705
1 -681435.03705
1 -681435.03705
1 -681435.03705
1 -681435.03705
1 -681435.03705
1 -681435.03705
1 -681435.03705
1 -681435.03705
1 -681435.03705
1 -681435.03705
2 -668475.013833
2 -668924.135141
2 -668924.126423
2 -668924.128395
2 -668924.131037
2 -668475.01697
2 -668475.006316
2 -670217.366187
2 -668924.119227
2 -668475.002903
2 -668475.001548
2 -668475.01961
2 -668924.136297
2 -668924.135931
2 -668475.105728
2 -668475.0018
2 -668475.018593
2 -668475.018253
2 -668924.136298
2 -668475.00683
2 -668924.124248
2 -668475.001395
2 -668924.132465
2 -668924.123717
2 -668475.356748
2 -668924.112599
2 -668475.055505
2 -668475.026996
2 -668474.996492
2 -668475.00737
2 -668475.007894
2 -668924.138052
2 -668475.018492
2 -670438.297317
2 -668474.997677
2 -668475.08428
2 -668474.997534
2 -668924.142479
2 -668475.006015
2 -668924.124533
2 -668924.118318
2 -668924.145062
2 -668924.138688
2 -668475.003621
2 -668924.118179
2 -668474.995914
2 -668924.125119
2 -668924.144206
2 -668924.125715
2 -668475.008048
3 -659432.793173
3 -658864.499788
3 -660497.32655
3 -659287.659573
3 -659540.060268
3 -659046.134361
3 -659423.162563
3 -658208.052198
3 -660316.408359
3 -659252.584266
3 -660428.099195
3 -658987.465653
3 -658208.083254
3 -659772.584273
3 -659319.26313
3 -659185.181564
3 -659250.847279
3 -659733.231683
3 -659402.460431
3 -659167.518243
3 -660301.032968
3 -659431.149621
3 -659700.215946
3 -658604.459651
3 -660574.487277
3 -660546.816516
3 -660448.90182
3 -659479.305951
3 -658208.07156
3 -659683.572532
3 -659245.514506
3 -658310.245265
3 -660729.725055
3 -658310.198596
3 -658693.325591
3 -659612.961056
3 -659084.2282
3 -659551.051998
3 -659179.873363
3 -660231.882431
3 -660558.73624
3 -659546.026768
3 -658997.297764
3 -658310.206468
3 -658804.589422
3 -659440.86629
3 -660459.24117
3 -659641.316829
3 -660642.234374
3 -660663.863641
4 -649540.848724
4 -649927.425448
4 -650274.93445
4 -649895.523096
4 -651061.59181
4 -652244.538002
4 -650093.097622
4 -649987.476082
4 -649790.122767
4 -649920.283953
4 -649985.857569
4 -650893.129532
4 -650193.627782
4 -650627.067754
4 -649775.375666
4 -649847.728805
4 -650138.916006
4 -649681.34026
4 -649685.979999
4 -649729.986325
4 -649804.291467
4 -650142.505103
4 -650938.325525
4 -650065.301887
4 -649738.153305
4 -650814.879262
4 -650735.834436
4 -650926.111388
4 -649900.983009
4 -649977.532849
4 -650539.203256
4 -650202.984714
4 -649835.080766
4 -650302.710755
4 -650531.503089
4 -650334.079568
4 -650923.337751
4 -649626.248634
4 -649696.379144
4 -651936.163354
4 -650098.679721
4 -650448.906983
4 -650515.708113
4 -649778.680956
4 -649991.557719
4 -650066.258882
4 -649928.020979
4 -650231.421959
4 -652145.043851
4 -649772.485663
5 -641933.642113
5 -641323.843033
5 -641666.496051
5 -641545.438478
5 -644493.814955
5 -641675.964757
5 -644429.01514
5 -642298.133954
5 -641413.192227
5 -643949.626046
5 -642268.101184
5 -642224.775037
5 -641407.729664
5 -641473.522482
5 -641490.346236
5 -641818.910869
5 -641443.173385
5 -641503.358422
5 -642164.069855
5 -641401.714595
5 -641861.584242
5 -642389.390587
5 -641448.369006
5 -641607.480519
5 -642136.839018
5 -641436.121846
5 -641362.282091
5 -641838.841658
5 -641602.982417
5 -642471.199421
5 -641446.402746
5 -641612.020168
5 -641415.7179
5 -641464.290481
5 -642009.781926
5 -641181.441318
5 -644041.182117
5 -641366.332019
5 -641667.352832
5 -641997.748238
5 -641317.301919
5 -644280.743119
5 -642279.625757
5 -641315.39044
5 -641595.434407
5 -641553.613634
5 -642123.380833
5 -641375.131288
5 -641467.175314
5 -642804.588134
6 -633565.524445
6 -634137.00993
6 -633400.224417
6 -633984.89681
6 -633364.222939
6 -634123.154158
6 -633891.877536
6 -634356.323973
6 -633538.305271
6 -633822.614768
6 -633550.209613
6 -633688.662449
6 -633335.415446
6 -633812.013732
6 -633349.34897
6 -634077.611761
6 -633378.090364
6 -633715.913023
6 -633434.025581
6 -634264.955033
6 -633943.712384
6 -633517.754792
6 -633446.686752
6 -633516.331951
6 -634475.298917
6 -633335.499363
6 -633330.799261
6 -633391.503324
6 -633641.892566
6 -633751.407588
6 -633487.619788
6 -633508.196988
6 -633403.892767
6 -636271.035175
6 -633587.13515
6 -633891.396422
6 -633256.187855
6 -635973.793528
6 -633954.097901
6 -633486.295906
6 -633804.801988
6 -633777.081794
6 -635970.973883
6 -633255.128869
6 -633675.059126
6 -633419.071693
6 -634014.669433
6 -634015.749437
6 -633936.500199
6 -633528.340038
7 -625246.878409
7 -625366.135661
7 -626058.802619
7 -625727.476982
7 -625623.168368
7 -625766.661728
7 -625612.451463
7 -625613.314999
7 -625595.781666
7 -625731.717397
7 -625447.75634
7 -625453.144513
7 -625702.937907
7 -625732.813222
7 -625960.521618
7 -625677.833217
7 -625476.373254
7 -625813.090444
7 -625608.821526
7 -625710.366152
7 -625406.610052
7 -625484.946433
7 -625823.766196
7 -626137.863336
7 -625628.828755
7 -625587.629111
7 -626417.681486
7 -625390.57671
7 -625682.76164
7 -625260.248589
7 -625307.233914
7 -625914.919776
7 -625390.823741
7 -625399.1165
7 -625528.899911
7 -626076.573909
7 -625201.327646
7 -625442.262099
7 -625519.763776
7 -625442.867247
7 -625762.130758
7 -625916.610443
7 -625349.434301
7 -625515.293111
7 -625459.648375
7 -625294.819359
7 -625532.973348
7 -626322.427349
7 -626223.354238
7 -625907.12575
8 -617893.218434
8 -617575.624974
8 -617938.368739
8 -617893.804185
8 -617466.054621
8 -617497.098941
8 -617774.695096
8 -617688.611299
8 -617738.502525
8 -617970.559163
8 -617361.73818
8 -618462.617403
8 -617727.52341
8 -618127.194307
8 -617876.520979
8 -617779.433098
8 -618006.089151
8 -617888.481665
8 -617821.813793
8 -617792.627254
8 -617661.814346
8 -617841.465251
8 -618083.712044
8 -617688.163894
8 -618478.048898
8 -617416.843818
8 -617624.8774
8 -620533.148857
8 -617595.820798
8 -617617.629099
8 -617222.799481
8 -617856.475894
8 -617951.875005
8 -617664.837857
8 -618129.03287
8 -617911.979342
8 -617867.681195
8 -617924.439546
8 -617863.938719
8 -617498.12467
8 -617375.961377
8 -617751.693682
8 -617588.594417
8 -617682.052611
8 -618509.761825
8 -618774.473464
8 -618358.978703
8 -617510.072996
8 -617448.150256
8 -618091.476202
9 -610532.582704
9 -610240.715211
9 -610340.530219
9 -610250.396481
9 -610422.797898
9 -609862.189845
9 -610271.341793
9 -610160.264229
9 -610177.97869
9 -609947.658596
9 -609983.461132
9 -610194.56254
9 -609776.695114
9 -609824.356149
9 -610740.783602
9 -610078.963227
9 -609845.365264
9 -610270.052269
9 -609731.681681
9 -610020.476826
9 -609794.383338
9 -610170.451246
9 -610093.263312
9 -609944.681769
9 -610436.375714
9 -609862.272191
9 -609811.986623
9 -609762.410238
9 -610452.328591
9 -609856.068913
9 -609638.610683
9 -609971.462043
9 -609820.22395
9 -610111.262787
9 -609880.348515
9 -610136.452619
9 -609996.129855
9 -610353.538002
9 -610342.116713
9 -610483.239427
9 -610126.034865
9 -609756.356453
9 -610188.125767
9 -609761.093059
9 -610219.958841
9 -610191.997954
9 -610113.30937
9 -610350.642107
9 -609869.20955
9 -610214.708878
