-------------------------------------------------------------------------------
 L       Percentage of nodes in the largest component
 D       Percentage of nodes in components of size at most 3 [-div option]
 R       Percentage of nodes not in L or D: 100 - L -D
 S       Percentage of nodes that are singletons
 E       Fraction of edges retained (input graph has 2450)
 cce     Expected size of component, nodewise [ sum(sz^2) / sum^2(sz) ]
 EW      Edge weight traits (mean, median and IQR)
 ND      Node degree traits [mean, median and IQR]
 CCF     Clustering coefficient (scale 1-100)
 eff     Induced component efficiency relative to start graph (scale 1-1000)
Total number of nodes: 50
----------------------------------------------------------------------------------------------
  L   D   R   S     E     cce  EWmean   EWmed   EWiqr  NDmean   NDmed  NDiqr CCF  eff  Cutoff 
----------------------------------------------------------------------------------------------
100   0   0   0 0.822      50    0.57    0.56    0.07    40.3    42.5    8.5   -    -     0.50
100   0   0   0 0.771      50    0.58    0.57    0.06    37.8    40.5   10.5   -    -     0.51
100   0   0   0 0.709      50    0.58    0.57    0.06    34.8    38.5   12.0   -    -     0.52
100   0   0   0 0.647      50    0.59    0.58    0.06    31.7    35.5   12.5   -    -     0.53
100   0   0   0 0.581      50    0.59    0.58    0.06    28.5    31.5   13.0   -    -     0.54
100   0   0   0 0.509      50    0.60    0.59    0.05    25.0    26.5   12.5   -    -     0.55
100   0   0   0 0.449      50    0.61    0.60    0.05    22.0    23.5   12.5   -    -     0.56
100   0   0   0 0.380      50    0.62    0.61    0.05    18.6    19.5   13.0   -    -     0.57
100   0   0   0 0.318      50    0.62    0.61    0.05    15.6    16.5   11.5   -    -     0.58
100   0   0   0 0.265      50    0.63    0.62    0.04    13.0    13.5   10.5   -    -     0.59
100   0   0   0 0.215      50    0.64    0.63    0.04    10.5    10.5    9.5   -    -     0.60
 98   2   0   2 0.171      48    0.65    0.64    0.05     8.4     7.5    8.5   -    -     0.61
 98   2   0   2 0.136      48    0.66    0.65    0.05     6.7     6.5    8.0   -    -     0.62
 96   4   0   4 0.104      46    0.67    0.66    0.04     5.1     4.5    6.5   -    -     0.63
 92   8   0   8 0.083      42    0.68    0.68    0.04     4.1     3.5    4.5   -    -     0.64
 82  18   0  18 0.060      34    0.69    0.68    0.04     3.0     2.5    3.5   -    -     0.65
 76  24   0  20 0.051      29    0.70    0.68    0.03     2.5     2.5    3.5   -    -     0.66
 68  32   0  22 0.045      24    0.70    0.69    0.03     2.2     2.5    2.5   -    -     0.67
 26  38  36  34 0.033       7    0.71    0.70    0.04     1.6     1.5    3.5   -    -     0.68
 14  66  20  44 0.024       3    0.72    0.71    0.03     1.2     1.5    2.5   -    -     0.69
 14  78   8  54 0.017       2    0.73    0.72    0.02     0.8     0.5    1.5   -    -     0.70
 10  90   0  66 0.011       2    0.74    0.73    0.03     0.6     0.5    1.5   -    -     0.71
 10  90   0  70 0.010       2    0.75    0.73    0.03     0.5     0.5    1.5   -    -     0.72
  8  92   0  86 0.004       1    0.78    0.76    0.04     0.2     0.5    0.5   -    -     0.73
  8  92   0  86 0.004       1    0.78    0.76    0.04     0.2     0.5    0.5   -    -     0.74
  0 100   0  88 0.003       1    0.78    0.78    0.03     0.2     0.5    0.5   -    -     0.75
  0 100   0  90 0.002       1    0.79    0.79    0.03     0.1     0.5    0.5   -    -     0.76
  0 100   0  92 0.002       1    0.81    0.81    0.03     0.1     0.5    0.5   -    -     0.77
  0 100   0  92 0.002       1    0.81    0.81    0.03     0.1     0.5    0.5   -    -     0.78
  0 100   0  92 0.002       1    0.81    0.81    0.03     0.1     0.5    0.5   -    -     0.79
  0 100   0  96 0.001       1    0.82    0.82    0.00     0.0     0.5    0.5   -    -     0.80
  0 100   0  96 0.001       1    0.82    0.82    0.00     0.0     0.5    0.5   -    -     0.81
  0 100   0  96 0.001       1    0.82    0.82    0.00     0.0     0.5    0.5   -    -     0.82
  0 100   0 100 0.000       1    0.00    0.00    0.00     0.0     0.5    0.5   -    -     0.83
  0 100   0 100 0.000       1    0.00    0.00    0.00     0.0     0.5    0.5   -    -     0.84
  0 100   0 100 0.000       1    0.00    0.00    0.00     0.0     0.5    0.5   -    -     0.85
  0 100   0 100 0.000       1    0.00    0.00    0.00     0.0     0.5    0.5   -    -     0.86
  0 100   0 100 0.000       1    0.00    0.00    0.00     0.0     0.5    0.5   -    -     0.87
  0 100   0 100 0.000       1    0.00    0.00    0.00     0.0     0.5    0.5   -    -     0.88
  0 100   0 100 0.000       1    0.00    0.00    0.00     0.0     0.5    0.5   -    -     0.89
  0 100   0 100 0.000       1    0.00    0.00    0.00     0.0     0.5    0.5   -    -     0.90
  0 100   0 100 0.000       1    0.00    0.00    0.00     0.0     0.5    0.5   -    -     0.91
  0 100   0 100 0.000       1    0.00    0.00    0.00     0.0     0.5    0.5   -    -     0.92
  0 100   0 100 0.000       1    0.00    0.00    0.00     0.0     0.5    0.5   -    -     0.93
  0 100   0 100 0.000       1    0.00    0.00    0.00     0.0     0.5    0.5   -    -     0.94
  0 100   0 100 0.000       1    0.00    0.00    0.00     0.0     0.5    0.5   -    -     0.95
  0 100   0 100 0.000       1    0.00    0.00    0.00     0.0     0.5    0.5   -    -     0.96
  0 100   0 100 0.000       1    0.00    0.00    0.00     0.0     0.5    0.5   -    -     0.97
  0 100   0 100 0.000       1    0.00    0.00    0.00     0.0     0.5    0.5   -    -     0.98
  0 100   0 100 0.000       1    0.00    0.00    0.00     0.0     0.5    0.5   -    -     0.99
---------------------------------------------------------------------------------------------
