-------------------------------------------------------------------------------
 L       Percentage of nodes in the largest component
 D       Percentage of nodes in components of size at most 3 [-div option]
 R       Percentage of nodes not in L or D: 100 - L -D
 S       Percentage of nodes that are singletons
 E       Fraction of edges retained (input graph has 2450)
 cce     Expected size of component, nodewise [ sum(sz^2) / sum^2(sz) ]
 EW      Edge weight traits (mean, median and IQR)
 ND      Node degree traits [mean, median and IQR]
 CCF     Clustering coefficient (scale 1-100)
 eff     Induced component efficiency relative to start graph (scale 1-1000)
Total number of nodes: 50
----------------------------------------------------------------------------------------------
  L   D   R   S     E     cce  EWmean   EWmed   EWiqr  NDmean   NDmed  NDiqr CCF  eff  Cutoff 
----------------------------------------------------------------------------------------------
100   0   0   0 0.805      50    0.58    0.57    0.07    39.4    41.5   10.5   -    -     0.50
100   0   0   0 0.754      50    0.58    0.57    0.07    37.0    39.5   14.0   -    -     0.51
100   0   0   0 0.696      50    0.59    0.58    0.07    34.1    36.5   15.5   -    -     0.52
100   0   0   0 0.618      50    0.59    0.58    0.06    30.3    32.5   19.0   -    -     0.53
100   0   0   0 0.550      50    0.60    0.59    0.06    27.0    28.5   17.0   -    -     0.54
100   0   0   0 0.504      50    0.61    0.59    0.05    24.7    25.5   16.5   -    -     0.55
100   0   0   0 0.435      50    0.61    0.60    0.05    21.3    22.5   16.5   -    -     0.56
100   0   0   0 0.384      50    0.62    0.61    0.06    18.8    18.5   17.5   -    -     0.57
 98   2   0   2 0.328      48    0.63    0.61    0.06    16.1    14.5   17.0   -    -     0.58
 96   4   0   4 0.264      46    0.64    0.62    0.06    13.0     9.5   15.5   -    -     0.59
 94   6   0   6 0.222      44    0.65    0.63    0.05    10.9     7.5   15.5   -    -     0.60
 94   6   0   6 0.180      44    0.66    0.65    0.05     8.8     5.5   14.0   -    -     0.61
 80  20   0  16 0.148      32    0.66    0.66    0.05     7.2     4.5   11.5   -    -     0.62
 72  28   0  24 0.117      26    0.68    0.67    0.04     5.7     2.5   10.0   -    -     0.63
 68  32   0  28 0.100      23    0.68    0.67    0.05     4.9     1.5   10.0   -    -     0.64
 62  38   0  34 0.086      20    0.69    0.68    0.04     4.2     1.5    8.0   -    -     0.65
 54  46   0  42 0.070      15    0.70    0.69    0.04     3.4     1.5    6.0   -    -     0.66
 42  58   0  54 0.052       9    0.71    0.70    0.04     2.6     0.5    4.0   -    -     0.67
 40  60   0  60 0.043       9    0.71    0.71    0.04     2.1     0.5    2.5   -    -     0.68
 34  66   0  66 0.033       6    0.72    0.71    0.03     1.6     0.5    2.0   -    -     0.69
 34  66   0  66 0.027       6    0.73    0.72    0.02     1.3     0.5    2.0   -    -     0.70
 30  70   0  70 0.020       5    0.73    0.73    0.02     1.0     0.5    1.5   -    -     0.71
 26  74   0  74 0.016       4    0.74    0.73    0.01     0.8     0.5    1.0   -    -     0.72
 20  80   0  76 0.011       3    0.75    0.74    0.01     0.6     0.5    0.5   -    -     0.73
 10  90   0  82 0.005       1    0.76    0.75    0.05     0.2     0.5    0.5   -    -     0.74
  8  92   0  92 0.002       1    0.78    0.79    0.02     0.1     0.5    0.5   -    -     0.75
  0 100   0  94 0.002       1    0.79    0.79    0.00     0.1     0.5    0.5   -    -     0.76
  0 100   0  94 0.002       1    0.79    0.79    0.00     0.1     0.5    0.5   -    -     0.77
  0 100   0  94 0.002       1    0.79    0.79    0.00     0.1     0.5    0.5   -    -     0.78
  0 100   0  94 0.002       1    0.79    0.79    0.00     0.1     0.5    0.5   -    -     0.79
  0 100   0 100 0.000       1    0.00    0.00    0.00     0.0     0.5    0.5   -    -     0.80
  0 100   0 100 0.000       1    0.00    0.00    0.00     0.0     0.5    0.5   -    -     0.81
  0 100   0 100 0.000       1    0.00    0.00    0.00     0.0     0.5    0.5   -    -     0.82
  0 100   0 100 0.000       1    0.00    0.00    0.00     0.0     0.5    0.5   -    -     0.83
  0 100   0 100 0.000       1    0.00    0.00    0.00     0.0     0.5    0.5   -    -     0.84
  0 100   0 100 0.000       1    0.00    0.00    0.00     0.0     0.5    0.5   -    -     0.85
  0 100   0 100 0.000       1    0.00    0.00    0.00     0.0     0.5    0.5   -    -     0.86
  0 100   0 100 0.000       1    0.00    0.00    0.00     0.0     0.5    0.5   -    -     0.87
  0 100   0 100 0.000       1    0.00    0.00    0.00     0.0     0.5    0.5   -    -     0.88
  0 100   0 100 0.000       1    0.00    0.00    0.00     0.0     0.5    0.5   -    -     0.89
  0 100   0 100 0.000       1    0.00    0.00    0.00     0.0     0.5    0.5   -    -     0.90
  0 100   0 100 0.000       1    0.00    0.00    0.00     0.0     0.5    0.5   -    -     0.91
  0 100   0 100 0.000       1    0.00    0.00    0.00     0.0     0.5    0.5   -    -     0.92
  0 100   0 100 0.000       1    0.00    0.00    0.00     0.0     0.5    0.5   -    -     0.93
  0 100   0 100 0.000       1    0.00    0.00    0.00     0.0     0.5    0.5   -    -     0.94
  0 100   0 100 0.000       1    0.00    0.00    0.00     0.0     0.5    0.5   -    -     0.95
  0 100   0 100 0.000       1    0.00    0.00    0.00     0.0     0.5    0.5   -    -     0.96
  0 100   0 100 0.000       1    0.00    0.00    0.00     0.0     0.5    0.5   -    -     0.97
  0 100   0 100 0.000       1    0.00    0.00    0.00     0.0     0.5    0.5   -    -     0.98
  0 100   0 100 0.000       1    0.00    0.00    0.00     0.0     0.5    0.5   -    -     0.99
---------------------------------------------------------------------------------------------
