1.0000 0.7832 1.0000 0.7832 1.0000 0.7832 0.7832 1.0000 0.7832 1.0000 0.7832 1.0000 0.7832 1.0000 0.7832 1.0000 0.7832 0.9999 1.0000 0.7832 0.7832 0.7832 1.0000 1.0000 0.9999 1.0000 0.7832 1.0000 0.7832 1.0000 0.7832 1.0000 0.7832 1.0000 1.0000 1.0000 0.7832 1.0000 0.7832 0.9999 0.7832 0.7832 1.0000 0.7832 0.7832 1.0000 0.7832 0.7832 1.0000 0.7832
0.7832 1.0000 0.7832 1.0000 0.7832 1.0000 0.9999 0.7832 1.0000 0.7832 1.0000 0.7832 1.0000 0.7832 1.0000 0.7832 0.9999 0.7832 0.7832 1.0000 1.0000 1.0000 0.7832 0.7832 0.7832 0.7832 1.0000 0.7832 1.0000 0.7832 1.0000 0.7832 1.0000 0.7832 0.7832 0.7832 0.9999 0.7832 1.0000 0.7832 1.0000 1.0000 0.7832 1.0000 1.0000 0.7832 1.0000 1.0000 0.7832 1.0000
1.0000 0.7832 1.0000 0.7832 1.0000 0.7832 0.7832 1.0000 0.7832 1.0000 0.7832 1.0000 0.7832 1.0000 0.7832 1.0000 0.7832 0.9999 1.0000 0.7832 0.7832 0.7832 1.0000 1.0000 0.9999 1.0000 0.7832 1.0000 0.7832 1.0000 0.7832 1.0000 0.7832 1.0000 1.0000 1.0000 0.7832 1.0000 0.7832 0.9999 0.7832 0.7832 1.0000 0.7832 0.7832 1.0000 0.7832 0.7832 1.0000 0.7832
0.7832 1.0000 0.7832 1.0000 0.7832 1.0000 0.9999 0.7832 1.0000 0.7832 1.0000 0.7832 1.0000 0.7832 1.0000 0.7832 0.9999 0.7832 0.7832 1.0000 1.0000 1.0000 0.7832 0.7832 0.7832 0.7832 1.0000 0.7832 1.0000 0.7832 1.0000 0.7832 1.0000 0.7832 0.7832 0.7832 0.9999 0.7832 1.0000 0.7832 1.0000 0.9999 0.7832 1.0000 1.0000 0.7832 1.0000 1.0000 0.7832 1.0000
1.0000 0.7832 1.0000 0.7832 1.0000 0.7832 0.7832 1.0000 0.7832 1.0000 0.7832 1.0000 0.7832 1.0000 0.7832 1.0000 0.7832 1.0000 1.0000 0.7832 0.7832 0.7832 1.0000 1.0000 0.9999 1.0000 0.7832 1.0000 0.7832 1.0000 0.7832 1.0000 0.7832 1.0000 1.0000 1.0000 0.7832 1.0000 0.7832 0.9999 0.7832 0.7832 1.0000 0.7832 0.7832 1.0000 0.7832 0.7832 1.0000 0.7832
0.7832 1.0000 0.7832 1.0000 0.7832 1.0000 0.9999 0.7832 1.0000 0.7832 1.0000 0.7832 1.0000 0.7832 1.0000 0.7832 0.9999 0.7832 0.7832 1.0000 1.0000 1.0000 0.7832 0.7832 0.7832 0.7832 1.0000 0.7832 1.0000 0.7832 1.0000 0.7832 1.0000 0.7832 0.7832 0.7832 0.9999 0.7832 1.0000 0.7832 1.0000 1.0000 0.7832 1.0000 1.0000 0.7832 1.0000 1.0000 0.7832 1.0000
0.7832 0.9999 0.7832 0.9999 0.7832 0.9999 1.0000 0.7832 0.9999 0.7832 0.9999 0.7832 0.9999 0.7832 0.9999 0.7832 1.0000 0.7832 0.7832 0.9999 0.9999 0.9999 0.7832 0.7832 0.7832 0.7832 0.9999 0.7832 0.9999 0.7832 1.0000 0.7832 0.9999 0.7832 0.7832 0.7832 1.0000 0.7832 0.9999 0.7832 0.9999 1.0000 0.7832 0.9999 0.9999 0.7832 0.9999 0.9999 0.7832 0.9999
1.0000 0.7832 1.0000 0.7832 1.0000 0.7832 0.7832 1.0000 0.7832 1.0000 0.7832 1.0000 0.7832 1.0000 0.7832 1.0000 0.7832 0.9999 1.0000 0.7832 0.7832 0.7832 1.0000 1.0000 0.9999 1.0000 0.7832 1.0000 0.7832 1.0000 0.7832 1.0000 0.7832 1.0000 1.0000 1.0000 0.7832 1.0000 0.7832 0.9999 0.7832 0.7832 1.0000 0.7832 0.7832 1.0000 0.7832 0.7832 1.0000 0.7832
0.7832 1.0000 0.7832 1.0000 0.7832 1.0000 0.9999 0.7832 1.0000 0.7832 1.0000 0.7832 1.0000 0.7832 1.0000 0.7832 0.9999 0.7832 0.7832 1.0000 1.0000 1.0000 0.7832 0.7832 0.7832 0.7832 1.0000 0.7832 1.0000 0.7832 1.0000 0.7832 1.0000 0.7832 0.7832 0.7832 0.9999 0.7832 1.0000 0.7832 1.0000 1.0000 0.7832 1.0000 1.0000 0.7832 1.0000 1.0000 0.7832 1.0000
1.0000 0.7832 1.0000 0.7832 1.0000 0.7832 0.7832 1.0000 0.7832 1.0000 0.7832 1.0000 0.7832 1.0000 0.7832 1.0000 0.7832 1.0000 1.0000 0.7832 0.7832 0.7832 1.0000 1.0000 0.9999 1.0000 0.7832 1.0000 0.7832 1.0000 0.7832 1.0000 0.7832 1.0000 1.0000 1.0000 0.7832 1.0000 0.7832 1.0000 0.7832 0.7832 1.0000 0.7832 0.7832 1.0000 0.7832 0.7832 1.0000 0.7832
0.7832 1.0000 0.7832 1.0000 0.7832 1.0000 0.9999 0.7832 1.0000 0.7832 1.0000 0.7832 1.0000 0.7832 1.0000 0.7832 0.9999 0.7832 0.7832 1.0000 1.0000 1.0000 0.7832 0.7832 0.7832 0.7832 1.0000 0.7832 1.0000 0.7832 1.0000 0.7832 1.0000 0.7832 0.7832 0.7832 0.9999 0.7832 1.0000 0.7832 1.0000 1.0000 0.7832 1.0000 1.0000 0.7832 1.0000 1.0000 0.7832 1.0000
1.0000 0.7832 1.0000 0.7832 1.0000 0.7832 0.7832 1.0000 0.7832 1.0000 0.7832 1.0000 0.7832 1.0000 0.7832 1.0000 0.7832 1.0000 1.0000 0.7832 0.7832 0.7832 1.0000 1.0000 0.9999 1.0000 0.7832 1.0000 0.7832 1.0000 0.7832 1.0000 0.7832 1.0000 1.0000 1.0000 0.7832 1.0000 0.7832 0.9999 0.7832 0.7832 1.0000 0.7832 0.7832 1.0000 0.7832 0.7832 1.0000 0.7832
0.7832 1.0000 0.7832 1.0000 0.7832 1.0000 0.9999 0.7832 1.0000 0.7832 1.0000 0.7832 1.0000 0.7832 1.0000 0.7832 0.9999 0.7832 0.7832 1.0000 1.0000 1.0000 0.7832 0.7832 0.7832 0.7832 1.0000 0.7832 1.0000 0.7832 1.0000 0.7832 1.0000 0.7832 0.7832 0.7832 1.0000 0.7832 1.0000 0.7832 1.0000 1.0000 0.7832 1.0000 1.0000 0.7832 1.0000 1.0000 0.7832 1.0000
1.0000 0.7832 1.0000 0.7832 1.0000 0.7832 0.7832 1.0000 0.7832 1.0000 0.7832 1.0000 0.7832 1.0000 0.7832 1.0000 0.7832 1.0000 1.0000 0.7832 0.7832 0.7832 1.0000 1.0000 0.9999 1.0000 0.7832 1.0000 0.7832 1.0000 0.7832 1.0000 0.7832 1.0000 1.0000 1.0000 0.7832 1.0000 0.7832 0.9999 0.7832 0.7832 1.0000 0.7832 0.7832 1.0000 0.7832 0.7832 1.0000 0.7832
0.7832 1.0000 0.7832 1.0000 0.7832 1.0000 0.9999 0.7832 1.0000 0.7832 1.0000 0.7832 1.0000 0.7832 1.0000 0.7832 0.9999 0.7832 0.7832 1.0000 1.0000 1.0000 0.7832 0.7832 0.7832 0.7832 1.0000 0.7832 1.0000 0.7832 1.0000 0.7832 1.0000 0.7832 0.7832 0.7832 0.9999 0.7832 1.0000 0.7832 1.0000 0.9999 0.7832 1.0000 1.0000 0.7832 1.0000 1.0000 0.7832 1.0000
1.0000 0.7832 1.0000 0.7832 1.0000 0.7832 0.7832 1.0000 0.7832 1.0000 0.7832 1.0000 0.7832 1.0000 0.7832 1.0000 0.7832 1.0000 1.0000 0.7832 0.7832 0.7832 1.0000 1.0000 0.9999 1.0000 0.7832 1.0000 0.7832 1.0000 0.7832 1.0000 0.7832 1.0000 1.0000 1.0000 0.7832 1.0000 0.7832 0.9999 0.7832 0.7832 1.0000 0.7832 0.7832 1.0000 0.7832 0.7832 1.0000 0.7832
0.7832 0.9999 0.7832 0.9999 0.7832 0.9999 1.0000 0.7832 0.9999 0.7832 0.9999 0.7832 0.9999 0.7832 0.9999 0.7832 1.0000 0.7832 0.7832 0.9999 0.9999 0.9999 0.7832 0.7832 0.7832 0.7832 0.9999 0.7832 0.9999 0.7832 0.9999 0.7832 0.9999 0.7832 0.7832 0.7832 1.0000 0.7832 0.9999 0.7832 0.9999 1.0000 0.7832 0.9999 0.9999 0.7832 0.9999 0.9999 0.7832 0.9999
0.9999 0.7832 0.9999 0.7832 1.0000 0.7832 0.7832 0.9999 0.7832 1.0000 0.7832 1.0000 0.7832 1.0000 0.7832 1.0000 0.7832 1.0000 1.0000 0.7832 0.7832 0.7832 1.0000 1.0000 1.0000 1.0000 0.7832 1.0000 0.7832 1.0000 0.7832 0.9999 0.7832 1.0000 1.0000 0.9999 0.7832 1.0000 0.7832 1.0000 0.7832 0.7832 1.0000 0.7832 0.7832 1.0000 0.7832 0.7832 1.0000 0.7832
1.0000 0.7832 1.0000 0.7832 1.0000 0.7832 0.7832 1.0000 0.7832 1.0000 0.7832 1.0000 0.7832 1.0000 0.7832 1.0000 0.7832 1.0000 1.0000 0.7832 0.7832 0.7832 1.0000 1.0000 0.9999 1.0000 0.7832 1.0000 0.7832 1.0000 0.7832 1.0000 0.7832 1.0000 1.0000 1.0000 0.7832 1.0000 0.7832 0.9999 0.7832 0.7832 1.0000 0.7832 0.7832 1.0000 0.7832 0.7832 1.0000 0.7832
0.7832 1.0000 0.7832 1.0000 0.7832 1.0000 0.9999 0.7832 1.0000 0.7832 1.0000 0.7832 1.0000 0.7832 1.0000 0.7832 0.9999 0.7832 0.7832 1.0000 1.0000 1.0000 0.7832 0.7832 0.7832 0.7832 1.0000 0.7832 1.0000 0.7832 1.0000 0.7832 1.0000 0.7832 0.7832 0.7832 0.9999 0.7832 1.0000 0.7832 1.0000 1.0000 0.7832 1.0000 1.0000 0.7832 1.0000 1.0000 0.7832 1.0000
0.7832 1.0000 0.7832 1.0000 0.7832 1.0000 0.9999 0.7832 1.0000 0.7832 1.0000 0.7832 1.0000 0.7832 1.0000 0.7832 0.9999 0.7832 0.7832 1.0000 1.0000 1.0000 0.7832 0.7832 0.7832 0.7832 1.0000 0.7832 1.0000 0.7832 1.0000 0.7832 1.0000 0.7832 0.7832 0.7832 1.0000 0.7832 1.0000 0.7832 1.0000 1.0000 0.7832 1.0000 1.0000 0.7832 1.0000 1.0000 0.7832 1.0000
0.7832 1.0000 0.7832 1.0000 0.7832 1.0000 0.9999 0.7832 1.0000 0.7832 1.0000 0.7832 1.0000 0.7832 1.0000 0.7832 0.9999 0.7832 0.7832 1.0000 1.0000 1.0000 0.7832 0.7832 0.7832 0.7832 1.0000 0.7832 1.0000 0.7832 1.0000 0.7832 1.0000 0.7832 0.7832 0.7832 0.9999 0.7832 1.0000 0.7832 1.0000 1.0000 0.7832 1.0000 1.0000 0.7832 1.0000 1.0000 0.7832 1.0000
1.0000 0.7832 1.0000 0.7832 1.0000 0.7832 0.7832 1.0000 0.7832 1.0000 0.7832 1.0000 0.7832 1.0000 0.7832 1.0000 0.7832 1.0000 1.0000 0.7832 0.7832 0.7832 1.0000 1.0000 0.9999 1.0000 0.7832 1.0000 0.7832 1.0000 0.7832 1.0000 0.7832 1.0000 1.0000 1.0000 0.7832 1.0000 0.7832 0.9999 0.7832 0.7832 1.0000 0.7832 0.7832 1.0000 0.7832 0.7832 1.0000 0.7832
1.0000 0.7832 1.0000 0.7832 1.0000 0.7832 0.7832 1.0000 0.7832 1.0000 0.7832 1.0000 0.7832 1.0000 0.7832 1.0000 0.7832 1.0000 1.0000 0.7832 0.7832 0.7832 1.0000 1.0000 0.9999 1.0000 0.7832 1.0000 0.7832 1.0000 0.7832 1.0000 0.7832 1.0000 1.0000 1.0000 0.7832 1.0000 0.7832 0.9999 0.7832 0.7832 1.0000 0.7832 0.7832 1.0000 0.7832 0.7832 1.0000 0.7832
0.9999 0.7832 0.9999 0.7832 0.9999 0.7832 0.7832 0.9999 0.7832 0.9999 0.7832 0.9999 0.7832 0.9999 0.7832 0.9999 0.7832 1.0000 0.9999 0.7832 0.7832 0.7832 0.9999 0.9999 1.0000 0.9999 0.7832 0.9999 0.7832 0.9999 0.7832 0.9999 0.7832 0.9999 0.9999 0.9999 0.7832 0.9999 0.7832 1.0000 0.7832 0.7832 0.9999 0.7832 0.7832 0.9999 0.7832 0.7832 0.9999 0.7832
1.0000 0.7832 1.0000 0.7832 1.0000 0.7832 0.7832 1.0000 0.7832 1.0000 0.7832 1.0000 0.7832 1.0000 0.7832 1.0000 0.7832 1.0000 1.0000 0.7832 0.7832 0.7832 1.0000 1.0000 0.9999 1.0000 0.7832 1.0000 0.7832 1.0000 0.7832 1.0000 0.7832 1.0000 1.0000 1.0000 0.7832 1.0000 0.7832 0.9999 0.7832 0.7832 1.0000 0.7832 0.7832 1.0000 0.7832 0.7832 1.0000 0.7832
0.7832 1.0000 0.7832 1.0000 0.7832 1.0000 0.9999 0.7832 1.0000 0.7832 1.0000 0.7832 1.0000 0.7832 1.0000 0.7832 0.9999 0.7832 0.7832 1.0000 1.0000 1.0000 0.7832 0.7832 0.7832 0.7832 1.0000 0.7832 1.0000 0.7832 1.0000 0.7832 1.0000 0.7832 0.7832 0.7832 0.9999 0.7832 1.0000 0.7832 1.0000 0.9999 0.7832 1.0000 1.0000 0.7832 1.0000 1.0000 0.7832 1.0000
1.0000 0.7832 1.0000 0.7832 1.0000 0.7832 0.7832 1.0000 0.7832 1.0000 0.7832 1.0000 0.7832 1.0000 0.7832 1.0000 0.7832 1.0000 1.0000 0.7832 0.7832 0.7832 1.0000 1.0000 0.9999 1.0000 0.7832 1.0000 0.7832 1.0000 0.7832 1.0000 0.7832 1.0000 1.0000 1.0000 0.7832 1.0000 0.7832 0.9999 0.7832 0.7832 1.0000 0.7832 0.7832 1.0000 0.7832 0.7832 1.0000 0.7832
0.7832 1.0000 0.7832 1.0000 0.7832 1.0000 0.9999 0.7832 1.0000 0.7832 1.0000 0.7832 1.0000 0.7832 1.0000 0.7832 0.9999 0.7832 0.7832 1.0000 1.0000 1.0000 0.7832 0.7832 0.7832 0.7832 1.0000 0.7832 1.0000 0.7832 1.0000 0.7832 1.0000 0.7832 0.7832 0.7832 0.9999 0.7832 1.0000 0.7832 1.0000 1.0000 0.7832 1.0000 1.0000 0.7832 1.0000 1.0000 0.7832 1.0000
1.0000 0.7832 1.0000 0.7832 1.0000 0.7832 0.7832 1.0000 0.7832 1.0000 0.7832 1.0000 0.7832 1.0000 0.7832 1.0000 0.7832 1.0000 1.0000 0.7832 0.7832 0.7832 1.0000 1.0000 0.9999 1.0000 0.7832 1.0000 0.7832 1.0000 0.7832 1.0000 0.7832 1.0000 1.0000 1.0000 0.7832 1.0000 0.7832 1.0000 0.7832 0.7832 1.0000 0.7832 0.7832 1.0000 0.7832 0.7832 1.0000 0.7832
0.7832 1.0000 0.7832 1.0000 0.7832 1.0000 1.0000 0.7832 1.0000 0.7832 1.0000 0.7832 1.0000 0.7832 1.0000 0.7832 0.9999 0.7832 0.7832 1.0000 1.0000 1.0000 0.7832 0.7832 0.7832 0.7832 1.0000 0.7832 1.0000 0.7832 1.0000 0.7832 1.0000 0.7832 0.7832 0.7832 1.0000 0.7832 1.0000 0.7832 1.0000 1.0000 0.7832 1.0000 1.0000 0.7832 1.0000 1.0000 0.7832 1.0000
1.0000 0.7832 1.0000 0.7832 1.0000 0.7832 0.7832 1.0000 0.7832 1.0000 0.7832 1.0000 0.7832 1.0000 0.7832 1.0000 0.7832 0.9999 1.0000 0.7832 0.7832 0.7832 1.0000 1.0000 0.9999 1.0000 0.7832 1.0000 0.7832 1.0000 0.7832 1.0000 0.7832 1.0000 1.0000 1.0000 0.7832 1.0000 0.7832 0.9999 0.7832 0.7832 1.0000 0.7832 0.7832 1.0000 0.7832 0.7832 1.0000 0.7832
0.7832 1.0000 0.7832 1.0000 0.7832 1.0000 0.9999 0.7832 1.0000 0.7832 1.0000 0.7832 1.0000 0.7832 1.0000 0.7832 0.9999 0.7832 0.7832 1.0000 1.0000 1.0000 0.7832 0.7832 0.7832 0.7832 1.0000 0.7832 1.0000 0.7832 1.0000 0.7832 1.0000 0.7832 0.7832 0.7832 0.9999 0.7832 1.0000 0.7832 1.0000 1.0000 0.7832 1.0000 1.0000 0.7832 1.0000 1.0000 0.7832 1.0000
1.0000 0.7832 1.0000 0.7832 1.0000 0.7832 0.7832 1.0000 0.7832 1.0000 0.7832 1.0000 0.7832 1.0000 0.7832 1.0000 0.7832 1.0000 1.0000 0.7832 0.7832 0.7832 1.0000 1.0000 0.9999 1.0000 0.7832 1.0000 0.7832 1.0000 0.7832 1.0000 0.7832 1.0000 1.0000 1.0000 0.7832 1.0000 0.7832 0.9999 0.7832 0.7832 1.0000 0.7832 0.7832 1.0000 0.7832 0.7832 1.0000 0.7832
1.0000 0.7832 1.0000 0.7832 1.0000 0.7832 0.7832 1.0000 0.7832 1.0000 0.7832 1.0000 0.7832 1.0000 0.7832 1.0000 0.7832 1.0000 1.0000 0.7832 0.7832 0.7832 1.0000 1.0000 0.9999 1.0000 0.7832 1.0000 0.7832 1.0000 0.7832 1.0000 0.7832 1.0000 1.0000 1.0000 0.7832 1.0000 0.7832 0.9999 0.7832 0.7832 1.0000 0.7832 0.7832 1.0000 0.7832 0.7832 1.0000 0.7832
1.0000 0.7832 1.0000 0.7832 1.0000 0.7832 0.7832 1.0000 0.7832 1.0000 0.7832 1.0000 0.7832 1.0000 0.7832 1.0000 0.7832 0.9999 1.0000 0.7832 0.7832 0.7832 1.0000 1.0000 0.9999 1.0000 0.7832 1.0000 0.7832 1.0000 0.7832 1.0000 0.7832 1.0000 1.0000 1.0000 0.7832 1.0000 0.7832 0.9999 0.7832 0.7832 1.0000 0.7832 0.7832 1.0000 0.7832 0.7832 1.0000 0.7832
0.7832 0.9999 0.7832 0.9999 0.7832 0.9999 1.0000 0.7832 0.9999 0.7832 0.9999 0.7832 1.0000 0.7832 0.9999 0.7832 1.0000 0.7832 0.7832 0.9999 1.0000 0.9999 0.7832 0.7832 0.7832 0.7832 0.9999 0.7832 0.9999 0.7832 1.0000 0.7832 0.9999 0.7832 0.7832 0.7832 1.0000 0.7832 0.9999 0.7832 0.9999 1.0000 0.7832 0.9999 0.9999 0.7832 0.9999 0.9999 0.7832 0.9999
1.0000 0.7832 1.0000 0.7832 1.0000 0.7832 0.7832 1.0000 0.7832 1.0000 0.7832 1.0000 0.7832 1.0000 0.7832 1.0000 0.7832 1.0000 1.0000 0.7832 0.7832 0.7832 1.0000 1.0000 0.9999 1.0000 0.7832 1.0000 0.7832 1.0000 0.7832 1.0000 0.7832 1.0000 1.0000 1.0000 0.7832 1.0000 0.7832 0.9999 0.7832 0.7832 1.0000 0.7832 0.7832 1.0000 0.7832 0.7832 1.0000 0.7832
0.7832 1.0000 0.7832 1.0000 0.7832 1.0000 0.9999 0.7832 1.0000 0.7832 1.0000 0.7832 1.0000 0.7832 1.0000 0.7832 0.9999 0.7832 0.7832 1.0000 1.0000 1.0000 0.7832 0.7832 0.7832 0.7832 1.0000 0.7832 1.0000 0.7832 1.0000 0.7832 1.0000 0.7832 0.7832 0.7832 0.9999 0.7832 1.0000 0.7832 1.0000 1.0000 0.7832 1.0000 1.0000 0.7832 1.0000 1.0000 0.7832 1.0000
0.9999 0.7832 0.9999 0.7832 0.9999 0.7832 0.7832 0.9999 0.7832 1.0000 0.7832 0.9999 0.7832 0.9999 0.7832 0.9999 0.7832 1.0000 0.9999 0.7832 0.7832 0.7832 0.9999 0.9999 1.0000 0.9999 0.7832 0.9999 0.7832 1.0000 0.7832 0.9999 0.7832 0.9999 0.9999 0.9999 0.7832 0.9999 0.7832 1.0000 0.7832 0.7832 0.9999 0.7832 0.7832 0.9999 0.7832 0.7832 0.9999 0.7832
0.7832 1.0000 0.7832 1.0000 0.7832 1.0000 0.9999 0.7832 1.0000 0.7832 1.0000 0.7832 1.0000 0.7832 1.0000 0.7832 0.9999 0.7832 0.7832 1.0000 1.0000 1.0000 0.7832 0.7832 0.7832 0.7832 1.0000 0.7832 1.0000 0.7832 1.0000 0.7832 1.0000 0.7832 0.7832 0.7832 0.9999 0.7832 1.0000 0.7832 1.0000 0.9999 0.7832 1.0000 1.0000 0.7832 1.0000 1.0000 0.7832 1.0000
0.7832 1.0000 0.7832 0.9999 0.7832 1.0000 1.0000 0.7832 1.0000 0.7832 1.0000 0.7832 1.0000 0.7832 0.9999 0.7832 1.0000 0.7832 0.7832 1.0000 1.0000 1.0000 0.7832 0.7832 0.7832 0.7832 0.9999 0.7832 1.0000 0.7832 1.0000 0.7832 1.0000 0.7832 0.7832 0.7832 1.0000 0.7832 1.0000 0.7832 0.9999 1.0000 0.7832 1.0000 0.9999 0.7832 1.0000 1.0000 0.7832 0.9999
1.0000 0.7832 1.0000 0.7832 1.0000 0.7832 0.7832 1.0000 0.7832 1.0000 0.7832 1.0000 0.7832 1.0000 0.7832 1.0000 0.7832 1.0000 1.0000 0.7832 0.7832 0.7832 1.0000 1.0000 0.9999 1.0000 0.7832 1.0000 0.7832 1.0000 0.7832 1.0000 0.7832 1.0000 1.0000 1.0000 0.7832 1.0000 0.7832 0.9999 0.7832 0.7832 1.0000 0.7832 0.7832 1.0000 0.7832 0.7832 1.0000 0.7832
0.7832 1.0000 0.7832 1.0000 0.7832 1.0000 0.9999 0.7832 1.0000 0.7832 1.0000 0.7832 1.0000 0.7832 1.0000 0.7832 0.9999 0.7832 0.7832 1.0000 1.0000 1.0000 0.7832 0.7832 0.7832 0.7832 1.0000 0.7832 1.0000 0.7832 1.0000 0.7832 1.0000 0.7832 0.7832 0.7832 0.9999 0.7832 1.0000 0.7832 1.0000 1.0000 0.7832 1.0000 1.0000 0.7832 1.0000 1.0000 0.7832 1.0000
0.7832 1.0000 0.7832 1.0000 0.7832 1.0000 0.9999 0.7832 1.0000 0.7832 1.0000 0.7832 1.0000 0.7832 1.0000 0.7832 0.9999 0.7832 0.7832 1.0000 1.0000 1.0000 0.7832 0.7832 0.7832 0.7832 1.0000 0.7832 1.0000 0.7832 1.0000 0.7832 1.0000 0.7832 0.7832 0.7832 0.9999 0.7832 1.0000 0.7832 1.0000 0.9999 0.7832 1.0000 1.0000 0.7832 1.0000 1.0000 0.7832 1.0000
1.0000 0.7832 1.0000 0.7832 1.0000 0.7832 0.7832 1.0000 0.7832 1.0000 0.7832 1.0000 0.7832 1.0000 0.7832 1.0000 0.7832 1.0000 1.0000 0.7832 0.7832 0.7832 1.0000 1.0000 0.9999 1.0000 0.7832 1.0000 0.7832 1.0000 0.7832 1.0000 0.7832 1.0000 1.0000 1.0000 0.7832 1.0000 0.7832 0.9999 0.7832 0.7832 1.0000 0.7832 0.7832 1.0000 0.7832 0.7832 1.0000 0.7832
0.7832 1.0000 0.7832 1.0000 0.7832 1.0000 0.9999 0.7832 1.0000 0.7832 1.0000 0.7832 1.0000 0.7832 1.0000 0.7832 0.9999 0.7832 0.7832 1.0000 1.0000 1.0000 0.7832 0.7832 0.7832 0.7832 1.0000 0.7832 1.0000 0.7832 1.0000 0.7832 1.0000 0.7832 0.7832 0.7832 0.9999 0.7832 1.0000 0.7832 1.0000 1.0000 0.7832 1.0000 1.0000 0.7832 1.0000 1.0000 0.7832 1.0000
0.7832 1.0000 0.7832 1.0000 0.7832 1.0000 0.9999 0.7832 1.0000 0.7832 1.0000 0.7832 1.0000 0.7832 1.0000 0.7832 0.9999 0.7832 0.7832 1.0000 1.0000 1.0000 0.7832 0.7832 0.7832 0.7832 1.0000 0.7832 1.0000 0.7832 1.0000 0.7832 1.0000 0.7832 0.7832 0.7832 0.9999 0.7832 1.0000 0.7832 1.0000 1.0000 0.7832 1.0000 1.0000 0.7832 1.0000 1.0000 0.7832 1.0000
1.0000 0.7832 1.0000 0.7832 1.0000 0.7832 0.7832 1.0000 0.7832 1.0000 0.7832 1.0000 0.7832 1.0000 0.7832 1.0000 0.7832 1.0000 1.0000 0.7832 0.7832 0.7832 1.0000 1.0000 0.9999 1.0000 0.7832 1.0000 0.7832 1.0000 0.7832 1.0000 0.7832 1.0000 1.0000 1.0000 0.7832 1.0000 0.7832 0.9999 0.7832 0.7832 1.0000 0.7832 0.7832 1.0000 0.7832 0.7832 1.0000 0.7832
0.7832 1.0000 0.7832 1.0000 0.7832 1.0000 0.9999 0.7832 1.0000 0.7832 1.0000 0.7832 1.0000 0.7832 1.0000 0.7832 0.9999 0.7832 0.7832 1.0000 1.0000 1.0000 0.7832 0.7832 0.7832 0.7832 1.0000 0.7832 1.0000 0.7832 1.0000 0.7832 1.0000 0.7832 0.7832 0.7832 0.9999 0.7832 1.0000 0.7832 1.0000 0.9999 0.7832 1.0000 1.0000 0.7832 1.0000 1.0000 0.7832 1.0000
