1 1 (0) 1 : 0.07788301748781283063 0.05990786680102801187 0.00000000099999999999 0.01600664928833673770 0.13151425991800247406 0.00000000099999999999 0.00007785050292830113 0.00000000099999999999 0.00000000099999999999 0.00746567914756839004 0.15338298649351819747 0.11259602721459420482 0.19603382411436121036 0.24513183503184957091
2 2 (0) 1 : 0.99999998700000025664 0.00000000099999999940 0.00000000099999999940 0.00000000099999999940 0.00000000099999999940 0.00000000099999999940 0.00000000099999999940 0.00000000099999999940 0.00000000099999999940 0.00000000099999999940 0.00000000099999999940 0.00000000099999999940 0.00000000099999999940 0.00000000099999999940
3 3 (0) 1 : 0.00000000099999999990 0.00000000099999999990 0.63396689335760214590 0.00000000099999999990 0.00000000099999999990 0.00000000099999999990 0.00000000099999999990 0.33989667763648884202 0.02613641800590918093 0.00000000099999999990 0.00000000099999999990 0.00000000099999999990 0.00000000099999999990 0.00000000099999999990
4 4 (0) 1 : 0.06475080475015813908 0.05388454035457788949 0.19429377891158167158 0.00000000099999999999 0.03144251903267639148 0.15801154176423981568 0.09064123206253457687 0.01706970069187672620 0.03053972960481007859 0.06980978134871514140 0.06848385680605312276 0.04041367075468835918 0.18065884191808817549 0.00000000099999999999
5 5 (0) 1 : 0.00000000099999999937 0.00000000099999999937 0.00000000099999999937 0.00000000099999999937 0.00000000099999999937 0.00000000099999999937 0.00000000099999999937 0.00000000099999999937 0.00000000099999999937 0.00000000099999999937 0.00000000099999999937 0.99999998699999992358 0.00000000099999999937 0.00000000099999999937
6 6 (0) 1 : 0.15618207835973590969 0.00000000099999999999 0.17171605944001500088 0.03873579203574586266 0.03282459994045884566 0.07126450379670773438 0.18354667834257104575 0.13579124858809932253 0.02092930957105968229 0.00000000099999999999 0.00000000099999999999 0.04573964164963392059 0.14327008427597276441 0.00000000099999999999
7 7 (0) 1 : 0.00000000099999999963 0.00000000099999999963 0.00000000099999999963 0.00000000099999999963 0.00000000099999999963 0.00000000099999999963 0.00000000099999999963 0.00000000099999999963 0.00000000099999999963 0.00000000099999999963 0.99999998700000003460 0.00000000099999999963 0.00000000099999999963 0.00000000099999999963
8 8 (0) 2 : 0.00000000099999999996 0.14483755709291407099 0.00000000099999999996 0.00000000099999999996 0.00000000099999999996 0.00000000099999999996 0.00000050877086711401 0.00820519681902968229 0.00000000099999999996 0.03799922507569993696 0.00000000099999999996 0.00000000099999999996 0.55974383442406794309 0.24921366981742129609
9 9 (0) 2 : 0.00000000099999999948 0.99999998700000036767 0.00000000099999999948 0.00000000099999999948 0.00000000099999999948 0.00000000099999999948 0.00000000099999999948 0.00000000099999999948 0.00000000099999999948 0.00000000099999999948 0.00000000099999999948 0.00000000099999999948 0.00000000099999999948 0.00000000099999999948
10 10 (0) 2 : 0.00000000099999999920 0.99999998700000025664 0.00000000099999999920 0.00000000099999999920 0.00000000099999999920 0.00000000099999999920 0.00000000099999999920 0.00000000099999999920 0.00000000099999999920 0.00000000099999999920 0.00000000099999999920 0.00000000099999999920 0.00000000099999999920 0.00000000099999999920
11 11 (0) 2 : 0.00000000099999999966 0.99999998700000025664 0.00000000099999999966 0.00000000099999999966 0.00000000099999999966 0.00000000099999999966 0.00000000099999999966 0.00000000099999999966 0.00000000099999999966 0.00000000099999999966 0.00000000099999999966 0.00000000099999999966 0.00000000099999999966 0.00000000099999999966
12 12 (0) 2 : 0.00000000099999999971 0.00000000099999999971 0.99999998700000025664 0.00000000099999999971 0.00000000099999999971 0.00000000099999999971 0.00000000099999999971 0.00000000099999999971 0.00000000099999999971 0.00000000099999999971 0.00000000099999999971 0.00000000099999999971 0.00000000099999999971 0.00000000099999999971
13 13 (0) 2 : 0.00000000099999999962 0.00000000099999999962 0.00000000099999999962 0.99999998700000025664 0.00000000099999999962 0.00000000099999999962 0.00000000099999999962 0.00000000099999999962 0.00000000099999999962 0.00000000099999999962 0.00000000099999999962 0.00000000099999999962 0.00000000099999999962 0.00000000099999999962
14 14 (0) 3 : 0.00000000099999999973 0.00000000099999999973 0.00000000099999999973 0.00000000099999999973 0.00000000099999999973 0.00000000099999999973 0.00000000099999999973 0.00000000099999999973 0.00000000099999999973 0.00000000099999999973 0.00000000099999999973 0.00000000099999999973 0.99999998700000003460 0.00000000099999999973
15 15 (0) 3 : 0.28839399177235558458 0.00000000099999999994 0.41112434059194918889 0.00000000099999999994 0.00000000099999999994 0.00000000099999999994 0.00000000099999999994 0.00000000099999999994 0.00000000099999999994 0.00000000099999999994 0.00000000099999999994 0.00000000099999999994 0.30048165663569548212 0.00000000099999999994
16 16 (0) 3 : 0.00000000099999999975 0.00000000099999999975 0.99999998700000025664 0.00000000099999999975 0.00000000099999999975 0.00000000099999999975 0.00000000099999999975 0.00000000099999999975 0.00000000099999999975 0.00000000099999999975 0.00000000099999999975 0.00000000099999999975 0.00000000099999999975 0.00000000099999999975
17 17 (0) 3 : 0.00000000099999999964 0.00000000099999999964 0.00000000099999999964 0.99999998700000014562 0.00000000099999999964 0.00000000099999999964 0.00000000099999999964 0.00000000099999999964 0.00000000099999999964 0.00000000099999999964 0.00000000099999999964 0.00000000099999999964 0.00000000099999999964 0.00000000099999999964
18 18 (0) 4 : 0.99999998700000036767 0.00000000099999999942 0.00000000099999999942 0.00000000099999999942 0.00000000099999999942 0.00000000099999999942 0.00000000099999999942 0.00000000099999999942 0.00000000099999999942 0.00000000099999999942 0.00000000099999999942 0.00000000099999999942 0.00000000099999999942 0.00000000099999999942
19 19 (0) 4 : 0.00000000099999999979 0.00000000099999999979 0.00000000099999999979 0.00000000099999999979 0.00000000099999999979 0.00000000099999999979 0.00000000099999999979 0.00000000099999999979 0.00000000099999999979 0.00000000099999999979 0.00000000099999999979 0.00000000099999999979 0.99999998699999992358 0.00000000099999999979
20 20 (0) 4 : 0.00000000099999999964 0.00000000099999999964 0.00000000099999999964 0.00000000099999999964 0.00000000099999999964 0.00000000099999999964 0.99999998700000003460 0.00000000099999999964 0.00000000099999999964 0.00000000099999999964 0.00000000099999999964 0.00000000099999999964 0.00000000099999999964 0.00000000099999999964
21 21 (0) 4 : 0.00000000099999999940 0.00000000099999999940 0.00000000099999999940 0.00000000099999999940 0.00000000099999999940 0.99999998700000014562 0.00000000099999999940 0.00000000099999999940 0.00000000099999999940 0.00000000099999999940 0.00000000099999999940 0.00000000099999999940 0.00000000099999999940 0.00000000099999999940
22 22 (0) 4 : 0.00000000099999999979 0.00000000099999999979 0.00000000099999999979 0.00000000099999999979 0.00000000099999999979 0.00000000099999999979 0.00000000099999999979 0.99999998700000014562 0.00000000099999999979 0.00000000099999999979 0.00000000099999999979 0.00000000099999999979 0.00000000099999999979 0.00000000099999999979
23 23 (0) 4 : 0.00000000099999999949 0.00000000099999999949 0.00000000099999999949 0.00000000099999999949 0.00000000099999999949 0.00000000099999999949 0.00000000099999999949 0.00000000099999999949 0.00000000099999999949 0.00000000099999999949 0.99999998700000003460 0.00000000099999999949 0.00000000099999999949 0.00000000099999999949
24 24 (0) 4 : 0.00000000099999999934 0.00000000099999999934 0.00000000099999999934 0.00000000099999999934 0.00000000099999999934 0.99999998700000014562 0.00000000099999999934 0.00000000099999999934 0.00000000099999999934 0.00000000099999999934 0.00000000099999999934 0.00000000099999999934 0.00000000099999999934 0.00000000099999999934
25 25 (0) 4 : 0.00000000099999999978 0.00000000099999999978 0.99999998700000014562 0.00000000099999999978 0.00000000099999999978 0.00000000099999999978 0.00000000099999999978 0.00000000099999999978 0.00000000099999999978 0.00000000099999999978 0.00000000099999999978 0.00000000099999999978 0.00000000099999999978 0.00000000099999999978
26 26 (0) 4 : 0.00000000099999999969 0.00000000099999999969 0.00000000099999999969 0.00000000099999999969 0.00000000099999999969 0.00000000099999999969 0.99999998700000003460 0.00000000099999999969 0.00000000099999999969 0.00000000099999999969 0.00000000099999999969 0.00000000099999999969 0.00000000099999999969 0.00000000099999999969
27 27 (0) 4 : 0.00000000099999999980 0.00000000099999999980 0.99999998700000014562 0.00000000099999999980 0.00000000099999999980 0.00000000099999999980 0.00000000099999999980 0.00000000099999999980 0.00000000099999999980 0.00000000099999999980 0.00000000099999999980 0.00000000099999999980 0.00000000099999999980 0.00000000099999999980
28 28 (0) 4 : 0.02988009291524395053 0.00000000099999999999 0.00000000099999999999 0.18871433154779646002 0.01725957723460480250 0.13423026720409192425 0.00000000099999999999 0.16950802133991418885 0.04138498125655066390 0.07561946007775031953 0.00000000099999999999 0.00000000099999999999 0.34340326242404772827 0.00000000099999999999
29 29 (0) 4 : 0.00000000099999999967 0.00000000099999999967 0.00000000099999999967 0.00000000099999999967 0.00000000099999999967 0.00000000099999999967 0.99999998700000003460 0.00000000099999999967 0.00000000099999999967 0.00000000099999999967 0.00000000099999999967 0.00000000099999999967 0.00000000099999999967 0.00000000099999999967
30 30 (0) 4 : 0.00000000099999999975 0.00000000099999999975 0.00000000099999999975 0.00000000099999999975 0.00000000099999999975 0.00000000099999999975 0.00000000099999999975 0.00000000099999999975 0.00000000099999999975 0.00000000099999999975 0.00000000099999999975 0.00000000099999999975 0.99999998699999992358 0.00000000099999999975
31 31 (0) 4 : 0.99999998700000036767 0.00000000099999999931 0.00000000099999999931 0.00000000099999999931 0.00000000099999999931 0.00000000099999999931 0.00000000099999999931 0.00000000099999999931 0.00000000099999999931 0.00000000099999999931 0.00000000099999999931 0.00000000099999999931 0.00000000099999999931 0.00000000099999999931
32 32 (0) 4 : 0.00000000099999999971 0.00000000099999999971 0.00000000099999999971 0.00000000099999999971 0.00000000099999999971 0.00000000099999999971 0.00000000099999999971 0.00000000099999999971 0.00000000099999999971 0.00000000099999999971 0.00000000099999999971 0.00000000099999999971 0.99999998700000003460 0.00000000099999999971
33 33 (0) 4 : 0.00000000099999999975 0.00000000099999999975 0.00000000099999999975 0.00000000099999999975 0.00000000099999999975 0.00000000099999999975 0.00000000099999999975 0.00000000099999999975 0.00000000099999999975 0.00000000099999999975 0.00000000099999999975 0.00000000099999999975 0.99999998699999992358 0.00000000099999999975
34 34 (0) 5 : 0.08449773478806284210 0.00000000099999999997 0.00000000258150562543 0.17924295393103259477 0.00122738338070338990 0.00000000099999999997 0.19487387454895294114 0.20126225497761651706 0.00000000099999999997 0.01880912200488826097 0.00000000099999999997 0.00000000099999999997 0.32008666778723771085 0.00000000099999999997
35 35 (0) 6 : 0.18343136552115493765 0.04670363957695315704 0.29012762221821930542 0.00000000099999999999 0.02806559774836777862 0.00000000099999999999 0.15453508724060241453 0.00000000099999999999 0.00000000099999999999 0.06388655910760823731 0.00000000099999999999 0.05646177977763416206 0.00000000099999999999 0.17678834280946015278
36 36 (0) 6 : 0.00000000099999999955 0.00000000099999999955 0.00000000099999999955 0.00000000099999999955 0.00000000099999999955 0.00000000099999999955 0.00000000099999999955 0.00000000099999999955 0.00000000099999999955 0.00000000099999999955 0.00000000099999999955 0.00000000099999999955 0.00000000099999999955 0.99999998699999992358
37 37 (0) 6 : 0.00000000099999999888 0.00000000099999999888 0.00000000099999999888 0.00000000099999999888 0.00000000099999999888 0.00000000099999999888 0.00000000099999999888 0.00000000099999999888 0.00000000099999999888 0.99999998699999992358 0.00000000099999999888 0.00000000099999999888 0.00000000099999999888 0.00000000099999999888
38 38 (0) 6 : 0.00000000099999999975 0.00000000099999999975 0.99999998700000025664 0.00000000099999999975 0.00000000099999999975 0.00000000099999999975 0.00000000099999999975 0.00000000099999999975 0.00000000099999999975 0.00000000099999999975 0.00000000099999999975 0.00000000099999999975 0.00000000099999999975 0.00000000099999999975
39 39 (0) 6 : 0.00000000099999999936 0.00000000099999999936 0.00000000099999999936 0.00000000099999999936 0.00000000099999999936 0.99999998700000014562 0.00000000099999999936 0.00000000099999999936 0.00000000099999999936 0.00000000099999999936 0.00000000099999999936 0.00000000099999999936 0.00000000099999999936 0.00000000099999999936
40 40 (0) 6 : 0.07621654010655809497 0.00000000099999999998 0.09035937507416785808 0.20021483875909915073 0.04076383922932061421 0.12207146090776606340 0.00000000099999999998 0.00017973537921858360 0.00000000099999999998 0.02742445684762658334 0.10033439161682927709 0.00000000099999999998 0.34243535707941363810 0.00000000099999999998
41 41 (0) 6 : 0.00000000099999999964 0.00000000099999999964 0.00000000099999999964 0.00000000099999999964 0.99999998700000014562 0.00000000099999999964 0.00000000099999999964 0.00000000099999999964 0.00000000099999999964 0.00000000099999999964 0.00000000099999999964 0.00000000099999999964 0.00000000099999999964 0.00000000099999999964
42 42 (0) 6 : 0.00000000099999999981 0.00000000099999999981 0.99999998700000025664 0.00000000099999999981 0.00000000099999999981 0.00000000099999999981 0.00000000099999999981 0.00000000099999999981 0.00000000099999999981 0.00000000099999999981 0.00000000099999999981 0.00000000099999999981 0.00000000099999999981 0.00000000099999999981
43 43 (0) 6 : 0.00000000099999999929 0.00000000099999999929 0.00000000099999999929 0.00000000099999999929 0.00000000099999999929 0.00000000099999999929 0.00000000099999999929 0.00000000099999999929 0.00000000099999999929 0.00000000099999999929 0.00000000099999999929 0.99999998699999992358 0.00000000099999999929 0.00000000099999999929
44 44 (0) 6 : 0.00000000099999999999 0.01536011678266210184 0.25960986935093760541 0.00000000099999999999 0.03019726448926079304 0.06763065384327986151 0.15222691752772560259 0.19742634561639996194 0.00000000099999999999 0.00000000099999999999 0.09137722026395642128 0.09068633108503165730 0.00552741054550392064 0.08995786649524210865
45 45 (0) 6 : 0.00000000099999999966 0.00000000099999999966 0.00000000099999999966 0.00000000099999999966 0.00000000099999999966 0.00000000099999999966 0.99999998700000014562 0.00000000099999999966 0.00000000099999999966 0.00000000099999999966 0.00000000099999999966 0.00000000099999999966 0.00000000099999999966 0.00000000099999999966
46 46 (0) 6 : 0.00000000099999999825 0.00000000099999999825 0.00000000099999999825 0.00000000099999999825 0.00000000099999999825 0.00000000099999999825 0.00000000099999999825 0.00000000099999999825 0.99999998700000003460 0.00000000099999999825 0.00000000099999999825 0.00000000099999999825 0.00000000099999999825 0.00000000099999999825
47 47 (0) 6 : 0.00000000099999999949 0.00000000099999999949 0.00000000099999999949 0.00000000099999999949 0.00000000099999999949 0.00000000099999999949 0.00000000099999999949 0.00000000099999999949 0.00000000099999999949 0.00000000099999999949 0.00000000099999999949 0.00000000099999999949 0.00000000099999999949 0.99999998700000003460
48 48 (0) 6 : 0.00000000099999999964 0.00000000099999999964 0.00000000099999999964 0.00000000099999999964 0.00000000099999999964 0.00000000099999999964 0.99999998700000014562 0.00000000099999999964 0.00000000099999999964 0.00000000099999999964 0.00000000099999999964 0.00000000099999999964 0.00000000099999999964 0.00000000099999999964
49 49 (0) 6 : 0.00000000099999999703 0.00000000099999999703 0.00000000099999999703 0.00000000099999999703 0.99999998699999992358 0.00000000099999999703 0.00000000099999999703 0.00000000099999999703 0.00000000099999999703 0.00000000099999999703 0.00000000099999999703 0.00000000099999999703 0.00000000099999999703 0.00000000099999999703
50 50 (0) 6 : 0.00000000099999999995 0.00000000099999999995 0.00000000099999999995 0.22106235034630766778 0.00000000099999999995 0.25560209671526024078 0.00000000099999999995 0.45230664146425003658 0.00000000099999999995 0.07102890147418197686 0.00000000099999999995 0.00000000099999999995 0.00000000099999999995 0.00000000099999999995
51 51 (0) 6 : 0.00009751508651742593 0.02097093547203348132 0.10321433980241362383 0.00000000100000000000 0.06769318751859874916 0.00000000100000000000 0.19555074596120669561 0.11518785678867733691 0.00819511313064603432 0.03543375960439538314 0.00765958189028045997 0.04081423350033622222 0.26317633391661343634 0.14200639532828113198
52 52 (0) 6 : 0.00000000099999999895 0.00000000099999999895 0.00000000099999999895 0.00000000099999999895 0.00000000099999999895 0.00000000099999999895 0.00000000099999999895 0.00000000099999999895 0.99999998699999992358 0.00000000099999999895 0.00000000099999999895 0.00000000099999999895 0.00000000099999999895 0.00000000099999999895
53 53 (0) 6 : 0.00000000099999999988 0.00000000099999999988 0.64130437191545519582 0.00000000099999999988 0.00000000099999999988 0.00000000099999999988 0.00000000099999999988 0.35869561608454508805 0.00000000099999999988 0.00000000099999999988 0.00000000099999999988 0.00000000099999999988 0.00000000099999999988 0.00000000099999999988
54 54 (0) 6 : 0.00000000099999999968 0.00000000099999999968 0.00000000099999999968 0.00000000099999999968 0.00000000099999999968 0.00000000099999999968 0.00000000099999999968 0.99999998700000014562 0.00000000099999999968 0.00000000099999999968 0.00000000099999999968 0.00000000099999999968 0.00000000099999999968 0.00000000099999999968
55 55 (0) 6 : 0.00000000099999999949 0.00000000099999999949 0.00000000099999999949 0.00000000099999999949 0.00000000099999999949 0.00000000099999999949 0.00000000099999999949 0.00000000099999999949 0.00000000099999999949 0.00000000099999999949 0.99999998699999992358 0.00000000099999999949 0.00000000099999999949 0.00000000099999999949
56 56 (0) 6 : 0.00000000099999999971 0.00000000099999999971 0.00000000099999999971 0.99999998700000014562 0.00000000099999999971 0.00000000099999999971 0.00000000099999999971 0.00000000099999999971 0.00000000099999999971 0.00000000099999999971 0.00000000099999999971 0.00000000099999999971 0.00000000099999999971 0.00000000099999999971
57 57 (0) 6 : 0.00000000099999999968 0.00000000099999999968 0.00000000099999999968 0.00000000099999999968 0.00000000099999999968 0.00000000099999999968 0.00000000099999999968 0.99999998700000003460 0.00000000099999999968 0.00000000099999999968 0.00000000099999999968 0.00000000099999999968 0.00000000099999999968 0.00000000099999999968
58 58 (0) 7 : 0.00000000099999999954 0.00000000099999999954 0.00000000099999999954 0.00000000099999999954 0.00000000099999999954 0.00000000099999999954 0.00000000099999999954 0.00000000099999999954 0.00000000099999999954 0.00000000099999999954 0.00000000099999999954 0.00000000099999999954 0.00000000099999999954 0.99999998700000003460
59 59 (0) 7 : 0.00000000099999999952 0.00000000099999999952 0.00000000099999999952 0.00000000099999999952 0.00000000099999999952 0.00000000099999999952 0.00000000099999999952 0.00000000099999999952 0.00000000099999999952 0.00000000099999999952 0.99999998700000003460 0.00000000099999999952 0.00000000099999999952 0.00000000099999999952
60 60 (0) 7 : 0.00000000099999999949 0.00000000099999999949 0.00000000099999999949 0.00000000099999999949 0.00000000099999999949 0.00000000099999999949 0.00000000099999999949 0.00000000099999999949 0.00000000099999999949 0.00000000099999999949 0.00000000099999999949 0.00000000099999999949 0.00000000099999999949 0.99999998700000003460
61 61 (0) 7 : 0.00000000099999999993 0.30835414957741524855 0.00000000099999999993 0.38168103452399887443 0.00000000099999999993 0.30996480489858602159 0.00000000099999999993 0.00000000099999999993 0.00000000099999999993 0.00000000099999999993 0.00000000099999999993 0.00000000099999999993 0.00000000099999999993 0.00000000099999999993
62 62 (0) 7 : 0.00000000099999999876 0.00000000099999999876 0.00000000099999999876 0.00000000099999999876 0.00000000099999999876 0.00000000099999999876 0.00000000099999999876 0.00000000099999999876 0.00000000099999999876 0.99999998699999992358 0.00000000099999999876 0.00000000099999999876 0.00000000099999999876 0.00000000099999999876
63 63 (0) 7 : 0.00000000099999999938 0.00000000099999999938 0.00000000099999999938 0.00000000099999999938 0.00000000099999999938 0.00000000099999999938 0.00000000099999999938 0.00000000099999999938 0.00000000099999999938 0.00000000099999999938 0.00000000099999999938 0.99999998699999992358 0.00000000099999999938 0.00000000099999999938
64 64 (0) 8 : 0.09502156745952979044 0.00000000099999999998 0.26895889721829074892 0.16519846059589188281 0.01056452297229909694 0.00000000099999999998 0.00000000099999999998 0.00000000099999999998 0.02067757241267548576 0.04138706836098521302 0.00000000099999999998 0.00000000099999999998 0.39819190398032794365 0.00000000099999999998
65 65 (0) 8 : 0.00000000099999999998 0.03798148723343743038 0.05215867631108580399 0.00000000099999999998 0.00000000099999999998 0.11596009309453486624 0.00000000099999999998 0.01647523744316070973 0.03859709586474268511 0.02027724695749577241 0.27438155076568865320 0.09977125439240105975 0.19482905011937373674 0.14956830381807925678
66 66 (0) 9 : 0.00000000099999999991 0.00000000099999999991 0.38834334885277799199 0.61165663914722223637 0.00000000099999999991 0.00000000099999999991 0.00000000099999999991 0.00000000099999999991 0.00000000099999999991 0.00000000099999999991 0.00000000099999999991 0.00000000099999999991 0.00000000099999999991 0.00000000099999999991
67 67 (0) 10 : 0.11592746314083422765 0.00000000099999999997 0.29722002045227446931 0.18867190791113369608 0.02122502839281402431 0.00000000099999999997 0.00000000099999999997 0.00000000099999999997 0.00000000099999999997 0.02857860524395344770 0.00000049853866906979 0.18262633109298684331 0.16575013922733414229 0.00000000099999999997
68 68 (0) 10 : 0.18003621486366327975 0.00000058612837492029 0.18104334579704814412 0.00000000099999999998 0.00000000099999999998 0.14061265692126220794 0.12346015179206736023 0.09456902456156861259 0.01352197574925850625 0.00000000099999999998 0.03423471210102423112 0.02564954820860750051 0.16417355940385344737 0.04269822147327177742
69 69 (0) 10 : 0.00000000099999999980 0.00000000099999999980 0.00000000099999999980 0.00000000099999999980 0.00000000099999999980 0.00000000099999999980 0.00000000099999999980 0.00000000099999999980 0.00000000099999999980 0.00000000099999999980 0.00000000099999999980 0.00000000099999999980 0.99999998699999992358 0.00000000099999999980
70 70 (0) 10 : 0.08680580260002629389 0.00000056470911922773 0.00000000099999999998 0.11742962705966565606 0.00000000099999999998 0.12234121298484518237 0.00000000099999999998 0.31354428884363738650 0.00000000849944724463 0.02272444122837205191 0.00000000099999999998 0.00000000099999999998 0.24735886817258279091 0.08979518090230424743
71 71 (0) 10 : 0.00000000099999999967 0.00000000099999999967 0.00000000099999999967 0.99999998700000014562 0.00000000099999999967 0.00000000099999999967 0.00000000099999999967 0.00000000099999999967 0.00000000099999999967 0.00000000099999999967 0.00000000099999999967 0.00000000099999999967 0.00000000099999999967 0.00000000099999999967
72 72 (0) 10 : 0.00000000099999999969 0.00000000099999999969 0.00000000099999999969 0.99999998700000025664 0.00000000099999999969 0.00000000099999999969 0.00000000099999999969 0.00000000099999999969 0.00000000099999999969 0.00000000099999999969 0.00000000099999999969 0.00000000099999999969 0.00000000099999999969 0.00000000099999999969
73 73 (0) 10 : 0.00083433771088394122 0.02545331682963739711 0.16095307171105385780 0.00000000730064865158 0.01170617328627308711 0.00000000099999999999 0.24439726707778097747 0.01080669753878698430 0.00000000099999999999 0.00000000099999999999 0.00000000099999999999 0.12219523972858171990 0.30954156527317616687 0.11411231954317720139
74 74 (0) 10 : 0.00000000099999999959 0.00000000099999999959 0.00000000099999999959 0.00000000099999999959 0.00000000099999999959 0.00000000099999999959 0.00000000099999999959 0.99999998700000003460 0.00000000099999999959 0.00000000099999999959 0.00000000099999999959 0.00000000099999999959 0.00000000099999999959 0.00000000099999999959
75 75 (0) 10 : 0.12044902874506278889 0.00000000099999999997 0.00000000099999999997 0.16225829914790010355 0.00000000099999999997 0.20605347113627517364 0.18753506138057118857 0.00000000099999999997 0.00983675882845168499 0.01967341413239803716 0.00000000099999999997 0.06954629372966143752 0.22464766689967963220 0.00000000099999999997
76 76 (0) 10 : 0.00000000099999999962 0.00000000099999999962 0.00000000099999999962 0.00000000099999999962 0.00000000099999999962 0.00000000099999999962 0.00000000099999999962 0.99999998700000003460 0.00000000099999999962 0.00000000099999999962 0.00000000099999999962 0.00000000099999999962 0.00000000099999999962 0.00000000099999999962
