1:	0.0743 0.0280 0.0392 0.0111 0.0163 0.0110 0.1429 0.0078 0.0350 0.1746 0.1856 0.0328 0.0704 0.1712 	7
2:	0.0933 0.0000 0.0000 0.0000 0.5241 0.0063 0.1667 0.1667 0.0415 0.0000 0.0000 0.0000 0.0014 0.0000 	6
3:	0.3251 0.0000 0.0000 0.0000 0.0000 0.0000 0.3528 0.2500 0.0000 0.0000 0.0721 0.0000 0.0000 0.0000 	4
4:	0.2715 0.0011 0.1875 0.0026 0.0000 0.0047 0.1250 0.0118 0.0000 0.0625 0.1269 0.1334 0.0731 0.0000 	16
5:	0.3201 0.0012 0.1949 0.0000 0.0000 0.0188 0.0000 0.1792 0.0000 0.0000 0.0845 0.0000 0.2013 0.0000 	1
6:	0.0266 0.0942 0.1088 0.0873 0.0036 0.0521 0.1472 0.0618 0.1047 0.0521 0.0113 0.0628 0.1358 0.0517 	23
7:	0.0000 0.0000 0.0000 0.0000 0.0514 0.1667 0.0000 0.0636 0.3333 0.1667 0.0000 0.0517 0.0000 0.1667 	6
8:	0.2965 0.0053 0.0000 0.0297 0.0190 0.0308 0.1606 0.0826 0.0748 0.1372 0.0475 0.0580 0.0083 0.0499 	2
9:	0.0000 0.0000 0.0000 0.0000 0.0000 0.0000 0.3883 0.6117 0.0000 0.0000 0.0000 0.0000 0.0000 0.0000 	1
10:	0.2112 0.0033 0.0555 0.0023 0.0025 0.0071 0.0639 0.2468 0.0247 0.0034 0.0504 0.0469 0.2419 0.0400 	10
