1 1 (0) 1 : 0.00000000099999999933 0.00000000099999999933 0.00000000099999999933 0.99999998700000025664 0.00000000099999999933 0.00000000099999999933 0.00000000099999999933 0.00000000099999999933 0.00000000099999999933 0.00000000099999999933 0.00000000099999999933 0.00000000099999999933 0.00000000099999999933 0.00000000099999999933
2 2 (0) 1 : 0.00000000099999999950 0.00000000099999999950 0.00000000099999999950 0.00000000099999999950 0.99999998700000025664 0.00000000099999999950 0.00000000099999999950 0.00000000099999999950 0.00000000099999999950 0.00000000099999999950 0.00000000099999999950 0.00000000099999999950 0.00000000099999999950 0.00000000099999999950
3 3 (0) 1 : 0.00000000099999999965 0.00000000099999999965 0.00000000099999999965 0.00000000099999999965 0.00000000099999999965 0.00000000099999999965 0.00000000099999999965 0.00000000099999999965 0.00000000099999999965 0.00000000099999999965 0.00000000099999999965 0.49897170202003193751 0.00000000099999999965 0.50102828597996806881
4 4 (0) 1 : 0.00000000099999999943 0.00000000099999999943 0.00000000099999999943 0.00000000099999999943 0.00000000099999999943 0.00000000099999999943 0.00000000099999999943 0.00000000099999999943 0.00000000099999999943 0.00000000099999999943 0.00000000099999999943 0.00000000099999999943 0.99999998699999992358 0.00000000099999999943
5 5 (0) 1 : 0.00000000099999999943 0.00000000099999999943 0.00000000099999999943 0.00000000099999999943 0.00000000099999999943 0.00000000099999999943 0.00000000099999999943 0.00000000099999999943 0.00000000099999999943 0.00000000099999999943 0.00000000099999999943 0.00000000099999999943 0.99999998699999992358 0.00000000099999999943
6 6 (0) 1 : 0.00000000099999999930 0.00000000099999999930 0.00000000099999999930 0.99999998700000025664 0.00000000099999999930 0.00000000099999999930 0.00000000099999999930 0.00000000099999999930 0.00000000099999999930 0.00000000099999999930 0.00000000099999999930 0.00000000099999999930 0.00000000099999999930 0.00000000099999999930
7 7 (0) 1 : 0.00000000099999999918 0.00000000099999999918 0.00000000099999999918 0.00000000099999999918 0.00000000099999999918 0.00000000099999999918 0.00000000099999999918 0.00000000099999999918 0.00000000099999999918 0.00000000099999999918 0.00000000099999999918 0.99999998700000003460 0.00000000099999999918 0.00000000099999999918
8 8 (0) 1 : 0.00000000099999999944 0.00000000099999999944 0.00000000099999999944 0.00000000099999999944 0.00000000099999999944 0.00000000099999999944 0.00000000099999999944 0.00000000099999999944 0.00000000099999999944 0.00000000099999999944 0.00000000099999999944 0.00000000099999999944 0.99999998699999992358 0.00000000099999999944
9 9 (0) 1 : 0.31250174968390914687 0.00000000099999999972 0.00000000099999999972 0.00000012583538088713 0.00000000099999999972 0.00000000099999999972 0.17490533836197943995 0.00000000099999999972 0.00000000099999999972 0.38935167404041132189 0.00000000099999999972 0.12324051758811856161 0.00000058649020049410 0.00000000099999999972
10 10 (0) 1 : 0.99999998700000036767 0.00000000099999999946 0.00000000099999999946 0.00000000099999999946 0.00000000099999999946 0.00000000099999999946 0.00000000099999999946 0.00000000099999999946 0.00000000099999999946 0.00000000099999999946 0.00000000099999999946 0.00000000099999999946 0.00000000099999999946 0.00000000099999999946
11 11 (0) 1 : 0.00000000099999999956 0.00000000099999999956 0.00000000099999999956 0.99999998700000025664 0.00000000099999999956 0.00000000099999999956 0.00000000099999999956 0.00000000099999999956 0.00000000099999999956 0.00000000099999999956 0.00000000099999999956 0.00000000099999999956 0.00000000099999999956 0.00000000099999999956
12 12 (0) 1 : 0.00000000099999999881 0.00000000099999999881 0.00000000099999999881 0.00000000099999999881 0.99999998700000014562 0.00000000099999999881 0.00000000099999999881 0.00000000099999999881 0.00000000099999999881 0.00000000099999999881 0.00000000099999999881 0.00000000099999999881 0.00000000099999999881 0.00000000099999999881
13 13 (0) 1 : 0.00000000099999999947 0.00000000099999999947 0.00000000099999999947 0.00000000099999999947 0.00000000099999999947 0.00000000099999999947 0.00000000099999999947 0.00000000099999999947 0.00000000099999999947 0.00000000099999999947 0.00000000099999999947 0.00000000099999999947 0.00000000099999999947 0.99999998699999992358
14 14 (0) 2 : 0.41109267559771800471 0.00000000099999999957 0.00000000099999999957 0.00000000099999999957 0.00000000099999999957 0.00000000099999999957 0.58890731240228200161 0.00000000099999999957 0.00000000099999999957 0.00000000099999999957 0.00000000099999999957 0.00000000099999999957 0.00000000099999999957 0.00000000099999999957
15 15 (0) 2 : 0.00000000099999999892 0.00000000099999999892 0.00000000099999999892 0.00000000099999999892 0.00000000099999999892 0.00000000099999999892 0.00000000099999999892 0.99999998700000003460 0.00000000099999999892 0.00000000099999999892 0.00000000099999999892 0.00000000099999999892 0.00000000099999999892 0.00000000099999999892
16 16 (0) 2 : 0.00000000099999999939 0.00000000099999999939 0.00000000099999999939 0.00000000099999999939 0.00000000099999999939 0.00000000099999999939 0.00000000099999999939 0.00000000099999999939 0.00000000099999999939 0.99999998700000003460 0.00000000099999999939 0.00000000099999999939 0.00000000099999999939 0.00000000099999999939
17 17 (0) 2 : 0.00000000099999999940 0.00000000099999999940 0.00000000099999999940 0.00000000099999999940 0.00000000099999999940 0.00000000099999999940 0.00000000099999999940 0.00000000099999999940 0.00000000099999999940 0.00000000099999999940 0.00000000099999999940 0.00000000099999999940 0.99999998700000003460 0.00000000099999999940
18 18 (0) 2 : 0.99999998700000036767 0.00000000099999999939 0.00000000099999999939 0.00000000099999999939 0.00000000099999999939 0.00000000099999999939 0.00000000099999999939 0.00000000099999999939 0.00000000099999999939 0.00000000099999999939 0.00000000099999999939 0.00000000099999999939 0.00000000099999999939 0.00000000099999999939
19 19 (0) 2 : 0.00000000099999999947 0.00000000099999999947 0.00000000099999999947 0.00000000099999999947 0.00000000099999999947 0.00000000099999999947 0.00000000099999999947 0.00000000099999999947 0.00000000099999999947 0.99999998700000003460 0.00000000099999999947 0.00000000099999999947 0.00000000099999999947 0.00000000099999999947
20 20 (0) 2 : 0.24404214862315856682 0.00000000099999999984 0.04077893784672863287 0.00000000099999999984 0.00747365202125283446 0.00000000099999999984 0.00000000099999999984 0.00000000099999999984 0.00000000099999999984 0.26391165401130073365 0.00000000099999999984 0.18455881549581051870 0.22841219820725489065 0.03082258679449382394
21 21 (0) 2 : 0.00000000099999999947 0.00000000099999999947 0.00000000099999999947 0.00000000099999999947 0.00000000099999999947 0.00000000099999999947 0.00000000099999999947 0.00000000099999999947 0.00000000099999999947 0.00000000099999999947 0.00000000099999999947 0.00000000099999999947 0.99999998700000003460 0.00000000099999999947
22 22 (0) 2 : 0.16172601516137635747 0.00000000099999999983 0.08528473677115656904 0.19584359523790367819 0.00000000099999999983 0.00000000099999999983 0.00153960551062461018 0.00000000099999999983 0.00000000099999999983 0.23250483934866225666 0.00000000099999999983 0.11478849852223863004 0.20705943966611661811 0.00125326378192102544
23 23 (0) 2 : 0.00000000099999999994 0.00000000099999999994 0.44818064855233558097 0.00000000099999999994 0.00000000099999999994 0.00000000099999999994 0.00000000099999999994 0.00000000099999999994 0.00000000099999999994 0.00000061188713820391 0.00000000099999999994 0.00000000099999999994 0.55181872856052593956 0.00000000099999999994
24 24 (0) 2 : 0.00000000099999999946 0.00000000099999999946 0.00000000099999999946 0.00000000099999999946 0.00000000099999999946 0.00000000099999999946 0.00000000099999999946 0.00000000099999999946 0.00000000099999999946 0.99999998700000014562 0.00000000099999999946 0.00000000099999999946 0.00000000099999999946 0.00000000099999999946
25 25 (0) 2 : 0.62898497550808862844 0.00000000099999999965 0.00000000099999999965 0.00000000099999999965 0.00000000099999999965 0.00000000099999999965 0.00000000099999999965 0.00000000099999999965 0.00000000099999999965 0.37101501249191176646 0.00000000099999999965 0.00000000099999999965 0.00000000099999999965 0.00000000099999999965
26 26 (0) 2 : 0.00005214745202896543 0.00000000099999999995 0.41389957960577583584 0.00000000099999999995 0.00000000099999999995 0.00000000099999999995 0.00000000099999999995 0.00000000099999999995 0.00000000099999999995 0.00000078090226892567 0.00000000099999999995 0.00000000099999999995 0.31985274321356976790 0.26619473982635621923
27 27 (0) 2 : 0.00000000099999999948 0.00000000099999999948 0.00000000099999999948 0.00000000099999999948 0.00000000099999999948 0.00000000099999999948 0.00000000099999999948 0.00000000099999999948 0.00000000099999999948 0.00000000099999999948 0.00000000099999999948 0.00000000099999999948 0.00000000099999999948 0.99999998700000003460
28 28 (0) 3 : 0.00000000099999999935 0.00000000099999999935 0.00000000099999999935 0.00000000099999999935 0.00000000099999999935 0.00000000099999999935 0.00000000099999999935 0.00000000099999999935 0.99999998700000003460 0.00000000099999999935 0.00000000099999999935 0.00000000099999999935 0.00000000099999999935 0.00000000099999999935
29 29 (0) 3 : 0.00000000099999999936 0.00000000099999999936 0.00000000099999999936 0.00000000099999999936 0.00000000099999999936 0.00000000099999999936 0.99999998700000003460 0.00000000099999999936 0.00000000099999999936 0.00000000099999999936 0.00000000099999999936 0.00000000099999999936 0.00000000099999999936 0.00000000099999999936
30 30 (0) 3 : 0.00000000099999999881 0.00000000099999999881 0.99999998700000014562 0.00000000099999999881 0.00000000099999999881 0.00000000099999999881 0.00000000099999999881 0.00000000099999999881 0.00000000099999999881 0.00000000099999999881 0.00000000099999999881 0.00000000099999999881 0.00000000099999999881 0.00000000099999999881
31 31 (0) 3 : 0.00000000099999999993 0.00000000099999999993 0.52889175689043776973 0.00000000099999999993 0.00000000099999999993 0.00000000099999999993 0.00000000099999999993 0.00000000099999999993 0.00000000099999999993 0.00000000099999999993 0.00000000099999999993 0.00000000099999999993 0.00000000099999999993 0.47110823110956245863
32 32 (0) 3 : 0.00000000099999999877 0.00000000099999999877 0.00000000099999999877 0.00000000099999999877 0.00000000099999999877 0.00000000099999999877 0.00000000099999999877 0.99999998700000003460 0.00000000099999999877 0.00000000099999999877 0.00000000099999999877 0.00000000099999999877 0.00000000099999999877 0.00000000099999999877
33 33 (0) 3 : 0.99999998700000036767 0.00000000099999999948 0.00000000099999999948 0.00000000099999999948 0.00000000099999999948 0.00000000099999999948 0.00000000099999999948 0.00000000099999999948 0.00000000099999999948 0.00000000099999999948 0.00000000099999999948 0.00000000099999999948 0.00000000099999999948 0.00000000099999999948
34 34 (0) 3 : 0.00000000099999999922 0.00000000099999999922 0.00000000099999999922 0.00000000099999999922 0.00000000099999999922 0.99999998700000014562 0.00000000099999999922 0.00000000099999999922 0.00000000099999999922 0.00000000099999999922 0.00000000099999999922 0.00000000099999999922 0.00000000099999999922 0.00000000099999999922
35 35 (0) 3 : 0.00000000099999999863 0.99999998700000014562 0.00000000099999999863 0.00000000099999999863 0.00000000099999999863 0.00000000099999999863 0.00000000099999999863 0.00000000099999999863 0.00000000099999999863 0.00000000099999999863 0.00000000099999999863 0.00000000099999999863 0.00000000099999999863 0.00000000099999999863
36 36 (0) 3 : 0.00000000099999999911 0.00000000099999999911 0.00000000099999999911 0.00000000099999999911 0.00000000099999999911 0.99999998700000014562 0.00000000099999999911 0.00000000099999999911 0.00000000099999999911 0.00000000099999999911 0.00000000099999999911 0.00000000099999999911 0.00000000099999999911 0.00000000099999999911
37 37 (0) 3 : 0.99999998700000036767 0.00000000099999999946 0.00000000099999999946 0.00000000099999999946 0.00000000099999999946 0.00000000099999999946 0.00000000099999999946 0.00000000099999999946 0.00000000099999999946 0.00000000099999999946 0.00000000099999999946 0.00000000099999999946 0.00000000099999999946 0.00000000099999999946
38 38 (0) 3 : 0.00000000099999999925 0.00000000099999999925 0.99999998700000025664 0.00000000099999999925 0.00000000099999999925 0.00000000099999999925 0.00000000099999999925 0.00000000099999999925 0.00000000099999999925 0.00000000099999999925 0.00000000099999999925 0.00000000099999999925 0.00000000099999999925 0.00000000099999999925
39 39 (0) 3 : 0.00000000099999999897 0.00000000099999999897 0.99999998700000003460 0.00000000099999999897 0.00000000099999999897 0.00000000099999999897 0.00000000099999999897 0.00000000099999999897 0.00000000099999999897 0.00000000099999999897 0.00000000099999999897 0.00000000099999999897 0.00000000099999999897 0.00000000099999999897
40 40 (0) 3 : 0.00000000099999999934 0.00000000099999999934 0.00000000099999999934 0.00000000099999999934 0.00000000099999999934 0.00000000099999999934 0.99999998700000014562 0.00000000099999999934 0.00000000099999999934 0.00000000099999999934 0.00000000099999999934 0.00000000099999999934 0.00000000099999999934 0.00000000099999999934
41 41 (0) 3 : 0.00000000099999999944 0.00000000099999999944 0.00000000099999999944 0.00000000099999999944 0.00000000099999999944 0.00000000099999999944 0.00000000099999999944 0.00000000099999999944 0.00000000099999999944 0.99999998700000014562 0.00000000099999999944 0.00000000099999999944 0.00000000099999999944 0.00000000099999999944
42 42 (0) 3 : 0.00000000099999999887 0.00000000099999999887 0.00000000099999999887 0.00000000099999999887 0.00000000099999999887 0.00000000099999999887 0.00000000099999999887 0.99999998700000003460 0.00000000099999999887 0.00000000099999999887 0.00000000099999999887 0.00000000099999999887 0.00000000099999999887 0.00000000099999999887
43 43 (0) 3 : 0.00000000099999999759 0.00000000099999999759 0.00000000099999999759 0.00000000099999999759 0.00000000099999999759 0.00000000099999999759 0.00000000099999999759 0.00000000099999999759 0.00000000099999999759 0.00000000099999999759 0.99999998699999970153 0.00000000099999999759 0.00000000099999999759 0.00000000099999999759
44 44 (0) 3 : 0.99999998700000036767 0.00000000099999999957 0.00000000099999999957 0.00000000099999999957 0.00000000099999999957 0.00000000099999999957 0.00000000099999999957 0.00000000099999999957 0.00000000099999999957 0.00000000099999999957 0.00000000099999999957 0.00000000099999999957 0.00000000099999999957 0.00000000099999999957
45 45 (0) 3 : 0.00000000099999999940 0.00000000099999999940 0.00000000099999999940 0.00000000099999999940 0.00000000099999999940 0.00000000099999999940 0.99999998700000003460 0.00000000099999999940 0.00000000099999999940 0.00000000099999999940 0.00000000099999999940 0.00000000099999999940 0.00000000099999999940 0.00000000099999999940
46 46 (0) 4 : 0.00000000099999999933 0.00000000099999999933 0.00000000099999999933 0.00000000099999999933 0.00000000099999999933 0.00000000099999999933 0.00000000099999999933 0.00000000099999999933 0.99999998700000014562 0.00000000099999999933 0.00000000099999999933 0.00000000099999999933 0.00000000099999999933 0.00000000099999999933
47 47 (0) 4 : 0.00000000099999999931 0.00000000099999999931 0.00000000099999999931 0.00000000099999999931 0.00000000099999999931 0.00000000099999999931 0.00000000099999999931 0.00000000099999999931 0.99999998700000003460 0.00000000099999999931 0.00000000099999999931 0.00000000099999999931 0.00000000099999999931 0.00000000099999999931
48 48 (0) 4 : 0.00000000099999999943 0.00000000099999999943 0.00000000099999999943 0.00000000099999999943 0.00000000099999999943 0.00000000099999999943 0.00000000099999999943 0.00000000099999999943 0.00000000099999999943 0.00000000099999999943 0.00000000099999999943 0.00000000099999999943 0.00000000099999999943 0.99999998699999992358
49 49 (0) 4 : 0.00000000099999999959 0.00000000099999999959 0.00000000099999999959 0.00000000099999999959 0.00000000099999999959 0.00000000099999999959 0.99999998700000014562 0.00000000099999999959 0.00000000099999999959 0.00000000099999999959 0.00000000099999999959 0.00000000099999999959 0.00000000099999999959 0.00000000099999999959
50 50 (0) 4 : 0.00000000099999999955 0.00000000099999999955 0.00000000099999999955 0.99999998700000025664 0.00000000099999999955 0.00000000099999999955 0.00000000099999999955 0.00000000099999999955 0.00000000099999999955 0.00000000099999999955 0.00000000099999999955 0.00000000099999999955 0.00000000099999999955 0.00000000099999999955
51 51 (0) 4 : 0.00000000099999999954 0.00000000099999999954 0.00000000099999999954 0.99999998700000025664 0.00000000099999999954 0.00000000099999999954 0.00000000099999999954 0.00000000099999999954 0.00000000099999999954 0.00000000099999999954 0.00000000099999999954 0.00000000099999999954 0.00000000099999999954 0.00000000099999999954
52 52 (0) 4 : 0.00000000099999999963 0.00000000099999999963 0.00000000099999999963 0.00000000099999999963 0.00000000099999999963 0.00000000099999999963 0.00000000099999999963 0.00000000099999999963 0.00000000099999999963 0.99999998700000003460 0.00000000099999999963 0.00000000099999999963 0.00000000099999999963 0.00000000099999999963
53 53 (0) 4 : 0.00000000099999999941 0.00000000099999999941 0.00000000099999999941 0.00000000099999999941 0.00000000099999999941 0.00000000099999999941 0.00000000099999999941 0.00000000099999999941 0.00000000099999999941 0.00000000099999999941 0.00000000099999999941 0.00000000099999999941 0.00000000099999999941 0.99999998700000003460
54 54 (0) 4 : 0.00000000099999999949 0.00000000099999999949 0.00000000099999999949 0.00000000099999999949 0.00000000099999999949 0.00000000099999999949 0.00000000099999999949 0.00000000099999999949 0.00000000099999999949 0.00000000099999999949 0.00000000099999999949 0.00000000099999999949 0.00000000099999999949 0.99999998700000003460
55 55 (0) 4 : 0.00000000099999999995 0.00000000099999999995 0.65156276423846659629 0.00000000099999999995 0.00000000099999999995 0.00000000099999999995 0.00000000099999999995 0.00000000099999999995 0.00000000099999999995 0.00000000099999999995 0.00000000099999999995 0.34843722376153374309 0.00000000099999999995 0.00000000099999999995
56 56 (0) 4 : 0.00000000099999999915 0.00000000099999999915 0.00000000099999999915 0.00000000099999999915 0.00000000099999999915 0.00000000099999999915 0.00000000099999999915 0.00000000099999999915 0.00000000099999999915 0.00000000099999999915 0.00000000099999999915 0.99999998699999992358 0.00000000099999999915 0.00000000099999999915
57 57 (0) 5 : 0.00000000099999999941 0.00000000099999999941 0.00000000099999999941 0.00000000099999999941 0.00000000099999999941 0.00000000099999999941 0.99999998700000014562 0.00000000099999999941 0.00000000099999999941 0.00000000099999999941 0.00000000099999999941 0.00000000099999999941 0.00000000099999999941 0.00000000099999999941
58 58 (0) 5 : 0.16466798899717843829 0.00000000099999999996 0.00000000099999999996 0.28340472211778949818 0.00612631532256916085 0.00000000099999999996 0.17442446049869600455 0.00000000099999999996 0.00000000099999999996 0.16723987225710928994 0.03593685611230593158 0.00000001465975431129 0.14366695735766835118 0.02453280767692901307
59 59 (0) 5 : 0.00000000099999999972 0.00000000099999999972 0.00000000099999999972 0.00000000099999999972 0.00000000099999999972 0.00000000099999999972 0.27030813131858943965 0.00000000099999999972 0.00000000099999999972 0.36874099829119538763 0.00000000099999999972 0.36095085796603049166 0.00000000242418458330 0.00000000099999999972
60 60 (0) 5 : 0.00000000099999999927 0.00000000099999999927 0.00000000099999999927 0.00000000099999999927 0.00000000099999999927 0.00000000099999999927 0.00000000099999999927 0.00000000099999999927 0.99999998700000003460 0.00000000099999999927 0.00000000099999999927 0.00000000099999999927 0.00000000099999999927 0.00000000099999999927
61 61 (0) 5 : 0.00000000099999999994 0.00000000099999999994 0.00000000099999999994 0.00000000099999999994 0.00004651458164856795 0.00000000099999999994 0.00000000099999999994 0.00000000099999999994 0.99995347341835150168 0.00000000099999999994 0.00000000099999999994 0.00000000099999999994 0.00000000099999999994 0.00000000099999999994
62 62 (0) 5 : 0.00000000099999999961 0.00000000099999999961 0.00000000099999999961 0.00000000099999999961 0.00000000099999999961 0.00000000099999999961 0.00000000099999999961 0.99999998700000003460 0.00000000099999999961 0.00000000099999999961 0.00000000099999999961 0.00000000099999999961 0.00000000099999999961 0.00000000099999999961
63 63 (0) 6 : 0.00000000099999999932 0.33751756768428503586 0.00000000099999999932 0.00000000099999999932 0.00000000099999999932 0.66248242031571502597 0.00000000099999999932 0.00000000099999999932 0.00000000099999999932 0.00000000099999999932 0.00000000099999999932 0.00000000099999999932 0.00000000099999999932 0.00000000099999999932
64 64 (0) 6 : 0.00000000099999999934 0.00000000099999999934 0.00000000099999999934 0.00000000099999999934 0.00000000099999999934 0.00000000099999999934 0.00000000099999999934 0.00000000099999999934 0.99999998700000014562 0.00000000099999999934 0.00000000099999999934 0.00000000099999999934 0.00000000099999999934 0.00000000099999999934
65 65 (0) 6 : 0.00000000099999999930 0.00000000099999999930 0.00000000099999999930 0.00000000099999999930 0.00000000099999999930 0.99999998700000025664 0.00000000099999999930 0.00000000099999999930 0.00000000099999999930 0.00000000099999999930 0.00000000099999999930 0.00000000099999999930 0.00000000099999999930 0.00000000099999999930
66 66 (0) 6 : 0.09945904032589031329 0.00000000099999999989 0.00000000099999999989 0.00000000099999999989 0.00000000099999999989 0.01735761965714583202 0.00000000099999999989 0.02472311622765182779 0.65819936999110728593 0.10021626186704320205 0.05559094345072154719 0.00000000099999999989 0.04445364148044008562 0.00000000099999999989
67 67 (0) 6 : 0.00000000099999999931 0.00000000099999999931 0.00000000099999999931 0.00000000099999999931 0.00000000099999999931 0.00000000099999999931 0.00000000099999999931 0.00000000099999999931 0.99999998700000014562 0.00000000099999999931 0.00000000099999999931 0.00000000099999999931 0.00000000099999999931 0.00000000099999999931
68 68 (0) 6 : 0.00000000099999999980 0.03582048229152123148 0.12367608739379783167 0.00000000099999999980 0.00000000099999999980 0.07803302401955948542 0.00000000099999999980 0.00000000099999999980 0.76247039629512158854 0.00000000099999999980 0.00000000099999999980 0.00000000099999999980 0.00000000099999999980 0.00000000099999999980
69 69 (0) 6 : 0.00000000100000000000 0.00649041408853852191 0.02099231552738094544 0.10944613101066030802 0.00005456368994935254 0.06676677939867667333 0.13380658353983776454 0.00759900865976390061 0.06119986974812677283 0.24985643168858120977 0.00000000100000000000 0.12175870854746231875 0.12879020387801068392 0.09323898822301149303
70 70 (0) 6 : 0.00000000099999999931 0.00000000099999999931 0.00000000099999999931 0.00000000099999999931 0.00000000099999999931 0.00000000099999999931 0.00000000099999999931 0.00000000099999999931 0.99999998700000003460 0.00000000099999999931 0.00000000099999999931 0.00000000099999999931 0.00000000099999999931 0.00000000099999999931
71 71 (0) 6 : 0.00000000099999999943 0.00000000099999999943 0.00000000099999999943 0.00000000099999999943 0.00000000099999999943 0.00000000099999999943 0.00000000099999999943 0.00000000099999999943 0.00000000099999999943 0.99999998700000014562 0.00000000099999999943 0.00000000099999999943 0.00000000099999999943 0.00000000099999999943
72 72 (0) 6 : 0.00000000099999999925 0.00000000099999999925 0.00000000099999999925 0.00000000099999999925 0.00000000099999999925 0.00000000099999999925 0.00000000099999999925 0.00000000099999999925 0.99999998700000003460 0.00000000099999999925 0.00000000099999999925 0.00000000099999999925 0.00000000099999999925 0.00000000099999999925
73 73 (0) 6 : 0.00000000099999999877 0.99999998700000014562 0.00000000099999999877 0.00000000099999999877 0.00000000099999999877 0.00000000099999999877 0.00000000099999999877 0.00000000099999999877 0.00000000099999999877 0.00000000099999999877 0.00000000099999999877 0.00000000099999999877 0.00000000099999999877 0.00000000099999999877
74 74 (0) 6 : 0.00000000099999999969 0.04378305895161294786 0.12799471157873729132 0.00000000099999999969 0.00000000099999999969 0.00000000099999999969 0.00000000099999999969 0.00000000099999999969 0.82822221846964982905 0.00000000099999999969 0.00000000099999999969 0.00000000099999999969 0.00000000099999999969 0.00000000099999999969
75 75 (0) 6 : 0.00000000099999999956 0.00000000099999999956 0.00000000099999999956 0.00000000099999999956 0.00000000099999999956 0.99999998700000014562 0.00000000099999999956 0.00000000099999999956 0.00000000099999999956 0.00000000099999999956 0.00000000099999999956 0.00000000099999999956 0.00000000099999999956 0.00000000099999999956
76 76 (0) 6 : 0.00000000099999999983 0.00000000099999999983 0.16469982327717944126 0.00000000099999999983 0.00000000099999999983 0.00000000099999999983 0.00000000099999999983 0.00000000099999999983 0.83530016472282053730 0.00000000099999999983 0.00000000099999999983 0.00000000099999999983 0.00000000099999999983 0.00000000099999999983
77 77 (0) 6 : 0.00000000099999999983 0.00000000099999999983 0.18005162194001139708 0.00000000099999999983 0.00000000099999999983 0.00000017833799234739 0.00000000099999999983 0.00000000099999999983 0.81994818872199637383 0.00000000099999999983 0.00000000099999999983 0.00000000099999999983 0.00000000099999999983 0.00000000099999999983
78 78 (0) 6 : 0.00000000099999999974 0.28568647853166351247 0.20262431469416641860 0.00000000099999999974 0.00000000099999999974 0.51168919577417026900 0.00000000099999999974 0.00000000099999999974 0.00000000099999999974 0.00000000099999999974 0.00000000099999999974 0.00000000099999999974 0.00000000099999999974 0.00000000099999999974
79 79 (0) 6 : 0.00000000099999999942 0.00000000099999999942 0.00000000099999999942 0.00000000099999999942 0.00000000099999999942 0.99999998700000025664 0.00000000099999999942 0.00000000099999999942 0.00000000099999999942 0.00000000099999999942 0.00000000099999999942 0.00000000099999999942 0.00000000099999999942 0.00000000099999999942
80 80 (0) 7 : 0.00000000099999999944 0.00000000099999999944 0.00000000099999999944 0.00000000099999999944 0.00000000099999999944 0.00000000099999999944 0.00000000099999999944 0.00000000099999999944 0.00000000099999999944 0.00000000099999999944 0.00000000099999999944 0.00000000099999999944 0.99999998699999992358 0.00000000099999999944
81 81 (0) 8 : 0.00000000099999999930 0.00000000099999999930 0.00000000099999999930 0.00000000099999999930 0.00000000099999999930 0.00000000099999999930 0.00000000099999999930 0.00000000099999999930 0.00000000099999999930 0.00000000099999999930 0.00000000099999999930 0.99999998700000003460 0.00000000099999999930 0.00000000099999999930
82 82 (0) 9 : 0.00000000099999999909 0.00000000099999999909 0.99999998700000025664 0.00000000099999999909 0.00000000099999999909 0.00000000099999999909 0.00000000099999999909 0.00000000099999999909 0.00000000099999999909 0.00000000099999999909 0.00000000099999999909 0.00000000099999999909 0.00000000099999999909 0.00000000099999999909
83 83 (0) 10 : 0.00000000099999999994 0.00000000099999999994 0.11568663787620507566 0.33638225023636803002 0.05593643198526857679 0.00000000099999999994 0.00000000099999999994 0.00000000099999999994 0.00000000099999999994 0.11386092244827773767 0.00000000099999999994 0.00230593459587864974 0.23842981837429866321 0.13739799748370357113
84 84 (0) 11 : 0.00000000099999999925 0.00000000099999999925 0.00000000099999999925 0.00000000099999999925 0.99999998700000014562 0.00000000099999999925 0.00000000099999999925 0.00000000099999999925 0.00000000099999999925 0.00000000099999999925 0.00000000099999999925 0.00000000099999999925 0.00000000099999999925 0.00000000099999999925
85 85 (0) 11 : 0.00000000099999999965 0.00000000099999999965 0.45528498501586939229 0.00000000099999999965 0.00000000099999999965 0.00000000099999999965 0.00000000099999999965 0.00000000099999999965 0.00000000099999999965 0.00000000099999999965 0.00000000099999999965 0.00000000099999999965 0.00000000099999999965 0.54471500298413033647
86 86 (0) 12 : 0.00000000099999999989 0.00000000099999999989 0.40051128135391123042 0.59948870664608899794 0.00000000099999999989 0.00000000099999999989 0.00000000099999999989 0.00000000099999999989 0.00000000099999999989 0.00000000099999999989 0.00000000099999999989 0.00000000099999999989 0.00000000099999999989 0.00000000099999999989
87 87 (0) 12 : 0.15237405350074817445 0.00000000099999999995 0.17235191505044397675 0.12535645201556003259 0.00000032178246918825 0.00000000099999999995 0.00000027535072364081 0.00000000099999999995 0.00000000099999999995 0.07488004157950771400 0.00000000099999999995 0.15984944429501288243 0.31099170400736381170 0.00419578741817046384
88 88 (0) 12 : 0.47294580347589204594 0.00000000099999999976 0.00000000099999999976 0.00000000099999999976 0.00000000099999999976 0.00000000099999999976 0.00000000099999999976 0.00000000099999999976 0.00000000099999999976 0.24744340244458221112 0.00000000099999999976 0.00000000099999999976 0.00000000099999999976 0.27961078307952558220
89 89 (0) 12 : 0.00000000099999999980 0.00000000099999999980 0.16793631501129246963 0.21489471710024335427 0.00000000099999999980 0.00000000099999999980 0.00000000099999999980 0.00000000099999999980 0.00000000099999999980 0.00000000099999999980 0.00000000099999999980 0.00000000099999999980 0.51888073079507623930 0.09828822709338774777
90 90 (0) 12 : 0.00000000099999999971 0.00000000099999999971 0.00000000099999999971 0.00000000099999999971 0.00000000099999999971 0.99999998700000014562 0.00000000099999999971 0.00000000099999999971 0.00000000099999999971 0.00000000099999999971 0.00000000099999999971 0.00000000099999999971 0.00000000099999999971 0.00000000099999999971
91 91 (0) 12 : 0.99999998700000036767 0.00000000099999999948 0.00000000099999999948 0.00000000099999999948 0.00000000099999999948 0.00000000099999999948 0.00000000099999999948 0.00000000099999999948 0.00000000099999999948 0.00000000099999999948 0.00000000099999999948 0.00000000099999999948 0.00000000099999999948 0.00000000099999999948
92 92 (0) 12 : 0.00000000099999999960 0.00000000099999999960 0.00000000099999999960 0.00000000099999999960 0.00000000099999999960 0.00000000099999999960 0.00000000099999999960 0.00000000099999999960 0.00000000099999999960 0.00000000099999999960 0.00000000099999999960 0.00000000099999999960 0.62119230579724715735 0.37880768220275290448
93 93 (0) 12 : 0.39533923342923082966 0.00000000099999999963 0.00000000099999999963 0.00000000099999999963 0.00000000099999999963 0.00000000099999999963 0.00000000099999999963 0.00000000099999999963 0.00000000099999999963 0.60466075457076906563 0.00000000099999999963 0.00000000099999999963 0.00000000099999999963 0.00000000099999999963
94 94 (0) 13 : 0.00000000099999999942 0.00000000099999999942 0.00000000099999999942 0.00000000099999999942 0.00000000099999999942 0.00000000099999999942 0.00000000099999999942 0.00000000099999999942 0.00000000099999999942 0.00000000099999999942 0.00000000099999999942 0.00000000099999999942 0.00000000099999999942 0.99999998699999992358
