1:	0.1248 0.0000 0.0000 0.1010 0.0000 0.0135 0.0000 0.1538 0.2308 0.0000 0.0300 0.2308 0.1155 0.0000 	13
2:	0.0214 0.0000 0.0706 0.1747 0.0000 0.0422 0.0714 0.0005 0.2362 0.0000 0.2762 0.0140 0.0927 0.0000 	14
3:	0.0000 0.0556 0.1961 0.1667 0.1111 0.1667 0.1111 0.0000 0.0000 0.0556 0.0556 0.0000 0.0262 0.0556 	18
4:	0.1226 0.1818 0.0592 0.0000 0.0000 0.0909 0.0000 0.0000 0.0000 0.0000 0.0909 0.1818 0.2727 0.0000 	11
5:	0.0602 0.3333 0.0000 0.0275 0.0000 0.2408 0.1667 0.0010 0.0239 0.0060 0.0893 0.0472 0.0041 0.0000 	6
6:	0.0072 0.4685 0.0482 0.0059 0.2551 0.0079 0.0019 0.0000 0.0102 0.0033 0.0794 0.0064 0.0055 0.1005 	17
7:	0.0000 0.0000 0.0000 0.0000 0.0000 0.0000 0.0000 0.0000 1.0000 0.0000 0.0000 0.0000 0.0000 0.0000 	1
8:	1.0000 0.0000 0.0000 0.0000 0.0000 0.0000 0.0000 0.0000 0.0000 0.0000 0.0000 0.0000 0.0000 0.0000 	1
9:	0.0000 0.0000 1.0000 0.0000 0.0000 0.0000 0.0000 0.0000 0.0000 0.0000 0.0000 0.0000 0.0000 0.0000 	1
10:	0.0023 0.0000 0.1157 0.0000 0.0000 0.0000 0.0000 0.0559 0.2384 0.0000 0.1139 0.3364 0.1374 0.0000 	1
11:	0.0000 0.0000 0.2276 0.0000 0.0000 0.0000 0.0000 0.5000 0.0000 0.0000 0.0000 0.0000 0.2723 0.0000 	2
12:	0.0200 0.0000 0.0926 0.2526 0.1250 0.0000 0.0000 0.0000 0.1814 0.0000 0.1159 0.1175 0.0951 0.0000 	8
13:	0.0000 0.0000 0.0000 0.0000 0.0000 0.0000 0.0000 0.0000 0.0000 0.0000 0.0000 0.0000 1.0000 0.0000 	1
