-------------------------------------------------------------------------------
 L       Percentage of nodes in the largest component
 D       Percentage of nodes in components of size at most 3 [-div option]
 R       Percentage of nodes not in L or D: 100 - L -D
 S       Percentage of nodes that are singletons
 E       Fraction of edges retained (input graph has 2450)
 cce     Expected size of component, nodewise [ sum(sz^2) / sum^2(sz) ]
 EW      Edge weight traits (mean, median and IQR)
 ND      Node degree traits [mean, median and IQR]
 CCF     Clustering coefficient (scale 1-100)
 eff     Induced component efficiency relative to start graph (scale 1-1000)
Total number of nodes: 50
----------------------------------------------------------------------------------------------
  L   D   R   S     E     cce  EWmean   EWmed   EWiqr  NDmean   NDmed  NDiqr CCF  eff  Cutoff 
----------------------------------------------------------------------------------------------
100   0   0   0 0.767      50    0.67    0.65    0.11    37.6    38.5   12.0   -    -     0.50
100   0   0   0 0.727      50    0.67    0.66    0.10    35.6    38.5    5.5   -    -     0.51
100   0   0   0 0.694      50    0.68    0.66    0.10    34.0    38.5    5.5   -    -     0.52
100   0   0   0 0.673      50    0.69    0.67    0.10    33.0    38.5    6.5   -    -     0.53
100   0   0   0 0.672      50    0.69    0.67    0.10    32.9    38.5    6.5   -    -     0.54
100   0   0   0 0.656      50    0.69    0.67    0.10    32.1    36.5    7.5   -    -     0.55
100   0   0   0 0.638      50    0.69    0.67    0.10    31.2    33.5    8.5   -    -     0.56
100   0   0   0 0.633      50    0.70    0.67    0.10    31.0    33.5    9.5   -    -     0.57
100   0   0   0 0.614      50    0.70    0.68    0.10    30.1    32.5   10.5   -    -     0.58
100   0   0   0 0.590      50    0.70    0.68    0.09    28.9    30.5    8.0   -    -     0.59
100   0   0   0 0.562      50    0.71    0.69    0.09    27.5    28.5    9.0   -    -     0.60
100   0   0   0 0.528      50    0.72    0.69    0.09    25.9    26.5    9.5   -    -     0.61
100   0   0   0 0.489      50    0.72    0.70    0.08    24.0    24.5    9.5   -    -     0.62
100   0   0   0 0.456      50    0.73    0.70    0.08    22.3    22.5   11.5   -    -     0.63
100   0   0   0 0.420      50    0.74    0.70    0.08    20.6    21.5   10.5   -    -     0.64
100   0   0   0 0.385      50    0.75    0.70    0.07    18.9    17.5    8.0   -    -     0.65
100   0   0   0 0.353      50    0.76    0.71    0.07    17.3    17.5    6.0   -    -     0.66
100   0   0   0 0.322      50    0.77    0.72    0.07    15.8    15.5    4.0   -    -     0.67
100   0   0   0 0.299      50    0.77    0.73    0.08    14.6    15.5    6.0   -    -     0.68
100   0   0   0 0.277      50    0.78    0.73    0.08    13.6    15.5    8.5   -    -     0.69
 76   2  22   2 0.205      31    0.81    0.75    0.27    10.0    10.5    7.5   -    -     0.70
 76   2  22   2 0.177      31    0.82    0.76    0.27     8.7     9.5    6.0   -    -     0.71
 76   2  22   2 0.164      31    0.83    0.77    0.26     8.0     8.5    5.5   -    -     0.72
 74   4  22   4 0.140      30    0.85    0.78    0.25     6.9     7.5    7.5   -    -     0.73
 52  12  36   8 0.117      17    0.88    0.79    0.24     5.7     6.5    8.5   -    -     0.74
 42  22  36  12 0.106      13    0.89    0.97    0.23     5.2     6.5    9.0   -    -     0.75
 32  36  32  16 0.091       9    0.91    1.00    0.21     4.4     2.5    8.5   -    -     0.76
 28  40  32  26 0.081       7    0.93    1.00    0.21     4.0     2.5    7.0   -    -     0.77
 28  40  32  30 0.072       7    0.95    1.00    0.06     3.5     2.5    5.5   -    -     0.78
 22  54  24  42 0.062       5    0.97    1.00    0.00     3.0     1.5    4.5   -    -     0.79
 22  58  20  54 0.057       4    0.99    1.00    0.00     2.8     0.5    4.5   -    -     0.80
 22  58  20  54 0.057       4    0.99    1.00    0.00     2.8     0.5    4.5   -    -     0.81
 22  58  20  54 0.057       4    0.99    1.00    0.00     2.8     0.5    4.5   -    -     0.82
 22  68  10  64 0.054       4    1.00    1.00    0.00     2.6     0.5    4.5   -    -     0.83
 22  68  10  64 0.054       4    1.00    1.00    0.00     2.6     0.5    4.5   -    -     0.84
 22  68  10  64 0.054       4    1.00    1.00    0.00     2.6     0.5    4.5   -    -     0.85
 22  68  10  64 0.054       4    1.00    1.00    0.00     2.6     0.5    4.5   -    -     0.86
 22  68  10  64 0.054       4    1.00    1.00    0.00     2.6     0.5    4.5   -    -     0.87
 22  68  10  64 0.054       4    1.00    1.00    0.00     2.6     0.5    4.5   -    -     0.88
 22  68  10  64 0.054       4    1.00    1.00    0.00     2.6     0.5    4.5   -    -     0.89
 22  68  10  64 0.054       4    1.00    1.00    0.00     2.6     0.5    4.5   -    -     0.90
 22  68  10  64 0.054       4    1.00    1.00    0.00     2.6     0.5    4.5   -    -     0.91
 22  68  10  64 0.054       4    1.00    1.00    0.00     2.6     0.5    4.5   -    -     0.92
 22  68  10  64 0.054       4    1.00    1.00    0.00     2.6     0.5    4.5   -    -     0.93
 22  68  10  68 0.053       4    1.00    1.00    0.00     2.6     0.5    4.5   -    -     0.94
 22  68  10  68 0.053       4    1.00    1.00    0.00     2.6     0.5    4.5   -    -     0.95
 22  68  10  68 0.053       4    1.00    1.00    0.00     2.6     0.5    4.5   -    -     0.96
 22  68  10  68 0.053       4    1.00    1.00    0.00     2.6     0.5    4.5   -    -     0.97
 22  68  10  68 0.053       4    1.00    1.00    0.00     2.6     0.5    4.5   -    -     0.98
 22  68  10  68 0.053       4    1.00    1.00    0.00     2.6     0.5    4.5   -    -     0.99
---------------------------------------------------------------------------------------------
