1:	0.2837 0.0292 0.1586 0.0123 0.1077 0.1059 0.1047 0.1979 	7
2:	0.0940 0.0239 0.1227 0.0032 0.5014 0.0579 0.0193 0.1777 	6
3:	0.4316 0.0036 0.1991 0.0048 0.0282 0.0176 0.1720 0.1430 	4
4:	0.1947 0.0049 0.2308 0.0063 0.1480 0.0990 0.0630 0.2534 	16
5:	0.0927 0.0103 0.2210 0.0000 0.0774 0.0259 0.0451 0.5275 	1
6:	0.1399 0.0934 0.1856 0.0907 0.1412 0.1077 0.0885 0.1530 	23
7:	0.1711 0.0027 0.0666 0.0000 0.1884 0.1922 0.2124 0.1666 	6
8:	0.0698 0.0041 0.1605 0.0181 0.2497 0.0347 0.0976 0.3654 	2
9:	0.2857 0.0000 0.3002 0.0000 0.0379 0.0344 0.0003 0.3415 	1
10:	0.2142 0.0020 0.1989 0.0057 0.0938 0.0535 0.2721 0.1599 	10
