1:	0.0140 0.0000 0.0038 0.2096 0.0065 0.1379 0.0000 0.1441 0.1128 0.0000 0.2799 0.0915 0.0000 	13
2:	0.0217 0.0000 0.0686 0.1818 0.0000 0.0317 0.0714 0.0985 0.1479 0.0000 0.3462 0.0324 0.0000 	14
3:	0.0543 0.0627 0.1956 0.1111 0.1217 0.0722 0.1111 0.0000 0.0821 0.0934 0.0957 0.0000 0.0000 	18
4:	0.2740 0.1174 0.0606 0.0718 0.0000 0.1936 0.0000 0.0000 0.0971 0.0000 0.0162 0.1049 0.0644 	11
5:	0.0156 0.3363 0.0000 0.0000 0.0000 0.0000 0.1667 0.0017 0.4208 0.0019 0.0324 0.0246 0.0000 	6
6:	0.0075 0.3344 0.0506 0.0141 0.3502 0.0000 0.0020 0.0020 0.0185 0.0025 0.0788 0.0011 0.1383 	17
7:	0.0000 0.0000 0.0000 0.0000 0.0000 0.0000 0.0000 0.0000 0.5000 0.0000 0.0000 0.5000 0.0000 	1
8:	0.0000 0.0000 0.0000 0.0000 0.0000 0.0000 0.0000 0.0000 0.0000 0.0000 0.0000 1.0000 0.0000 	1
9:	0.0000 0.0000 1.0000 0.0000 0.0000 0.0000 0.0000 0.0000 0.0000 0.0000 0.0000 0.0000 0.0000 	1
10:	0.0986 0.0000 0.1206 0.0909 0.0000 0.0367 0.0000 0.0508 0.2771 0.0000 0.1828 0.1425 0.0000 	1
11:	0.0000 0.0000 0.2261 0.1168 0.0000 0.0000 0.0000 0.0000 0.6571 0.0000 0.0000 0.0000 0.0000 	2
12:	0.0353 0.0000 0.0683 0.1822 0.1250 0.0360 0.0000 0.0160 0.1895 0.0000 0.1294 0.2183 0.0000 	8
13:	0.0000 0.0000 0.0000 0.5000 0.0000 0.1215 0.0000 0.0000 0.3785 0.0000 0.0000 0.0000 0.0000 	1
