1 1 (0) 1 : 0.26487725780289289590 0.00000000099999999964 0.00000000099999999964 0.00000000099999999964 0.00000000178978406706 0.00000000099999999964 0.49449060441442338476 0.00000000099999999964 0.00000000099999999964 0.24033305647482500200 0.00000000099999999964 0.00000000099999999964 0.00029907151807463271
2 2 (0) 1 : 0.00000000099999999982 0.00000000099999999982 0.00000000099999999982 0.00000000099999999982 0.00000000099999999982 0.00000000099999999982 0.00000000099999999982 0.00000000099999999982 0.09930802504547922571 0.00000000099999999982 0.00000000099999999982 0.16843696081249959207 0.73225500414202115973
3 3 (0) 1 : 0.09799080152081529604 0.32855008974598609583 0.00000000099999999975 0.00000000099999999975 0.00000000099999999975 0.00000000099999999975 0.00000000099999999975 0.00000000099999999975 0.00000000099999999975 0.57345909873319844685 0.00000000099999999975 0.00000000099999999975 0.00000000099999999975
4 4 (0) 1 : 0.00000000099999999934 0.00000000099999999934 0.00000000099999999934 0.00000000099999999934 0.00000000099999999934 0.99999998800000011734 0.00000000099999999934 0.00000000099999999934 0.00000000099999999934 0.00000000099999999934 0.00000000099999999934 0.00000000099999999934 0.00000000099999999934
5 5 (0) 1 : 0.00000000099999999965 0.39136308282517695556 0.00000000099999999965 0.00000000099999999965 0.00000000099999999965 0.17377979813523150576 0.00000000099999999965 0.00000000099999999965 0.00000000099999999965 0.43485710903959151619 0.00000000099999999965 0.00000000099999999965 0.00000000099999999965
6 6 (0) 1 : 0.00000000099999999960 0.26373016784338793039 0.00000000099999999960 0.00000000099999999960 0.23399028091829035536 0.00000000099999999960 0.00000000099999999960 0.00000000099999999960 0.00000000099999999960 0.50227954123832141420 0.00000000099999999960 0.00000000099999999960 0.00000000099999999960
7 7 (0) 1 : 0.00000000099999999953 0.00000000099999999953 0.00000000099999999953 0.00000000099999999953 0.00000000099999999953 0.00000000099999999953 0.00000000099999999953 0.00000000099999999953 0.00000000099999999953 0.99999998800000011734 0.00000000099999999953 0.00000000099999999953 0.00000000099999999953
8 8 (0) 1 : 0.00000000099999999950 0.00000000099999999950 0.00000000099999999950 0.00000000099999999950 0.00000000099999999950 0.00000000099999999950 0.00000000099999999950 0.00000000099999999950 0.00000000099999999950 0.99999998800000011734 0.00000000099999999950 0.00000000099999999950 0.00000000099999999950
9 9 (0) 1 : 0.00000000099999999959 0.00000000099999999959 0.00000000099999999959 0.00000000099999999959 0.00000000099999999959 0.00000000099999999959 0.00000000099999999959 0.00000000099999999959 0.00000000099999999959 0.99999998800000000632 0.00000000099999999959 0.00000000099999999959 0.00000000099999999959
10 10 (0) 1 : 0.00000000099999999974 0.00000000099999999974 0.00000000099999999974 0.00000000099999999974 0.14421504571747512102 0.09340953067949626931 0.58672895084066478688 0.00000000099999999974 0.00000000099999999974 0.17564646376236386915 0.00000000099999999974 0.00000000099999999974 0.00000000099999999974
11 11 (0) 1 : 0.00000000099999999954 0.00000000099999999954 0.00000000099999999954 0.00000000099999999954 0.99999998800000011734 0.00000000099999999954 0.00000000099999999954 0.00000000099999999954 0.00000000099999999954 0.00000000099999999954 0.00000000099999999954 0.00000000099999999954 0.00000000099999999954
12 12 (0) 1 : 0.00000000099999999905 0.00000000099999999905 0.00000000099999999905 0.00000000099999999905 0.00000000099999999905 0.00000000099999999905 0.00000000099999999905 0.00000000099999999905 0.00000000099999999905 0.00000000099999999905 0.00000000099999999905 0.00000000099999999905 0.99999998800000000632
13 13 (0) 1 : 0.00000000099999999960 0.00000000099999999960 0.00000000099999999960 0.00000000099999999960 0.00000000099999999960 0.00000000099999999960 0.99999998800000000632 0.00000000099999999960 0.00000000099999999960 0.00000000099999999960 0.00000000099999999960 0.00000000099999999960 0.00000000099999999960
14 14 (0) 2 : 0.00000000099999999943 0.99999998800000022836 0.00000000099999999943 0.00000000099999999943 0.00000000099999999943 0.00000000099999999943 0.00000000099999999943 0.00000000099999999943 0.00000000099999999943 0.00000000099999999943 0.00000000099999999943 0.00000000099999999943 0.00000000099999999943
15 15 (0) 2 : 0.00000000099999999901 0.00000000099999999901 0.00000000099999999901 0.00000000099999999901 0.00000000099999999901 0.00000000099999999901 0.00000000099999999901 0.00000000099999999901 0.00000000099999999901 0.00000000099999999901 0.99999998799999989529 0.00000000099999999901 0.00000000099999999901
16 16 (0) 2 : 0.00000000099999999944 0.99999998800000033938 0.00000000099999999944 0.00000000099999999944 0.00000000099999999944 0.00000000099999999944 0.00000000099999999944 0.00000000099999999944 0.00000000099999999944 0.00000000099999999944 0.00000000099999999944 0.00000000099999999944 0.00000000099999999944
17 17 (0) 2 : 0.00000000099999999965 0.00000000099999999965 0.00000000099999999965 0.00000000099999999965 0.00000000099999999965 0.00000000099999999965 0.45437469970993271673 0.00000000099999999965 0.00000000099999999965 0.54562528929006715028 0.00000000099999999965 0.00000000099999999965 0.00000000099999999965
18 18 (0) 2 : 0.00000000099999999955 0.00000000099999999955 0.00000000099999999955 0.00000000099999999955 0.37934205101808154970 0.00000000099999999955 0.62065793798191848385 0.00000000099999999955 0.00000000099999999955 0.00000000099999999955 0.00000000099999999955 0.00000000099999999955 0.00000000099999999955
19 19 (0) 2 : 0.00000000099999999964 0.35736340160397844778 0.00000000099999999964 0.00000000099999999964 0.00000000099999999964 0.00000000099999999964 0.00000000099999999964 0.00000000099999999964 0.00000000099999999964 0.64263658739602125269 0.00000000099999999964 0.00000000099999999964 0.00000000099999999964
20 20 (0) 2 : 0.00000000099999999984 0.13593681052236936124 0.00000000099999999984 0.00000000099999999984 0.19242887700731101108 0.00000000099999999984 0.29389173415801844724 0.00000000099999999984 0.03767994012254477498 0.21760389577507324721 0.00000000099999999984 0.00000000099999999984 0.12245873541468330070
21 21 (0) 2 : 0.00000000099999999928 0.00000000099999999928 0.00000000099999999928 0.00000000099999999928 0.00000000099999999928 0.00000000099999999928 0.00000000099999999928 0.00000000099999999928 0.00000000099999999928 0.00000000099999999928 0.00000000099999999928 0.00000000099999999928 0.99999998799999989529
22 22 (0) 2 : 0.00000000099999999982 0.00000000099999999982 0.00000000099999999982 0.00000000099999999982 0.14660165994322715832 0.00000000099999999982 0.30336838055031467576 0.00000000099999999982 0.09307374525895202588 0.38457028008159571675 0.00000000099999999982 0.00000000099999999982 0.07238592616591041362
23 23 (0) 2 : 0.00000000099999999994 0.00000000099999999994 0.00000000099999999994 0.00000000099999999994 0.00000000099999999994 0.00000000099999999994 0.00000000099999999994 0.00000000099999999994 0.44053415980546417607 0.00000000099999999994 0.00000000099999999994 0.00000000099999999994 0.55946582919453569094
24 24 (0) 2 : 0.00000000099999999951 0.00000000099999999951 0.00000000099999999951 0.00000000099999999951 0.00000000099999999951 0.00000000099999999951 0.00000000099999999951 0.00000000099999999951 0.00000000099999999951 0.99999998800000000632 0.00000000099999999951 0.00000000099999999951 0.00000000099999999951
25 25 (0) 2 : 0.00000000099999999936 0.00000000099999999936 0.00000000099999999936 0.00000000099999999936 0.00000000099999999936 0.00000000099999999936 0.00000000099999999936 0.00000000099999999936 0.00000000099999999936 0.00000000099999999936 0.00000000099999999936 0.00000000099999999936 0.99999998799999989529
26 26 (0) 2 : 0.00000000099999999995 0.53776474115968075917 0.00000000099999999995 0.00000000099999999995 0.04819497930887189918 0.00000000099999999995 0.00000000521456377407 0.00000000099999999995 0.41088918595577700321 0.00000008382138992952 0.00000000099999999995 0.00000000099999999995 0.00315099753971690702
27 27 (0) 2 : 0.00000000099999999947 0.99999998800000022836 0.00000000099999999947 0.00000000099999999947 0.00000000099999999947 0.00000000099999999947 0.00000000099999999947 0.00000000099999999947 0.00000000099999999947 0.00000000099999999947 0.00000000099999999947 0.00000000099999999947 0.00000000099999999947
28 28 (0) 3 : 0.00000000099999999935 0.00000000099999999935 0.00000000099999999935 0.00000000099999999935 0.00000000099999999935 0.00000000099999999935 0.00000000099999999935 0.99999998800000000632 0.00000000099999999935 0.00000000099999999935 0.00000000099999999935 0.00000000099999999935 0.00000000099999999935
29 29 (0) 3 : 0.00000000099999999965 0.00000000099999999965 0.00000000099999999965 0.00000000099999999965 0.00000000099999999965 0.00000000099999999965 0.99999998800000011734 0.00000000099999999965 0.00000000099999999965 0.00000000099999999965 0.00000000099999999965 0.00000000099999999965 0.00000000099999999965
30 30 (0) 3 : 0.00000000099999999890 0.00000000099999999890 0.00000000099999999890 0.00000000099999999890 0.00000000099999999890 0.00000000099999999890 0.00000000099999999890 0.00000000099999999890 0.99999998799999989529 0.00000000099999999890 0.00000000099999999890 0.00000000099999999890 0.00000000099999999890
31 31 (0) 3 : 0.46989844839850225533 0.00000000099999999993 0.00000000099999999993 0.00000000099999999993 0.00000000099999999993 0.00000075070416931264 0.00000000099999999993 0.00000000099999999993 0.53010079089732842217 0.00000000099999999993 0.00000000099999999993 0.00000000099999999993 0.00000000099999999993
32 32 (0) 3 : 0.00000000099999999889 0.00000000099999999889 0.00000000099999999889 0.00000000099999999889 0.00000000099999999889 0.00000000099999999889 0.00000000099999999889 0.00000000099999999889 0.00000000099999999889 0.00000000099999999889 0.99999998799999978427 0.00000000099999999889 0.00000000099999999889
33 33 (0) 3 : 0.00000000099999999957 0.00000000099999999957 0.00000000099999999957 0.00000000099999999957 0.00000000099999999957 0.00000000099999999957 0.00000000099999999957 0.00000000099999999957 0.00000000099999999957 0.99999998800000011734 0.00000000099999999957 0.00000000099999999957 0.00000000099999999957
34 34 (0) 3 : 0.00000000099999999942 0.00000000099999999942 0.00000000099999999942 0.30230556290884613713 0.00000000099999999942 0.00000000099999999942 0.00000000099999999942 0.00000000099999999942 0.00000000099999999942 0.00000000099999999942 0.00000000099999999942 0.69769442609115361886 0.00000000099999999942
35 35 (0) 3 : 0.00000000099999999880 0.00000000099999999880 0.00000000099999999880 0.99999998800000000632 0.00000000099999999880 0.00000000099999999880 0.00000000099999999880 0.00000000099999999880 0.00000000099999999880 0.00000000099999999880 0.00000000099999999880 0.00000000099999999880 0.00000000099999999880
36 36 (0) 3 : 0.00000000099999999926 0.00000000099999999926 0.00000000099999999926 0.00000000099999999926 0.00000000099999999926 0.00000000099999999926 0.00000000099999999926 0.00000000099999999926 0.00000000099999999926 0.00000000099999999926 0.00000000099999999926 0.99999998800000000632 0.00000000099999999926
37 37 (0) 3 : 0.00000000099999999951 0.99999998800000033938 0.00000000099999999951 0.00000000099999999951 0.00000000099999999951 0.00000000099999999951 0.00000000099999999951 0.00000000099999999951 0.00000000099999999951 0.00000000099999999951 0.00000000099999999951 0.00000000099999999951 0.00000000099999999951
38 38 (0) 3 : 0.00000000099999999931 0.00000000099999999931 0.00000000099999999931 0.00000000099999999931 0.00000000099999999931 0.00000000099999999931 0.00000000099999999931 0.00000000099999999931 0.99999998800000011734 0.00000000099999999931 0.00000000099999999931 0.00000000099999999931 0.00000000099999999931
39 39 (0) 3 : 0.00000000099999999904 0.00000000099999999904 0.00000000099999999904 0.00000000099999999904 0.00000000099999999904 0.00000000099999999904 0.00000000099999999904 0.00000000099999999904 0.99999998800000011734 0.00000000099999999904 0.00000000099999999904 0.00000000099999999904 0.00000000099999999904
40 40 (0) 3 : 0.00000000099999999935 0.00000000099999999935 0.00000000099999999935 0.00000000099999999935 0.00000000099999999935 0.99999998800000011734 0.00000000099999999935 0.00000000099999999935 0.00000000099999999935 0.00000000099999999935 0.00000000099999999935 0.00000000099999999935 0.00000000099999999935
41 41 (0) 3 : 0.00000000099999999955 0.00000000099999999955 0.00000000099999999955 0.00000000099999999955 0.00000000099999999955 0.00000000099999999955 0.99999998800000000632 0.00000000099999999955 0.00000000099999999955 0.00000000099999999955 0.00000000099999999955 0.00000000099999999955 0.00000000099999999955
42 42 (0) 3 : 0.00000000099999999897 0.00000000099999999897 0.00000000099999999897 0.00000000099999999897 0.00000000099999999897 0.00000000099999999897 0.00000000099999999897 0.00000000099999999897 0.00000000099999999897 0.00000000099999999897 0.99999998799999989529 0.00000000099999999897 0.00000000099999999897
43 43 (0) 3 : 0.00000000099999999866 0.00000000099999999866 0.00000000099999999866 0.99999998800000011734 0.00000000099999999866 0.00000000099999999866 0.00000000099999999866 0.00000000099999999866 0.00000000099999999866 0.00000000099999999866 0.00000000099999999866 0.00000000099999999866 0.00000000099999999866
44 44 (0) 3 : 0.00000000099999999944 0.00000000099999999944 0.00000000099999999944 0.00000000099999999944 0.00000000099999999944 0.99999998800000011734 0.00000000099999999944 0.00000000099999999944 0.00000000099999999944 0.00000000099999999944 0.00000000099999999944 0.00000000099999999944 0.00000000099999999944
45 45 (0) 3 : 0.00000000099999999948 0.99999998800000033938 0.00000000099999999948 0.00000000099999999948 0.00000000099999999948 0.00000000099999999948 0.00000000099999999948 0.00000000099999999948 0.00000000099999999948 0.00000000099999999948 0.00000000099999999948 0.00000000099999999948 0.00000000099999999948
46 46 (0) 4 : 0.00000000099999999934 0.00000000099999999934 0.00000000099999999934 0.00000000099999999934 0.00000000099999999934 0.00000000099999999934 0.00000000099999999934 0.99999998800000011734 0.00000000099999999934 0.00000000099999999934 0.00000000099999999934 0.00000000099999999934 0.00000000099999999934
47 47 (0) 4 : 0.00000000099999999864 0.00000000099999999864 0.99999998800000011734 0.00000000099999999864 0.00000000099999999864 0.00000000099999999864 0.00000000099999999864 0.00000000099999999864 0.00000000099999999864 0.00000000099999999864 0.00000000099999999864 0.00000000099999999864 0.00000000099999999864
48 48 (0) 4 : 0.99999998800000022836 0.00000000099999999915 0.00000000099999999915 0.00000000099999999915 0.00000000099999999915 0.00000000099999999915 0.00000000099999999915 0.00000000099999999915 0.00000000099999999915 0.00000000099999999915 0.00000000099999999915 0.00000000099999999915 0.00000000099999999915
49 49 (0) 4 : 0.00000000099999999956 0.00000000099999999956 0.00000000099999999956 0.00000000099999999956 0.00000000099999999956 0.99999998800000022836 0.00000000099999999956 0.00000000099999999956 0.00000000099999999956 0.00000000099999999956 0.00000000099999999956 0.00000000099999999956 0.00000000099999999956
50 50 (0) 4 : 0.99999998800000033938 0.00000000099999999938 0.00000000099999999938 0.00000000099999999938 0.00000000099999999938 0.00000000099999999938 0.00000000099999999938 0.00000000099999999938 0.00000000099999999938 0.00000000099999999938 0.00000000099999999938 0.00000000099999999938 0.00000000099999999938
51 51 (0) 4 : 0.22546196064795293035 0.00000000099999999989 0.00000000099999999989 0.00000000099999999989 0.00000006320922401318 0.00000000099999999989 0.36494208683557455286 0.00000000099999999989 0.05410147747855767464 0.35549440382869085253 0.00000000099999999989 0.00000000099999999989 0.00000000099999999989
52 52 (0) 4 : 0.08265614336001804452 0.17893777668903534939 0.00000000099999999986 0.00000000099999999986 0.30784433945572636793 0.00000000099999999986 0.43056173149522020127 0.00000000099999999986 0.00000000099999999986 0.00000000099999999986 0.00000000099999999986 0.00000000099999999986 0.00000000099999999986
53 53 (0) 4 : 0.00000000099999999931 0.00000000099999999931 0.00000000099999999931 0.00000000099999999931 0.00000000099999999931 0.99999998800000022836 0.00000000099999999931 0.00000000099999999931 0.00000000099999999931 0.00000000099999999931 0.00000000099999999931 0.00000000099999999931 0.00000000099999999931
54 54 (0) 4 : 0.00000000099999999935 0.00000000099999999935 0.00000000099999999935 0.00000000099999999935 0.99999998800000022836 0.00000000099999999935 0.00000000099999999935 0.00000000099999999935 0.00000000099999999935 0.00000000099999999935 0.00000000099999999935 0.00000000099999999935 0.00000000099999999935
55 55 (0) 4 : 0.35283688897215031988 0.00000000099999999995 0.00000000099999999995 0.00000000099999999995 0.00000000099999999995 0.00000000099999999995 0.00000000099999999995 0.00000000099999999995 0.64716310002784960265 0.00000000099999999995 0.00000000099999999995 0.00000000099999999995 0.00000000099999999995
56 56 (0) 4 : 0.99999998800000033938 0.00000000099999999915 0.00000000099999999915 0.00000000099999999915 0.00000000099999999915 0.00000000099999999915 0.00000000099999999915 0.00000000099999999915 0.00000000099999999915 0.00000000099999999915 0.00000000099999999915 0.00000000099999999915 0.00000000099999999915
57 57 (0) 5 : 0.00000000099999999960 0.00000000099999999960 0.00000000099999999960 0.00000000099999999960 0.00000000099999999960 0.00000000099999999960 0.99999998800000011734 0.00000000099999999960 0.00000000099999999960 0.00000000099999999960 0.00000000099999999960 0.00000000099999999960 0.00000000099999999960
58 58 (0) 5 : 0.00000000099999999993 0.00000000099999999993 0.00000000099999999993 0.00000000099999999993 0.20651985553012427999 0.00000000099999999993 0.77035937802633969174 0.02312075644353607864 0.00000000099999999993 0.00000000099999999993 0.00000000099999999993 0.00000000099999999993 0.00000000099999999993
59 59 (0) 5 : 0.00000000099999999963 0.00000000099999999963 0.00000000099999999963 0.00000000099999999963 0.00000000099999999963 0.00000000099999999963 0.99999998800000000632 0.00000000099999999963 0.00000000099999999963 0.00000000099999999963 0.00000000099999999963 0.00000000099999999963 0.00000000099999999963
60 60 (0) 5 : 0.00000000099999999930 0.00000000099999999930 0.00000000099999999930 0.00000000099999999930 0.00000000099999999930 0.00000000099999999930 0.00000000099999999930 0.99999998800000011734 0.00000000099999999930 0.00000000099999999930 0.00000000099999999930 0.00000000099999999930 0.00000000099999999930
61 61 (0) 5 : 0.00000000099999999984 0.00000000099999999984 0.00000000099999999984 0.00000000099999999984 0.00000000099999999984 0.00000000099999999984 0.00000000099999999984 0.99999998800000000632 0.00000000099999999984 0.00000000099999999984 0.00000000099999999984 0.00000000099999999984 0.00000000099999999984
62 62 (0) 5 : 0.00000000099999999964 0.00000000099999999964 0.00000000099999999964 0.00000000099999999964 0.00000000099999999964 0.00000000099999999964 0.00000000099999999964 0.00000000099999999964 0.00000000099999999964 0.00000000099999999964 0.99999998799999989529 0.00000000099999999964 0.00000000099999999964
63 63 (0) 6 : 0.00000000099999999931 0.00000000099999999931 0.00000000099999999931 0.00000000099999999931 0.00000000099999999931 0.00000000099999999931 0.00000000099999999931 0.00000000099999999931 0.00000000099999999931 0.00000000099999999931 0.00000000099999999931 0.99999998800000000632 0.00000000099999999931
64 64 (0) 6 : 0.00000000099999999932 0.00000000099999999932 0.00000000099999999932 0.00000000099999999932 0.00000000099999999932 0.00000000099999999932 0.00000000099999999932 0.99999998800000000632 0.00000000099999999932 0.00000000099999999932 0.00000000099999999932 0.00000000099999999932 0.00000000099999999932
65 65 (0) 6 : 0.00000000099999999942 0.00000000099999999942 0.00000000099999999942 0.00000000099999999942 0.00000000099999999942 0.00000000099999999942 0.00000000099999999942 0.00000000099999999942 0.00000000099999999942 0.00000000099999999942 0.00000000099999999942 0.99999998800000000632 0.00000000099999999942
66 66 (0) 6 : 0.00000000099999999990 0.13651976793708933688 0.08925153296409341075 0.02268786617023974342 0.00000000099999999990 0.00000000099999999990 0.00000000099999999990 0.59578571008696989963 0.00000000099999999990 0.10809330649184380191 0.03475520515050691678 0.01290660519925678797 0.00000000099999999990
67 67 (0) 6 : 0.00000000099999999872 0.00000000099999999872 0.99999998800000000632 0.00000000099999999872 0.00000000099999999872 0.00000000099999999872 0.00000000099999999872 0.00000000099999999872 0.00000000099999999872 0.00000000099999999872 0.00000000099999999872 0.00000000099999999872 0.00000000099999999872
68 68 (0) 6 : 0.00000000099999999984 0.00000000099999999984 0.10646949607610790844 0.01018576010217333086 0.00000000099999999984 0.00000000099999999984 0.00000000099999999984 0.65232272721760975465 0.12056393015576366556 0.00000000099999999984 0.00000000099999999984 0.11045807844834547307 0.00000000099999999984
69 69 (0) 6 : 0.13156240039300845512 0.08997105334650995490 0.00000000099999999999 0.00000000099999999999 0.01984979874040633183 0.00000777277881629675 0.23194553754631364040 0.07331921888982705082 0.02595072225269437829 0.30263655176233977828 0.00042678953990571569 0.06964395132979810110 0.05468620142038038007
70 70 (0) 6 : 0.00000000099999999935 0.00000000099999999935 0.00000000099999999935 0.00000000099999999935 0.00000000099999999935 0.00000000099999999935 0.00000000099999999935 0.99999998800000011734 0.00000000099999999935 0.00000000099999999935 0.00000000099999999935 0.00000000099999999935 0.00000000099999999935
71 71 (0) 6 : 0.00000000099999999950 0.00000000099999999950 0.00000000099999999950 0.00000000099999999950 0.00000000099999999950 0.00000000099999999950 0.00000000099999999950 0.00000000099999999950 0.00000000099999999950 0.99999998800000011734 0.00000000099999999950 0.00000000099999999950 0.00000000099999999950
72 72 (0) 6 : 0.00000000099999999925 0.00000000099999999925 0.00000000099999999925 0.00000000099999999925 0.00000000099999999925 0.00000000099999999925 0.00000000099999999925 0.99999998800000011734 0.00000000099999999925 0.00000000099999999925 0.00000000099999999925 0.00000000099999999925 0.00000000099999999925
73 73 (0) 6 : 0.00000000099999999946 0.00000000099999999946 0.00000000099999999946 0.00000000099999999946 0.00000000099999999946 0.00000000099999999946 0.00000000099999999946 0.00000000099999999946 0.00000000099999999946 0.00000000099999999946 0.00000000099999999946 0.99999998800000000632 0.00000000099999999946
74 74 (0) 6 : 0.00000000099999999971 0.00000000099999999971 0.00000000099999999971 0.00000000099999999971 0.00000000099999999971 0.00000000099999999971 0.00000000099999999971 0.87216557716794895772 0.12783441183205096481 0.00000000099999999971 0.00000000099999999971 0.00000000099999999971 0.00000000099999999971
75 75 (0) 6 : 0.00000000099999999968 0.00000000099999999968 0.00000000099999999968 0.00000000099999999968 0.00000000099999999968 0.00000000099999999968 0.00000000099999999968 0.00000000099999999968 0.00000000099999999968 0.00000000099999999968 0.00000000099999999968 0.99999998799999989529 0.00000000099999999968
76 76 (0) 6 : 0.00000000099999999985 0.00000000099999999985 0.27581680214170023469 0.00000000099999999985 0.00000000099999999985 0.00000000099999999985 0.00000000099999999985 0.56423478745222188646 0.15994840040607774534 0.00000000099999999985 0.00000000099999999985 0.00000000099999999985 0.00000000099999999985
77 77 (0) 6 : 0.00000000099999999986 0.00000000099999999986 0.22833988458310283676 0.00000000099999999986 0.00000000099999999986 0.00000000099999999986 0.00000000099999999986 0.58239129564536451511 0.17864725899875658066 0.00000000099999999986 0.00000000099999999986 0.01062155177277597159 0.00000000099999999986
78 78 (0) 6 : 0.00000000099999999976 0.00000000099999999976 0.00000000099999999976 0.00000000099999999976 0.00000000099999999976 0.00000000099999999976 0.00000000099999999976 0.00000000099999999976 0.20570767974128212341 0.00000000099999999976 0.00000000099999999976 0.79429230925871785463 0.00000000099999999976
79 79 (0) 6 : 0.00000000099999999955 0.00000000099999999955 0.00000000099999999955 0.00000000099999999955 0.00000000099999999955 0.00000000099999999955 0.00000000099999999955 0.00000000099999999955 0.00000000099999999955 0.00000000099999999955 0.00000000099999999955 0.99999998800000000632 0.00000000099999999955
80 80 (0) 7 : 0.00000000099999999930 0.00000000099999999930 0.00000000099999999930 0.00000000099999999930 0.99999998800000022836 0.00000000099999999930 0.00000000099999999930 0.00000000099999999930 0.00000000099999999930 0.00000000099999999930 0.00000000099999999930 0.00000000099999999930 0.00000000099999999930
81 81 (0) 8 : 0.00000000099999999939 0.00000000099999999939 0.00000000099999999939 0.00000000099999999939 0.99999998800000011734 0.00000000099999999939 0.00000000099999999939 0.00000000099999999939 0.00000000099999999939 0.00000000099999999939 0.00000000099999999939 0.00000000099999999939 0.00000000099999999939
82 82 (0) 9 : 0.00000000099999999914 0.00000000099999999914 0.00000000099999999914 0.00000000099999999914 0.00000000099999999914 0.00000000099999999914 0.00000000099999999914 0.00000000099999999914 0.99999998800000000632 0.00000000099999999914 0.00000000099999999914 0.00000000099999999914 0.00000000099999999914
83 83 (0) 10 : 0.19685681579615196823 0.00009316638067050554 0.00000000099999999995 0.00000000099999999995 0.14673453176067124959 0.00000000292378713949 0.25519328106290628533 0.00000000099999999995 0.12229217531652314399 0.17714975946506503202 0.00000000099999999995 0.00000000099999999995 0.10168026229422483242
84 84 (0) 11 : 0.00000000099999999973 0.46729979824695005997 0.00000000099999999973 0.00000000099999999973 0.00000000099999999973 0.00000000099999999973 0.53270019075304986256 0.00000000099999999973 0.00000000099999999973 0.00000000099999999973 0.00000000099999999973 0.00000000099999999973 0.00000000099999999973
85 85 (0) 11 : 0.00000000099999999966 0.00000000099999999966 0.00000000099999999966 0.00000000099999999966 0.00000000099999999966 0.00000000099999999966 0.55488507207381854158 0.00000000099999999966 0.44511491692618160299 0.00000000099999999966 0.00000000099999999966 0.00000000099999999966 0.00000000099999999966
86 86 (0) 12 : 0.00000000099999999991 0.00000000099999999991 0.00000000099999999991 0.00000000099999999991 0.58111684062235424708 0.00000000099999999991 0.00000000099999999991 0.00000000099999999991 0.41888314837764600851 0.00000000099999999991 0.00000000099999999991 0.00000000099999999991 0.00000000099999999991
87 87 (0) 12 : 0.00000000099999999992 0.13400840697080704245 0.00000000099999999992 0.00000000099999999992 0.16493003515749737886 0.00000000099999999992 0.00050650118653094024 0.00000000099999999992 0.17196765243772285658 0.33515130868600995218 0.00000000099999999992 0.00000000099999999992 0.19343608856143179597
88 88 (0) 12 : 0.23751120153749011310 0.31557345646601753231 0.00000000099999999975 0.00000000099999999975 0.00000000099999999975 0.00000000099999999975 0.44691533199649269292 0.00000000099999999975 0.00000000099999999975 0.00000000099999999975 0.00000000099999999975 0.00000000099999999975 0.00000000099999999975
89 89 (0) 12 : 0.00023241578775945842 0.00033301488879987904 0.00000000099999999982 0.00000000099999999982 0.08139969956055287392 0.07183201556569297763 0.37675504903522055722 0.00000000099999999982 0.16716029226589548817 0.23883467283243373092 0.00000000099999999982 0.00000000099999999982 0.06345283506364500503
90 90 (0) 12 : 0.00000000099999999980 0.00000000099999999980 0.00000000099999999980 0.00000000099999999980 0.00000000099999999980 0.00000000099999999980 0.00000000099999999980 0.00000000099999999980 0.00000000099999999980 0.00000000099999999980 0.00000000099999999980 0.99999998799999989529 0.00000000099999999980
91 91 (0) 12 : 0.00000000099999999948 0.99999998800000033938 0.00000000099999999948 0.00000000099999999948 0.00000000099999999948 0.00000000099999999948 0.00000000099999999948 0.00000000099999999948 0.00000000099999999948 0.00000000099999999948 0.00000000099999999948 0.00000000099999999948 0.00000000099999999948
92 92 (0) 12 : 0.00000000099999999954 0.00000000099999999954 0.00000000099999999954 0.00000000099999999954 0.00000000099999999954 0.00000000099999999954 0.99999998800000000632 0.00000000099999999954 0.00000000099999999954 0.00000000099999999954 0.00000000099999999954 0.00000000099999999954 0.00000000099999999954
93 93 (0) 12 : 0.00000000099999999966 0.00000000099999999966 0.00000000099999999966 0.00000000099999999966 0.00000000099999999966 0.00000000099999999966 0.61827891875476825856 0.00000000099999999966 0.00000000099999999966 0.38172107024523166396 0.00000000099999999966 0.00000000099999999966 0.00000000099999999966
94 94 (0) 13 : 0.00000000099999999961 0.00000000099999999961 0.00000000099999999961 0.00000000099999999961 0.00000000099999999961 0.24298675608625910916 0.75701323291374111868 0.00000000099999999961 0.00000000099999999961 0.00000000099999999961 0.00000000099999999961 0.00000000099999999961 0.00000000099999999961
1 1 (0) 1 : 0.00000000099999999952 0.00000000099999999952 0.00000000099999999952 0.99999998800000011734 0.00000000099999999952 0.00000000099999999952 0.00000000099999999952 0.00000000099999999952 0.00000000099999999952 0.00000000099999999952 0.00000000099999999952 0.00000000099999999952 0.00000000099999999952
2 2 (0) 1 : 0.00000000099999999930 0.00000000099999999930 0.00000000099999999930 0.00000000099999999930 0.00000000099999999930 0.00000000099999999930 0.00000000099999999930 0.00000000099999999930 0.00000000099999999930 0.00000000099999999930 0.00000000099999999930 0.99999998800000000632 0.00000000099999999930
3 3 (0) 1 : 0.00000000099999999975 0.00000000099999999975 0.00000000099999999975 0.40118560572859202074 0.00000000099999999975 0.00000000099999999975 0.00000000099999999975 0.58584119140102453027 0.00000000099999999975 0.00000000099999999975 0.00000000099999999975 0.01297319287038344558 0.00000000099999999975
4 4 (0) 1 : 0.00000000099999999929 0.00000000099999999929 0.00000000099999999929 0.00000000099999999929 0.00000000099999999929 0.00000000099999999929 0.00000000099999999929 0.00000000099999999929 0.00000000099999999929 0.99999998800000000632 0.00000000099999999929 0.00000000099999999929 0.00000000099999999929
5 5 (0) 1 : 0.00000000099999999949 0.00000000099999999949 0.00000000099999999949 0.00000000099999999949 0.00000000099999999949 0.00000000099999999949 0.00000000099999999949 0.99999998800000011734 0.00000000099999999949 0.00000000099999999949 0.00000000099999999949 0.00000000099999999949 0.00000000099999999949
6 6 (0) 1 : 0.00000000099999999957 0.00000000099999999957 0.00000000099999999957 0.00000000099999999957 0.00000000099999999957 0.00000000099999999957 0.00000000099999999957 0.75056131217172250558 0.24943867682827769450 0.00000000099999999957 0.00000000099999999957 0.00000000099999999957 0.00000000099999999957
7 7 (0) 1 : 0.00000000099999999951 0.00000000099999999951 0.00000000099999999951 0.00000000099999999951 0.00000000099999999951 0.00000000099999999951 0.00000000099999999951 0.99999998800000011734 0.00000000099999999951 0.00000000099999999951 0.00000000099999999951 0.00000000099999999951 0.00000000099999999951
8 8 (0) 1 : 0.00000000099999999964 0.00000000099999999964 0.00000000099999999964 0.22989453261126410744 0.00000000099999999964 0.00000000099999999964 0.00000000099999999964 0.56794425148035021511 0.00000000099999999964 0.20216120590838573823 0.00000000099999999964 0.00000000099999999964 0.00000000099999999964
9 9 (0) 1 : 0.00000000099999999974 0.00000000099999999974 0.00000000099999999974 0.48856804472884168833 0.00000000099999999974 0.00000000099999999974 0.00000000099999999974 0.29086407962454779996 0.22056786564661062799 0.00000000099999999974 0.00000000099999999974 0.00000000099999999974 0.00000000099999999974
10 10 (0) 1 : 0.00000000099999999977 0.00000000099999999977 0.00000000099999999977 0.23183264271501696774 0.00000000099999999977 0.00000000099999999977 0.00000000099999999977 0.26978267521719967448 0.38222357271205364970 0.11616110035572983772 0.00000000099999999977 0.00000000099999999977 0.00000000099999999977
11 11 (0) 1 : 0.99999998800000022836 0.00000000099999999953 0.00000000099999999953 0.00000000099999999953 0.00000000099999999953 0.00000000099999999953 0.00000000099999999953 0.00000000099999999953 0.00000000099999999953 0.00000000099999999953 0.00000000099999999953 0.00000000099999999953 0.00000000099999999953
12 12 (0) 1 : 0.00000000099999999851 0.00000000099999999851 0.00000000099999999851 0.00000000099999999851 0.00000000099999999851 0.00000000099999999851 0.00000000099999999851 0.00000000099999999851 0.00000000099999999851 0.00000000099999999851 0.00000000099999999851 0.99999998800000000632 0.00000000099999999851
13 13 (0) 1 : 0.00000000099999999935 0.00000000099999999935 0.00000000099999999935 0.00000000099999999935 0.00000000099999999935 0.00000000099999999935 0.00000000099999999935 0.00000000099999999935 0.00000000099999999935 0.99999998800000000632 0.00000000099999999935 0.00000000099999999935 0.00000000099999999935
14 14 (0) 2 : 0.00000000099999999967 0.00000000099999999967 0.00000000099999999967 0.47179512126915928993 0.00000000099999999967 0.00000000099999999967 0.00000000099999999967 0.52820486773084074361 0.00000000099999999967 0.00000000099999999967 0.00000000099999999967 0.00000000099999999967 0.00000000099999999967
15 15 (0) 2 : 0.00000000099999999901 0.99999998800000033938 0.00000000099999999901 0.00000000099999999901 0.00000000099999999901 0.00000000099999999901 0.00000000099999999901 0.00000000099999999901 0.00000000099999999901 0.00000000099999999901 0.00000000099999999901 0.00000000099999999901 0.00000000099999999901
16 16 (0) 2 : 0.00000000099999999946 0.00000000099999999946 0.00000000099999999946 0.99999998800000022836 0.00000000099999999946 0.00000000099999999946 0.00000000099999999946 0.00000000099999999946 0.00000000099999999946 0.00000000099999999946 0.00000000099999999946 0.00000000099999999946 0.00000000099999999946
17 17 (0) 2 : 0.00000000099999999954 0.00000000099999999954 0.00000000099999999954 0.99999998800000022836 0.00000000099999999954 0.00000000099999999954 0.00000000099999999954 0.00000000099999999954 0.00000000099999999954 0.00000000099999999954 0.00000000099999999954 0.00000000099999999954 0.00000000099999999954
18 18 (0) 2 : 0.00000000099999999939 0.00000000099999999939 0.00000000099999999939 0.00000000099999999939 0.00000000099999999939 0.00000000099999999939 0.00000000099999999939 0.00000000099999999939 0.99999998800000011734 0.00000000099999999939 0.00000000099999999939 0.00000000099999999939 0.00000000099999999939
19 19 (0) 2 : 0.00000000099999999967 0.00000000099999999967 0.00000000099999999967 0.62438405775948846443 0.00000000099999999967 0.00000000099999999967 0.00000000099999999967 0.37561593124051162462 0.00000000099999999967 0.00000000099999999967 0.00000000099999999967 0.00000000099999999967 0.00000000099999999967
20 20 (0) 2 : 0.00000000099999999974 0.00000000099999999974 0.00000000099999999974 0.00000000099999999974 0.48297835810113975974 0.00000000099999999974 0.00000000099999999974 0.00000000099999999974 0.51702163089886021829 0.00000000099999999974 0.00000000099999999974 0.00000000099999999974 0.00000000099999999974
21 21 (0) 2 : 0.00000000099999999973 0.00000000099999999973 0.00000000099999999973 0.36736054428885400736 0.00000000099999999973 0.00000000099999999973 0.00000000099999999973 0.15464946110878766139 0.15032308293879950711 0.32766690266355863459 0.00000000099999999973 0.00000000099999999973 0.00000000099999999973
22 22 (0) 2 : 0.13914955011396112905 0.00000000099999999983 0.00000000099999999983 0.31372348821739970415 0.12330095198404830703 0.00000000099999999983 0.07448592062128284175 0.00000000099999999983 0.21585179065422466227 0.13348829140908341495 0.00000000099999999983 0.00000000099999999983 0.00000000099999999983
23 23 (0) 2 : 0.00001162880949864769 0.00000000099999999995 0.00000000099999999995 0.55089460081453867080 0.00000000099999999995 0.00000000099999999995 0.44909376037596276943 0.00000000099999999995 0.00000000099999999995 0.00000000099999999995 0.00000000099999999995 0.00000000099999999995 0.00000000099999999995
24 24 (0) 2 : 0.00000000099999999954 0.00000000099999999954 0.00000000099999999954 0.99999998800000022836 0.00000000099999999954 0.00000000099999999954 0.00000000099999999954 0.00000000099999999954 0.00000000099999999954 0.00000000099999999954 0.00000000099999999954 0.00000000099999999954 0.00000000099999999954
25 25 (0) 2 : 0.00000000099999999966 0.00000000099999999966 0.00000000099999999966 0.57452754503834879696 0.00000000099999999966 0.00000000099999999966 0.00000000099999999966 0.00000000099999999966 0.00000000099999999966 0.42547244396165129210 0.00000000099999999966 0.00000000099999999966 0.00000000099999999966
26 26 (0) 2 : 0.00048633915812585038 0.00000000099999999995 0.00000000099999999995 0.00000047034515301027 0.00000000099999999995 0.00000000099999999995 0.41456247967495224449 0.00000000099999999995 0.58495070182176900353 0.00000000099999999995 0.00000000099999999995 0.00000000099999999995 0.00000000099999999995
27 27 (0) 2 : 0.00000000099999999960 0.00000000099999999960 0.00000000099999999960 0.99999998800000011734 0.00000000099999999960 0.00000000099999999960 0.00000000099999999960 0.00000000099999999960 0.00000000099999999960 0.00000000099999999960 0.00000000099999999960 0.00000000099999999960 0.00000000099999999960
28 28 (0) 3 : 0.00000000099999999932 0.00000000099999999932 0.00000000099999999932 0.00000000099999999932 0.00000000099999999932 0.00000000099999999932 0.00000000099999999932 0.00000000099999999932 0.00000000099999999932 0.00000000099999999932 0.00000000099999999932 0.00000000099999999932 0.99999998800000000632
29 29 (0) 3 : 0.00000000099999999920 0.00000000099999999920 0.00000000099999999920 0.00000000099999999920 0.99999998800000011734 0.00000000099999999920 0.00000000099999999920 0.00000000099999999920 0.00000000099999999920 0.00000000099999999920 0.00000000099999999920 0.00000000099999999920 0.00000000099999999920
30 30 (0) 3 : 0.00000000099999999890 0.00000000099999999890 0.00000000099999999890 0.00000000099999999890 0.00000000099999999890 0.00000000099999999890 0.99999998800000000632 0.00000000099999999890 0.00000000099999999890 0.00000000099999999890 0.00000000099999999890 0.00000000099999999890 0.00000000099999999890
31 31 (0) 3 : 0.00000000099999999991 0.00000000099999999991 0.00000000099999999991 0.00000000099999999991 0.48671892154695051147 0.00000000099999999991 0.51328106745304957759 0.00000000099999999991 0.00000000099999999991 0.00000000099999999991 0.00000000099999999991 0.00000000099999999991 0.00000000099999999991
32 32 (0) 3 : 0.00000000099999999888 0.99999998800000022836 0.00000000099999999888 0.00000000099999999888 0.00000000099999999888 0.00000000099999999888 0.00000000099999999888 0.00000000099999999888 0.00000000099999999888 0.00000000099999999888 0.00000000099999999888 0.00000000099999999888 0.00000000099999999888
33 33 (0) 3 : 0.00000000099999999958 0.00000000099999999958 0.00000000099999999958 0.99999998800000022836 0.00000000099999999958 0.00000000099999999958 0.00000000099999999958 0.00000000099999999958 0.00000000099999999958 0.00000000099999999958 0.00000000099999999958 0.00000000099999999958 0.00000000099999999958
34 34 (0) 3 : 0.00000000099999999938 0.00000000099999999938 0.00000000099999999938 0.00000000099999999938 0.00000000099999999938 0.00000000099999999938 0.00000000099999999938 0.00000000099999999938 0.00000000099999999938 0.00000000099999999938 0.99999998799999989529 0.00000000099999999938 0.00000000099999999938
35 35 (0) 3 : 0.00000000099999999950 0.00000000099999999950 0.05962620770583276775 0.00000000099999999950 0.00000000099999999950 0.00000000099999999950 0.00000000099999999950 0.00000000099999999950 0.00000000099999999950 0.00000000099999999950 0.68296886992704508579 0.00000000099999999950 0.25740491236712237377
36 36 (0) 3 : 0.00000000099999999925 0.00000000099999999925 0.00000000099999999925 0.00000000099999999925 0.00000000099999999925 0.00000000099999999925 0.00000000099999999925 0.00000000099999999925 0.00000000099999999925 0.00000000099999999925 0.99999998800000000632 0.00000000099999999925 0.00000000099999999925
37 37 (0) 3 : 0.00000000099999999954 0.00000000099999999954 0.00000000099999999954 0.00000000099999999954 0.00000000099999999954 0.00000000099999999954 0.00000000099999999954 0.99999998800000000632 0.00000000099999999954 0.00000000099999999954 0.00000000099999999954 0.00000000099999999954 0.00000000099999999954
38 38 (0) 3 : 0.00000000099999999930 0.00000000099999999930 0.00000000099999999930 0.00000000099999999930 0.00000000099999999930 0.00000000099999999930 0.99999998800000000632 0.00000000099999999930 0.00000000099999999930 0.00000000099999999930 0.00000000099999999930 0.00000000099999999930 0.00000000099999999930
39 39 (0) 3 : 0.00000000099999999903 0.00000000099999999903 0.00000000099999999903 0.00000000099999999903 0.00000000099999999903 0.00000000099999999903 0.99999998800000011734 0.00000000099999999903 0.00000000099999999903 0.00000000099999999903 0.00000000099999999903 0.00000000099999999903 0.00000000099999999903
40 40 (0) 3 : 0.00000000099999999955 0.00000000099999999955 0.00000000099999999955 0.00000000099999999955 0.00000000099999999955 0.00000000099999999955 0.00000000099999999955 0.00000000099999999955 0.40044755889627947631 0.59955243010372050172 0.00000000099999999955 0.00000000099999999955 0.00000000099999999955
41 41 (0) 3 : 0.00000000099999999966 0.00000000099999999966 0.00000000099999999966 0.44464595731838757464 0.00000000099999999966 0.00000000099999999966 0.00000000099999999966 0.00000000099999999966 0.55535403168161245890 0.00000000099999999966 0.00000000099999999966 0.00000000099999999966 0.00000000099999999966
42 42 (0) 3 : 0.00000000099999999896 0.99999998800000022836 0.00000000099999999896 0.00000000099999999896 0.00000000099999999896 0.00000000099999999896 0.00000000099999999896 0.00000000099999999896 0.00000000099999999896 0.00000000099999999896 0.00000000099999999896 0.00000000099999999896 0.00000000099999999896
43 43 (0) 3 : 0.00000000099999999778 0.00000000099999999778 0.99999998799999989529 0.00000000099999999778 0.00000000099999999778 0.00000000099999999778 0.00000000099999999778 0.00000000099999999778 0.00000000099999999778 0.00000000099999999778 0.00000000099999999778 0.00000000099999999778 0.00000000099999999778
44 44 (0) 3 : 0.00000000099999999964 0.00000000099999999964 0.00000000099999999964 0.00000000099999999964 0.00000000099999999964 0.00000000099999999964 0.00000000099999999964 0.99999998800000000632 0.00000000099999999964 0.00000000099999999964 0.00000000099999999964 0.00000000099999999964 0.00000000099999999964
45 45 (0) 3 : 0.00000000099999999956 0.00000000099999999956 0.00000000099999999956 0.99999998800000011734 0.00000000099999999956 0.00000000099999999956 0.00000000099999999956 0.00000000099999999956 0.00000000099999999956 0.00000000099999999956 0.00000000099999999956 0.00000000099999999956 0.00000000099999999956
46 46 (0) 4 : 0.00000000099999999930 0.00000000099999999930 0.00000000099999999930 0.00000000099999999930 0.00000000099999999930 0.00000000099999999930 0.00000000099999999930 0.00000000099999999930 0.00000000099999999930 0.00000000099999999930 0.00000000099999999930 0.00000000099999999930 0.99999998800000000632
47 47 (0) 4 : 0.00000000099999999936 0.00000000099999999936 0.00000000099999999936 0.00000000099999999936 0.00000000099999999936 0.41649733731036087114 0.00000000099999999936 0.00000000099999999936 0.00000000099999999936 0.00000000099999999936 0.00000000099999999936 0.00000000099999999936 0.58350265168963899587
48 48 (0) 4 : 0.00000000099999999953 0.00000000099999999953 0.00000000099999999953 0.00000000099999999953 0.00000000099999999953 0.00000000099999999953 0.00000000099999999953 0.99999998800000011734 0.00000000099999999953 0.00000000099999999953 0.00000000099999999953 0.00000000099999999953 0.00000000099999999953
49 49 (0) 4 : 0.00000000099999999955 0.00000000099999999955 0.00000000099999999955 0.00000000099999999955 0.00000000099999999955 0.00000000099999999955 0.00000000099999999955 0.00000000099999999955 0.00000000099999999955 0.99999998800000000632 0.00000000099999999955 0.00000000099999999955 0.00000000099999999955
50 50 (0) 4 : 0.00000000099999999940 0.00000000099999999940 0.00000000099999999940 0.00000000099999999940 0.99999998800000022836 0.00000000099999999940 0.00000000099999999940 0.00000000099999999940 0.00000000099999999940 0.00000000099999999940 0.00000000099999999940 0.00000000099999999940 0.00000000099999999940
51 51 (0) 4 : 0.99999998800000033938 0.00000000099999999951 0.00000000099999999951 0.00000000099999999951 0.00000000099999999951 0.00000000099999999951 0.00000000099999999951 0.00000000099999999951 0.00000000099999999951 0.00000000099999999951 0.00000000099999999951 0.00000000099999999951 0.00000000099999999951
52 52 (0) 4 : 0.00000000099999999964 0.00000000099999999964 0.00000000099999999964 0.00000000099999999964 0.00000000099999999964 0.00000000099999999964 0.00000000099999999964 0.00000000099999999964 0.99999998800000000632 0.00000000099999999964 0.00000000099999999964 0.00000000099999999964 0.00000000099999999964
53 53 (0) 4 : 0.00000000099999999930 0.00000000099999999930 0.00000000099999999930 0.00000000099999999930 0.00000000099999999930 0.00000000099999999930 0.00000000099999999930 0.00000000099999999930 0.00000000099999999930 0.99999998800000000632 0.00000000099999999930 0.00000000099999999930 0.00000000099999999930
54 54 (0) 4 : 0.00000000099999999972 0.00000000099999999972 0.00000000099999999972 0.00000000099999999972 0.00000000099999999972 0.00000000099999999972 0.00000000099999999972 0.39992765130684060360 0.34146420080335088132 0.25860813788980863137 0.00000000099999999972 0.00000000099999999972 0.00000000099999999972
55 55 (0) 4 : 0.00000000099999999993 0.00000000099999999993 0.00000000099999999993 0.00000000099999999993 0.36752398282901133086 0.00000000099999999993 0.63247600617098875819 0.00000000099999999993 0.00000000099999999993 0.00000000099999999993 0.00000000099999999993 0.00000000099999999993 0.00000000099999999993
56 56 (0) 4 : 0.00000000099999999918 0.00000000099999999918 0.00000000099999999918 0.00000000099999999918 0.99999998800000011734 0.00000000099999999918 0.00000000099999999918 0.00000000099999999918 0.00000000099999999918 0.00000000099999999918 0.00000000099999999918 0.00000000099999999918 0.00000000099999999918
57 57 (0) 5 : 0.00000000099999999953 0.00000000099999999953 0.00000000099999999953 0.00000000099999999953 0.00000000099999999953 0.00000000099999999953 0.00000000099999999953 0.00000000099999999953 0.99999998800000011734 0.00000000099999999953 0.00000000099999999953 0.00000000099999999953 0.00000000099999999953
58 58 (0) 5 : 0.08848761867806517745 0.00000000099999999995 0.02263702801657191399 0.38929521617051798810 0.18708727902159927314 0.00000000099999999995 0.00000000099999999995 0.00000000099999999995 0.27955587094856804153 0.00000000099999999995 0.00000000099999999995 0.02035566734704348513 0.01258131381763417933
59 59 (0) 5 : 0.00000000099999999957 0.00000000099999999957 0.00000000099999999957 0.00000000099999999957 0.00000000099999999957 0.00000000099999999957 0.00000000099999999957 0.00000000099999999957 0.99999998800000011734 0.00000000099999999957 0.00000000099999999957 0.00000000099999999957 0.00000000099999999957
60 60 (0) 5 : 0.00000000099999999927 0.00000000099999999927 0.00000000099999999927 0.00000000099999999927 0.00000000099999999927 0.00000000099999999927 0.00000000099999999927 0.00000000099999999927 0.00000000099999999927 0.00000000099999999927 0.00000000099999999927 0.00000000099999999927 0.99999998799999989529
61 61 (0) 5 : 0.00000000099999999983 0.00000000099999999983 0.00000000099999999983 0.00000000099999999983 0.00000000099999999983 0.00000000099999999983 0.00000000099999999983 0.00000000099999999983 0.00000000099999999983 0.00000000099999999983 0.00000000099999999983 0.00000000099999999983 0.99999998800000000632
62 62 (0) 5 : 0.00000000099999999964 0.99999998800000033938 0.00000000099999999964 0.00000000099999999964 0.00000000099999999964 0.00000000099999999964 0.00000000099999999964 0.00000000099999999964 0.00000000099999999964 0.00000000099999999964 0.00000000099999999964 0.00000000099999999964 0.00000000099999999964
63 63 (0) 6 : 0.00000000099999999932 0.00000000099999999932 0.00000000099999999932 0.00000000099999999932 0.00000000099999999932 0.00000000099999999932 0.00000000099999999932 0.00000000099999999932 0.00000000099999999932 0.00000000099999999932 0.99999998799999989529 0.00000000099999999932 0.00000000099999999932
64 64 (0) 6 : 0.00000000099999999931 0.00000000099999999931 0.00000000099999999931 0.00000000099999999931 0.00000000099999999931 0.00000000099999999931 0.00000000099999999931 0.00000000099999999931 0.00000000099999999931 0.00000000099999999931 0.00000000099999999931 0.00000000099999999931 0.99999998799999989529
65 65 (0) 6 : 0.00000000099999999944 0.00000000099999999944 0.00000000099999999944 0.00000000099999999944 0.00000000099999999944 0.00000000099999999944 0.00000000099999999944 0.00000000099999999944 0.00000000099999999944 0.00000000099999999944 0.99999998799999989529 0.00000000099999999944 0.00000000099999999944
66 66 (0) 6 : 0.00000000099999999988 0.02546720602944866144 0.05048412429324897893 0.00000000725998486492 0.00000000099999999988 0.11038100831617642106 0.00000000099999999988 0.00000000099999999988 0.23852568674134566606 0.00000000099999999988 0.00958355624643976618 0.00000000099999999988 0.56555840511335553344
67 67 (0) 6 : 0.00000000099999999877 0.00000000099999999877 0.00000000099999999877 0.00000000099999999877 0.00000000099999999877 0.99999998800000000632 0.00000000099999999877 0.00000000099999999877 0.00000000099999999877 0.00000000099999999877 0.00000000099999999877 0.00000000099999999877 0.00000000099999999877
68 68 (0) 6 : 0.00000000099999999984 0.00000000099999999984 0.00000000099999999984 0.00000000099999999984 0.00000000099999999984 0.17216059996155025358 0.12571478206586553239 0.00000000099999999984 0.00000000099999999984 0.00000000099999999984 0.11212335166417752852 0.00000000099999999984 0.59000125730840657923
69 69 (0) 6 : 0.01608963469199835294 0.00844297318926123114 0.00000000100000000000 0.26897507970479500594 0.12385991451247760353 0.02355065653469787593 0.02365486366739848884 0.25160806561000831350 0.15989695716535462511 0.00030809365775947065 0.07060714791712455196 0.01378902731717098103 0.03921758503195344608
70 70 (0) 6 : 0.00000000099999999875 0.00000000099999999875 0.00000000099999999875 0.00000000099999999875 0.00000000099999999875 0.99999998800000000632 0.00000000099999999875 0.00000000099999999875 0.00000000099999999875 0.00000000099999999875 0.00000000099999999875 0.00000000099999999875 0.00000000099999999875
71 71 (0) 6 : 0.00000000099999999956 0.00000000099999999956 0.00000000099999999956 0.99999998800000011734 0.00000000099999999956 0.00000000099999999956 0.00000000099999999956 0.00000000099999999956 0.00000000099999999956 0.00000000099999999956 0.00000000099999999956 0.00000000099999999956 0.00000000099999999956
72 72 (0) 6 : 0.00000000099999999922 0.00000000099999999922 0.00000000099999999922 0.00000000099999999922 0.00000000099999999922 0.00000000099999999922 0.00000000099999999922 0.00000000099999999922 0.00000000099999999922 0.00000000099999999922 0.00000000099999999922 0.00000000099999999922 0.99999998800000000632
73 73 (0) 6 : 0.00000000099999999950 0.00000000099999999950 0.00000000099999999950 0.00000000099999999950 0.00000000099999999950 0.00000000099999999950 0.00000000099999999950 0.00000000099999999950 0.00000000099999999950 0.00000000099999999950 0.99999998799999989529 0.00000000099999999950 0.00000000099999999950
74 74 (0) 6 : 0.00000000099999999969 0.00000000099999999969 0.00000000099999999969 0.00000000099999999969 0.00000000099999999969 0.00000000099999999969 0.13105770445015341163 0.00000000099999999969 0.00000000099999999969 0.00000000099999999969 0.00000000099999999969 0.00000000099999999969 0.86894228454984656640
75 75 (0) 6 : 0.00000000099999999973 0.00000000099999999973 0.00000000099999999973 0.00000000099999999973 0.00000000099999999973 0.00000000099999999973 0.06410586953318021808 0.00000000099999999973 0.00000000099999999973 0.00000000099999999973 0.93589411946681988486 0.00000000099999999973 0.00000000099999999973
76 76 (0) 6 : 0.00000000099999999984 0.00000000099999999984 0.00000000099999999984 0.00000000099999999984 0.00000000099999999984 0.39732140521113507026 0.15843687512387388816 0.00000000099999999984 0.00000000099999999984 0.00000000099999999984 0.00000000099999999984 0.00000000099999999984 0.44424170966499110236
77 77 (0) 6 : 0.00000000099999999985 0.00000000099999999985 0.00000000099999999985 0.00000000099999999985 0.00000000099999999985 0.29881211633907384106 0.17983031826447412604 0.00000000099999999985 0.00000000099999999985 0.00000000099999999985 0.00000000099999999985 0.00000000099999999985 0.52135755539645201040
78 78 (0) 6 : 0.00000000099999999976 0.00000000099999999976 0.00000000099999999976 0.00000000099999999976 0.00000000099999999976 0.00000000099999999976 0.21833054434673621058 0.00000000099999999976 0.00000000099999999976 0.00000000099999999976 0.78166944465326371194 0.00000000099999999976 0.00000000099999999976
79 79 (0) 6 : 0.00000000099999999960 0.00000000099999999960 0.00000000099999999960 0.00000000099999999960 0.00000000099999999960 0.00000000099999999960 0.00000000099999999960 0.00000000099999999960 0.00000000099999999960 0.00000000099999999960 0.99999998799999989529 0.00000000099999999960 0.00000000099999999960
80 80 (0) 7 : 0.00000000099999999944 0.00000000099999999944 0.00000000099999999944 0.00000000099999999944 0.00000000099999999944 0.00000000099999999944 0.00000000099999999944 0.00000000099999999944 0.99999998800000011734 0.00000000099999999944 0.00000000099999999944 0.00000000099999999944 0.00000000099999999944
81 81 (0) 8 : 0.99999998800000033938 0.00000000099999999939 0.00000000099999999939 0.00000000099999999939 0.00000000099999999939 0.00000000099999999939 0.00000000099999999939 0.00000000099999999939 0.00000000099999999939 0.00000000099999999939 0.00000000099999999939 0.00000000099999999939 0.00000000099999999939
82 82 (0) 9 : 0.00000000099999999915 0.00000000099999999915 0.00000000099999999915 0.00000000099999999915 0.00000000099999999915 0.00000000099999999915 0.99999998800000011734 0.00000000099999999915 0.00000000099999999915 0.00000000099999999915 0.00000000099999999915 0.00000000099999999915 0.00000000099999999915
83 83 (0) 10 : 0.13822232856102478760 0.00000000099999999995 0.00000000099999999995 0.18836004876255943441 0.00030509702928176413 0.00000000099999999995 0.11893259322207024031 0.18171120303738713675 0.29900538053687808482 0.07346334285079847426 0.00000000099999999995 0.00000000099999999995 0.00000000099999999995
84 84 (0) 11 : 0.00000000099999999952 0.00000000099999999952 0.00000000099999999952 0.00000000099999999952 0.00000000099999999952 0.00000000099999999952 0.00000000099999999952 0.00000000099999999952 0.99999998800000000632 0.00000000099999999952 0.00000000099999999952 0.00000000099999999952 0.00000000099999999952
85 85 (0) 11 : 0.00000000099999999966 0.00000000099999999966 0.00000000099999999966 0.00000000099999999966 0.00000000099999999966 0.00000000099999999966 0.45926026835331185127 0.00000000099999999966 0.54073972064668818227 0.00000000099999999966 0.00000000099999999966 0.00000000099999999966 0.00000000099999999966
86 86 (0) 12 : 0.66501801019663442371 0.00000000099999999987 0.00000000099999999987 0.00000000099999999987 0.00000000099999999987 0.00000000099999999987 0.33498197880336588739 0.00000000099999999987 0.00000000099999999987 0.00000000099999999987 0.00000000099999999987 0.00000000099999999987 0.00000000099999999987
87 87 (0) 12 : 0.99999998800000022836 0.00000000099999999966 0.00000000099999999966 0.00000000099999999966 0.00000000099999999966 0.00000000099999999966 0.00000000099999999966 0.00000000099999999966 0.00000000099999999966 0.00000000099999999966 0.00000000099999999966 0.00000000099999999966 0.00000000099999999966
88 88 (0) 12 : 0.00000000099999999968 0.00000000099999999968 0.00000000099999999968 0.46329535108063729654 0.32663072820272975871 0.00000000099999999968 0.00000000099999999968 0.00000000099999999968 0.00000000099999999968 0.21007391071663319981 0.00000000099999999968 0.00000000099999999968 0.00000000099999999968
89 89 (0) 12 : 0.99999998800000022836 0.00000000099999999966 0.00000000099999999966 0.00000000099999999966 0.00000000099999999966 0.00000000099999999966 0.00000000099999999966 0.00000000099999999966 0.00000000099999999966 0.00000000099999999966 0.00000000099999999966 0.00000000099999999966 0.00000000099999999966
90 90 (0) 12 : 0.00000000099999999986 0.00000000099999999986 0.00000000099999999986 0.00000000099999999986 0.00000000099999999986 0.00000000099999999986 0.00000000099999999986 0.00000000099999999986 0.00000000099999999986 0.00000000099999999986 0.99999998799999989529 0.00000000099999999986 0.00000000099999999986
91 91 (0) 12 : 0.00000000099999999951 0.00000000099999999951 0.00000000099999999951 0.00000000099999999951 0.00000000099999999951 0.00000000099999999951 0.00000000099999999951 0.99999998800000000632 0.00000000099999999951 0.00000000099999999951 0.00000000099999999951 0.00000000099999999951 0.00000000099999999951
92 92 (0) 12 : 0.00000000099999999966 0.00000000099999999966 0.00000000099999999966 0.28796076044054708110 0.00000000099999999966 0.00000000099999999966 0.00000000099999999966 0.21792548684525794855 0.20035550481893255048 0.29375823889526231358 0.00000000099999999966 0.00000000099999999966 0.00000000099999999966
93 93 (0) 12 : 0.00000000099999999973 0.00000000099999999973 0.00000000099999999973 0.36391372569369401235 0.00000000099999999973 0.00000000099999999973 0.00000000099999999973 0.24704690824086017464 0.38903935606544570724 0.00000000099999999973 0.00000000099999999973 0.00000000099999999973 0.00000000099999999973
94 94 (0) 13 : 0.00000000099999999951 0.00000000099999999951 0.00000000099999999951 0.00000000099999999951 0.00000000099999999951 0.00000000099999999951 0.00000000099999999951 0.99999998800000000632 0.00000000099999999951 0.00000000099999999951 0.00000000099999999951 0.00000000099999999951 0.00000000099999999951
