1 1 (0) 1 : 0.03916630800582374811 0.12749229545522519635 0.00062260574020658920 0.32424791701861943594 0.00000000100000000000 0.21408705067813615930 0.00000000100000000000 0.05716869552520758430 0.23721512557678126054
2 2 (0) 1 : 0.11264409163290328708 0.00000000099999999998 0.00000000099999999998 0.34801593391563417912 0.00000000099999999998 0.11354471675037339229 0.02262616316582156256 0.00000000099999999998 0.40316909053526761575
3 3 (0) 1 : 0.00000000099999999981 0.00000000099999999981 0.00000000099999999981 0.00000000099999999981 0.99999999200000011523 0.00000000099999999981 0.00000000099999999981 0.00000000099999999981 0.00000000099999999981
4 4 (0) 1 : 0.00000000099999999991 0.00000000099999999991 0.00000000099999999991 0.00000000099999999991 0.00000000099999999991 0.00000000099999999991 0.00000000099999999991 0.00000000099999999991 0.99999999200000000421
5 5 (0) 1 : 0.04445421677910825486 0.05616493242068210795 0.29907287388175091136 0.00000000100000000000 0.00000000100000000000 0.23435777744760954988 0.00000022954244528622 0.00000000180424596066 0.36594996612415786608
6 6 (0) 1 : 0.00000000099999999999 0.03824370860580234704 0.24254653100326978299 0.16757051130988850907 0.17137147926161619416 0.01353588697802188962 0.01847216987690481621 0.00000000099999999999 0.34825971096449653830
7 7 (0) 1 : 0.00000000099999999987 0.00000000099999999987 0.00000000099999999987 0.00000000099999999987 0.00000000099999999987 0.00000000099999999987 0.00000000099999999987 0.00000000099999999987 0.99999999199999989319
8 8 (0) 2 : 0.06291863632303029696 0.00000000099999999998 0.26964380946385468896 0.08699654930359602967 0.00000000099999999998 0.08128382396582724267 0.00000000099999999998 0.26668066613660784681 0.23247651180708372998
9 9 (0) 2 : 0.00000000099999999983 0.00000000099999999983 0.00000000099999999983 0.00000000099999999983 0.00000000099999999983 0.00000000099999999983 0.00000000099999999983 0.99999999200000000421 0.00000000099999999983
10 10 (0) 2 : 0.00000000099999999972 0.00000000099999999972 0.00000000099999999972 0.00000000099999999972 0.00000000099999999972 0.00000000099999999972 0.00000000099999999972 0.99999999199999989319 0.00000000099999999972
11 11 (0) 2 : 0.00000000099999999992 0.11827022583071963857 0.00000000099999999992 0.00000000099999999992 0.00000000099999999992 0.00000000099999999992 0.00000000099999999992 0.88172976716928042062 0.00000000099999999992
12 12 (0) 2 : 0.00000000099999999982 0.00000000099999999982 0.00000000099999999982 0.00000000099999999982 0.99999999200000000421 0.00000000099999999982 0.00000000099999999982 0.00000000099999999982 0.00000000099999999982
13 13 (0) 2 : 0.13258912275347781162 0.00000000099999999997 0.08606847392422585508 0.25142194903527820271 0.00000000099999999997 0.09205349860821276931 0.00000000099999999997 0.15526260042692072161 0.28260435225188457187
14 14 (0) 3 : 0.00000000099999999987 0.00000000099999999987 0.00000000099999999987 0.00000000099999999987 0.00000000099999999987 0.00000000099999999987 0.00000000099999999987 0.00000000099999999987 0.99999999199999989319
15 15 (0) 3 : 0.00000000099999999987 0.00000000099999999987 0.00000000099999999987 0.99999999200000000421 0.00000000099999999987 0.00000000099999999987 0.00000000099999999987 0.00000000099999999987 0.00000000099999999987
16 16 (0) 3 : 0.00000000099999999979 0.00000000099999999979 0.00000000099999999979 0.00000000099999999979 0.99999999200000000421 0.00000000099999999979 0.00000000099999999979 0.00000000099999999979 0.00000000099999999979
17 17 (0) 3 : 0.99999999200000011523 0.00000000099999999968 0.00000000099999999968 0.00000000099999999968 0.00000000099999999968 0.00000000099999999968 0.00000000099999999968 0.00000000099999999968 0.00000000099999999968
18 18 (0) 4 : 0.00000000099999999992 0.00000000099999999992 0.00000000099999999992 0.00000000099999999992 0.00000000099999999992 0.00000000099999999992 0.00000000099999999992 0.00000000099999999992 0.99999999199999989319
19 19 (0) 4 : 0.00000000099999999996 0.01650267203184196604 0.45307205059155775118 0.53042527137660033798 0.00000000099999999996 0.00000000099999999996 0.00000000099999999996 0.00000000099999999996 0.00000000099999999996
20 20 (0) 4 : 0.00000000099999999982 0.00000000099999999982 0.00000000099999999982 0.00000000099999999982 0.99999999200000011523 0.00000000099999999982 0.00000000099999999982 0.00000000099999999982 0.00000000099999999982
21 21 (0) 4 : 0.00000000099999999987 0.00000000099999999987 0.00000000099999999987 0.00000000099999999987 0.00000000099999999987 0.00000000099999999987 0.00000000099999999987 0.00000000099999999987 0.99999999200000000421
22 22 (0) 4 : 0.00000000099999999998 0.00000000099999999998 0.23187733472000282564 0.28588860632826107455 0.00000001332983679483 0.16128492641763644833 0.00317527461869011743 0.00000000099999999998 0.31777384158557259175
23 23 (0) 4 : 0.00000000099999999999 0.00000000099999999999 0.00000000099999999999 0.00000000099999999999 0.28979058568248261540 0.23978684183809492736 0.01110289915831297845 0.26333906000924800495 0.19598060931186139788
24 24 (0) 4 : 0.01003401057557131749 0.00000000099999999998 0.28724469542622066420 0.00000000099999999998 0.23674615319182107376 0.09610943336397122227 0.00000000099999999998 0.10028826181461354683 0.26957744262780214406
25 25 (0) 4 : 0.00000000099999999995 0.00000000099999999995 0.49601180546013756700 0.00000000099999999995 0.50398818753986251995 0.00000000099999999995 0.00000000099999999995 0.00000000099999999995 0.00000000099999999995
26 26 (0) 4 : 0.00000000099999999990 0.00000000099999999990 0.99999999200000000421 0.00000000099999999990 0.00000000099999999990 0.00000000099999999990 0.00000000099999999990 0.00000000099999999990 0.00000000099999999990
27 27 (0) 4 : 0.00000000099999999989 0.00000000099999999989 0.00000000099999999989 0.00000000099999999989 0.00000000099999999989 0.00000000099999999989 0.00000000099999999989 0.00000000099999999989 0.99999999199999989319
28 28 (0) 4 : 0.11547797040045473804 0.00559288476702842017 0.00007357735810897131 0.21877682290454708580 0.27652405494498311089 0.15996743062023818793 0.04485669216804034215 0.17873029250433672410 0.00000027433226248915
29 29 (0) 4 : 0.00000000099999999999 0.01197447085646859838 0.49244650487088931223 0.00000000135927179307 0.00000000099999999999 0.00000000099999999999 0.00001274358157041012 0.00000000099999999999 0.49556627533179992140
30 30 (0) 4 : 0.00000000099999999984 0.00000000099999999984 0.00000000099999999984 0.99999999200000000421 0.00000000099999999984 0.00000000099999999984 0.00000000099999999984 0.00000000099999999984 0.00000000099999999984
31 31 (0) 4 : 0.00000000099999999993 0.00000000099999999993 0.00000000099999999993 0.63732378132450284713 0.00000000099999999993 0.00000000099999999993 0.00000000099999999993 0.00000000099999999993 0.36267621167549723982
32 32 (0) 4 : 0.00000000099999999996 0.00000000099999999996 0.61613507021319724455 0.00000000099999999996 0.38386492278680284240 0.00000000099999999996 0.00000000099999999996 0.00000000099999999996 0.00000000099999999996
33 33 (0) 4 : 0.00000000099999999998 0.00000000099999999998 0.35987162660311400320 0.00000000099999999998 0.24220726099212222526 0.00000000099999999998 0.05221335394184908885 0.34570775346291460206 0.00000000099999999998
34 34 (0) 5 : 0.06103232826345472706 0.00849528564567242177 0.37103774615230294964 0.20632555541861044568 0.00000000099999999999 0.09259570560969809794 0.00000000099999999999 0.07397445089089758896 0.18653892601936392093
35 35 (0) 6 : 0.07087519868497384190 0.01374093202446368366 0.00000000099999999998 0.31190608249843754241 0.42858125804171565143 0.00000000099999999998 0.00000000099999999998 0.17489652475040928792 0.00000000099999999998
36 36 (0) 6 : 0.09497951285133435229 0.00000000099999999999 0.09604407311382268109 0.20478928133337295781 0.00000000099999999999 0.06243334965515756618 0.00000000099999999999 0.19831645864824545833 0.34343732139806704140
37 37 (0) 6 : 0.99999999200000022626 0.00000000099999999955 0.00000000099999999955 0.00000000099999999955 0.00000000099999999955 0.00000000099999999955 0.00000000099999999955 0.00000000099999999955 0.00000000099999999955
38 38 (0) 6 : 0.00000000099999999981 0.00000000099999999981 0.00000000099999999981 0.00000000099999999981 0.00000000099999999981 0.00000000099999999981 0.00000000099999999981 0.99999999199999989319 0.00000000099999999981
39 39 (0) 6 : 0.00000000099999999988 0.00000000099999999988 0.99999999200000000421 0.00000000099999999988 0.00000000099999999988 0.00000000099999999988 0.00000000099999999988 0.00000000099999999988 0.00000000099999999988
40 40 (0) 6 : 0.09419166428617650744 0.03206864170510755757 0.27134137478972619739 0.00000000099999999999 0.00000000099999999999 0.00000000099999999999 0.00000000099999999999 0.16364354047901483180 0.43875477473997476219
41 41 (0) 6 : 0.00000000099999999978 0.99999999200000022626 0.00000000099999999978 0.00000000099999999978 0.00000000099999999978 0.00000000099999999978 0.00000000099999999978 0.00000000099999999978 0.00000000099999999978
42 42 (0) 6 : 0.00000000099999999989 0.00000000099999999989 0.00000000099999999989 0.00000000099999999989 0.00000000099999999989 0.00000000099999999989 0.00000000099999999989 0.00000000099999999989 0.99999999200000000421
43 43 (0) 6 : 0.00000000099999999981 0.00000000099999999981 0.00000000099999999981 0.99999999200000011523 0.00000000099999999981 0.00000000099999999981 0.00000000099999999981 0.00000000099999999981 0.00000000099999999981
44 44 (0) 6 : 0.00000000100000000000 0.03114245220847658077 0.27213402435996436601 0.06324453618371368713 0.25623209912810518407 0.11879988829908601222 0.00224855483361695307 0.09458302225058343171 0.16161542173645368492
45 45 (0) 6 : 0.00000000099999999984 0.00000000099999999984 0.00000000099999999984 0.00000000099999999984 0.99999999200000000421 0.00000000099999999984 0.00000000099999999984 0.00000000099999999984 0.00000000099999999984
46 46 (0) 6 : 0.00000000099999999891 0.00000000099999999891 0.00000000099999999891 0.00000000099999999891 0.00000000099999999891 0.00000000099999999891 0.99999999199999989319 0.00000000099999999891 0.00000000099999999891
47 47 (0) 6 : 0.00000000099999999995 0.00000000099999999995 0.00000000099999999995 0.00000000099999999995 0.00000000099999999995 0.48301021969465623984 0.00000000099999999995 0.00000000099999999995 0.51698977330534379160
48 48 (0) 6 : 0.08946812304294717022 0.00000000099999999998 0.51931551499193673305 0.00000000099999999998 0.35991903031091626586 0.00000000099999999998 0.03129732665419997228 0.00000000099999999998 0.00000000099999999998
49 49 (0) 6 : 0.00000000099999999817 0.99999999200000011523 0.00000000099999999817 0.00000000099999999817 0.00000000099999999817 0.00000000099999999817 0.00000000099999999817 0.00000000099999999817 0.00000000099999999817
50 50 (0) 6 : 0.12824781156002781901 0.00000000099999999995 0.59190325380152453150 0.00000000099999999995 0.00000000099999999995 0.27984892863844773592 0.00000000099999999995 0.00000000099999999995 0.00000000099999999995
51 51 (0) 6 : 0.00154499146132377248 0.06172327879776315362 0.33309140154681921020 0.09393652349580389194 0.22057661364082811750 0.12736948378978069085 0.01624287042428813888 0.14549410805565982097 0.00002072878773321362
52 52 (0) 6 : 0.00000000099999999934 0.00000000099999999934 0.00000000099999999934 0.00000000099999999934 0.00000000099999999934 0.00000000099999999934 0.99999999199999989319 0.00000000099999999934 0.00000000099999999934
53 53 (0) 6 : 0.00000000099999999983 0.00000000099999999983 0.99999999200000011523 0.00000000099999999983 0.00000000099999999983 0.00000000099999999983 0.00000000099999999983 0.00000000099999999983 0.00000000099999999983
54 54 (0) 6 : 0.00000000099999999993 0.00000000099999999993 0.78868493213313417556 0.00000000099999999993 0.00000000099999999993 0.21131506086686580037 0.00000000099999999993 0.00000000099999999993 0.00000000099999999993
55 55 (0) 6 : 0.08136897314525524949 0.00000000099999999997 0.00000000099999999997 0.00000000099999999997 0.53073120064640566529 0.16671051370000214420 0.00000000099999999997 0.22118930750833706855 0.00000000099999999997
56 56 (0) 6 : 0.00000000099999999998 0.00000000099999999998 0.00000000099999999998 0.00000000099999999998 0.00000000099999999998 0.21261629096844020248 0.00005477786286250703 0.28329092544019879307 0.50403800072849846980
57 57 (0) 6 : 0.00000000099999999984 0.00000000099999999984 0.99999999200000000421 0.00000000099999999984 0.00000000099999999984 0.00000000099999999984 0.00000000099999999984 0.00000000099999999984 0.00000000099999999984
58 58 (0) 7 : 0.00000000099999999968 0.00000000099999999968 0.00000000099999999968 0.00000000099999999968 0.00000000099999999968 0.99999999200000011523 0.00000000099999999968 0.00000000099999999968 0.00000000099999999968
59 59 (0) 7 : 0.00000000099999999984 0.00000000099999999984 0.00000000099999999984 0.99999999200000011523 0.00000000099999999984 0.00000000099999999984 0.00000000099999999984 0.00000000099999999984 0.00000000099999999984
60 60 (0) 7 : 0.00000000099999999994 0.00000000099999999994 0.00000000099999999994 0.00000000099999999994 0.51953780681004613218 0.48046218618995395477 0.00000000099999999994 0.00000000099999999994 0.00000000099999999994
61 61 (0) 7 : 0.00000000099999999986 0.00000000099999999986 0.00000000099999999986 0.00000000099999999986 0.00000000099999999986 0.00000000099999999986 0.00000000099999999986 0.99999999199999989319 0.00000000099999999986
62 62 (0) 7 : 0.99999999200000011523 0.00000000099999999942 0.00000000099999999942 0.00000000099999999942 0.00000000099999999942 0.00000000099999999942 0.00000000099999999942 0.00000000099999999942 0.00000000099999999942
63 63 (0) 7 : 0.00000000099999999998 0.01265530531208266911 0.27803312618193448680 0.38415430462321387139 0.00000003811985538223 0.17756159548271510662 0.00000000099999999998 0.14759562728019851030 0.00000000099999999998
64 64 (0) 8 : 0.03507773121558530049 0.00237561731958404240 0.33654073096734471449 0.19896403937240500492 0.00000000099999999999 0.00000000099999999999 0.03290528727634151052 0.00000000099999999999 0.39413659084873947647
65 65 (0) 8 : 0.00000000099999999999 0.00104620424496184358 0.00000000099999999999 0.00000000099999999999 0.15856183845058607895 0.21903636584098015727 0.02583229384154254668 0.18067720365011935568 0.41484609097180996651
66 66 (0) 9 : 0.00000000099999999995 0.00000000099999999995 0.00000000099999999995 0.63649290086640197828 0.00000000099999999995 0.00000000099999999995 0.00000000099999999995 0.36350709213359805316 0.00000000099999999995
67 67 (0) 10 : 0.00000000099999999985 0.00000000099999999985 0.00000000099999999985 0.99999999200000000421 0.00000000099999999985 0.00000000099999999985 0.00000000099999999985 0.00000000099999999985 0.00000000099999999985
68 68 (0) 10 : 0.00000000099999999998 0.00000000099999999998 0.16855266470741395168 0.17552992983506671143 0.33105656503189367923 0.08878530426782192675 0.00292427178680537865 0.00000000099999999998 0.23315126137099820292
69 69 (0) 10 : 0.00000000099999999996 0.00000000099999999996 0.49207166623538228789 0.00000000099999999996 0.00000000099999999996 0.45528053999305501121 0.05264778777156273876 0.00000000099999999996 0.00000000099999999996
70 70 (0) 10 : 0.04446953256291827361 0.00000000099999999998 0.27342207966653109263 0.00019473038673732242 0.07153077840287563882 0.31646012810690749006 0.00872667646268109921 0.06747270630189183827 0.21772336710945733307
71 71 (0) 10 : 0.00000000099999999987 0.00000000099999999987 0.00000000099999999987 0.00000000099999999987 0.00000000099999999987 0.00000000099999999987 0.00000000099999999987 0.99999999200000000421 0.00000000099999999987
72 72 (0) 10 : 0.01400332066084118872 0.00000000099999999998 0.40225541894036531687 0.37446703656305924124 0.00000000099999999998 0.00000000099999999998 0.00000000099999999998 0.20927421883573432693 0.00000000099999999998
73 73 (0) 10 : 0.00000000099999999992 0.00000000099999999992 0.99999999200000011523 0.00000000099999999992 0.00000000099999999992 0.00000000099999999992 0.00000000099999999992 0.00000000099999999992 0.00000000099999999992
74 74 (0) 10 : 0.00000000099999999963 0.00000000099999999963 0.00000000099999999963 0.00000000099999999963 0.00000000099999999963 0.99999999200000000421 0.00000000099999999963 0.00000000099999999963 0.00000000099999999963
75 75 (0) 10 : 0.00008466343838854976 0.00000000099999999997 0.66950158414013194452 0.31552558770323124726 0.00000000099999999997 0.00000000099999999997 0.01488815971824821935 0.00000000099999999997 0.00000000099999999997
76 76 (0) 10 : 0.00000000099999999968 0.00000000099999999968 0.00000000099999999968 0.00000000099999999968 0.00000000099999999968 0.99999999200000000421 0.00000000099999999968 0.00000000099999999968 0.00000000099999999968
1 1 (0) 1 : 0.00000000099999999999 0.00221815511661656436 0.17727276505569780629 0.00000000099999999999 0.00000000099999999999 0.12115426638671390747 0.00000726601356139606 0.34241086661241054712 0.35693667781499982539
2 2 (0) 1 : 0.00000000099999999987 0.00000000099999999987 0.00000000099999999987 0.00000000099999999987 0.00000000099999999987 0.00000000099999999987 0.00000000099999999987 0.00000000099999999987 0.99999999200000000421
3 3 (0) 1 : 0.19901941487422888932 0.22863603450370648118 0.08159042695928006572 0.04065420644273442380 0.03031258896271086384 0.00000000099999999997 0.00000000099999999997 0.24898631175364868695 0.17080101450369061800
4 4 (0) 1 : 0.33234594095250474810 0.30748894219904021607 0.00000000099999999999 0.03255759563406051410 0.10906355467191536368 0.03724450210419677498 0.00000000099999999999 0.18129946143828229443 0.00000000099999999999
5 5 (0) 1 : 0.55461439099439258094 0.00000000099999999999 0.24820522527556920789 0.00000000099999999999 0.12725274630369476370 0.06992763242634351950 0.00000000099999999999 0.00000000099999999999 0.00000000099999999999
6 6 (0) 1 : 0.09207151896040620398 0.35450236536794660358 0.00000000099999999999 0.02060425465200252729 0.00000000099999999999 0.03561516546535833938 0.00000000099999999999 0.26084056384148557317 0.23636612871280077153
7 7 (0) 1 : 0.99999999200000011523 0.00000000099999999986 0.00000000099999999986 0.00000000099999999986 0.00000000099999999986 0.00000000099999999986 0.00000000099999999986 0.00000000099999999986 0.00000000099999999986
8 8 (0) 2 : 0.13459844210229834904 0.29132052019241072571 0.07802464872296317744 0.00000000099999999999 0.05953034026897313646 0.00000000099999999999 0.26581403819485621698 0.00000000099999999999 0.17071200751849854860
9 9 (0) 2 : 0.00000000099999999981 0.00000000099999999981 0.00000000099999999981 0.00000000099999999981 0.00000000099999999981 0.00000000099999999981 0.99999999199999989319 0.00000000099999999981 0.00000000099999999981
10 10 (0) 2 : 0.00000000099999999973 0.00000000099999999973 0.00000000099999999973 0.00000000099999999973 0.00000000099999999973 0.00000000099999999973 0.99999999200000000421 0.00000000099999999973 0.00000000099999999973
11 11 (0) 2 : 0.00000000099999999992 0.00000000099999999992 0.00000000099999999992 0.00000000099999999992 0.00000000099999999992 0.11920244090180553975 0.88079755209819443618 0.00000000099999999992 0.00000000099999999992
12 12 (0) 2 : 0.99999999200000022626 0.00000000099999999986 0.00000000099999999986 0.00000000099999999986 0.00000000099999999986 0.00000000099999999986 0.00000000099999999986 0.00000000099999999986 0.00000000099999999986
13 13 (0) 2 : 0.00000000099999999992 0.75161851039981364409 0.00000000099999999992 0.00000000099999999992 0.00000000099999999992 0.00000000099999999992 0.00000000099999999992 0.00000000099999999992 0.24838148260018658164
14 14 (0) 3 : 0.59075467155006544662 0.40924532144993464033 0.00000000099999999995 0.00000000099999999995 0.00000000099999999995 0.00000000099999999995 0.00000000099999999995 0.00000000099999999995 0.00000000099999999995
15 15 (0) 3 : 0.34485412307664159437 0.00000000100000000000 0.07179648888268770623 0.00957630775727582456 0.00000000100000000000 0.02246373127751042503 0.00000000100000000000 0.28250598820959188506 0.26880335779629233040
16 16 (0) 3 : 0.00000000099999999978 0.00000000099999999978 0.00000000099999999978 0.00000000099999999978 0.00000000099999999978 0.00000000099999999978 0.00000000099999999978 0.99999999200000000421 0.00000000099999999978
17 17 (0) 3 : 0.00000000099999999981 0.99999999200000022626 0.00000000099999999981 0.00000000099999999981 0.00000000099999999981 0.00000000099999999981 0.00000000099999999981 0.00000000099999999981 0.00000000099999999981
18 18 (0) 4 : 0.17862876372288144511 0.45352516343007159838 0.00000000099999999999 0.02381110825771291448 0.00000000099999999999 0.00655730018411835019 0.00000000099999999999 0.08774694878999364511 0.24973071261522211683
19 19 (0) 4 : 0.00000000099999999984 0.00000000099999999984 0.00000000099999999984 0.00000000099999999984 0.00000000099999999984 0.00000000099999999984 0.00000000099999999984 0.99999999199999989319 0.00000000099999999984
20 20 (0) 4 : 0.99999999200000011523 0.00000000099999999983 0.00000000099999999983 0.00000000099999999983 0.00000000099999999983 0.00000000099999999983 0.00000000099999999983 0.00000000099999999983 0.00000000099999999983
21 21 (0) 4 : 0.00000000099999999986 0.00000000099999999986 0.00000000099999999986 0.00000000099999999986 0.00000000099999999986 0.00000000099999999986 0.00000000099999999986 0.00000000099999999986 0.99999999200000000421
22 22 (0) 4 : 0.00000000889383617366 0.00000000099999999999 0.20570951274777637963 0.00000008301026494047 0.07770416758290631110 0.00000000099999999999 0.00000000099999999999 0.35057612964991557991 0.36601009511530058216
23 23 (0) 4 : 0.00000580559499087654 0.00000000099999999998 0.00000000099999999998 0.01920908420849234272 0.00000000099999999998 0.00000000099999999998 0.33357760649704382150 0.25009890615569724259 0.39710859354377570085
24 24 (0) 4 : 0.36145655216601979554 0.48716016595766303832 0.00000000099999999996 0.00000000099999999996 0.00000000099999999996 0.00000000099999999996 0.15138327587631739135 0.00000000099999999996 0.00000000099999999996
25 25 (0) 4 : 0.99999999200000011523 0.00000000099999999985 0.00000000099999999985 0.00000000099999999985 0.00000000099999999985 0.00000000099999999985 0.00000000099999999985 0.00000000099999999985 0.00000000099999999985
26 26 (0) 4 : 0.00000000099999999988 0.00000000099999999988 0.00000000099999999988 0.00000000099999999988 0.00000000099999999988 0.00000000099999999988 0.99999999200000000421 0.00000000099999999988 0.00000000099999999988
27 27 (0) 4 : 0.00767639267664967529 0.32013781159993609515 0.00000000099999999999 0.00436095289923175890 0.00947460575209921503 0.00000000099999999999 0.16582871653774000631 0.16370767974972447178 0.32881383878461856174
28 28 (0) 4 : 0.00000000099999999981 0.00000000099999999981 0.00000000099999999981 0.00000000099999999981 0.99999999200000011523 0.00000000099999999981 0.00000000099999999981 0.00000000099999999981 0.00000000099999999981
29 29 (0) 4 : 0.00000000099999999991 0.99999999200000022626 0.00000000099999999991 0.00000000099999999991 0.00000000099999999991 0.00000000099999999991 0.00000000099999999991 0.00000000099999999991 0.00000000099999999991
30 30 (0) 4 : 0.17602587250946488684 0.15657752610331102106 0.03008175549623706702 0.02705053179277067468 0.07241712048979533078 0.00000000099999999999 0.17144795795008538342 0.36639923365833559910 0.00000000099999999999
31 31 (0) 4 : 0.00000000099999999977 0.00000000099999999977 0.00000000099999999977 0.00000000099999999977 0.00000000099999999977 0.00000000099999999977 0.00000000099999999977 0.99999999199999989319 0.00000000099999999977
32 32 (0) 4 : 0.00000000099999999984 0.00000000099999999984 0.00000000099999999984 0.00000000099999999984 0.00000000099999999984 0.00000000099999999984 0.99999999199999989319 0.00000000099999999984 0.00000000099999999984
33 33 (0) 4 : 0.00000305812869419101 0.34805990813971182662 0.00000000099999999997 0.04481589987896819616 0.10773051599418320690 0.00000000099999999997 0.49939061385844263352 0.00000000099999999997 0.00000000099999999997
34 34 (0) 5 : 0.24077603863349225644 0.43717029143766705790 0.10288115957213060658 0.00000000099999999999 0.00000000099999999999 0.00969619587659085146 0.10267394876439625562 0.05425749078156762162 0.05254487293415543991
35 35 (0) 6 : 0.00000000099999999991 0.00000000099999999991 0.00000000099999999991 0.00000000099999999991 0.00000000099999999991 0.00000000099999999991 0.00000000099999999991 0.00000000099999999991 0.99999999200000000421
36 36 (0) 6 : 0.00000000099999999985 0.00000000099999999985 0.00000000099999999985 0.00000000099999999985 0.00000000099999999985 0.00000000099999999985 0.00000000099999999985 0.00000000099999999985 0.99999999200000000421
37 37 (0) 6 : 0.00000000099999999959 0.00000000099999999959 0.00000000099999999959 0.00000000099999999959 0.99999999200000011523 0.00000000099999999959 0.00000000099999999959 0.00000000099999999959 0.00000000099999999959
38 38 (0) 6 : 0.00000000099999999975 0.00000000099999999975 0.99999999200000011523 0.00000000099999999975 0.00000000099999999975 0.00000000099999999975 0.00000000099999999975 0.00000000099999999975 0.00000000099999999975
39 39 (0) 6 : 0.00000000099999999988 0.00000000099999999988 0.00000000099999999988 0.00000000099999999988 0.00000000099999999988 0.00000000099999999988 0.00000000099999999988 0.00000000099999999988 0.99999999199999989319
40 40 (0) 6 : 0.00000000099999999984 0.99999999200000022626 0.00000000099999999984 0.00000000099999999984 0.00000000099999999984 0.00000000099999999984 0.00000000099999999984 0.00000000099999999984 0.00000000099999999984
41 41 (0) 6 : 0.00000000099999999978 0.00000000099999999978 0.00000000099999999978 0.00000000099999999978 0.00000000099999999978 0.99999999200000000421 0.00000000099999999978 0.00000000099999999978 0.00000000099999999978
42 42 (0) 6 : 0.22718371821047622650 0.30831914563348516989 0.08815228661533247578 0.00000000099999999999 0.03394571501635379462 0.01032214676391364494 0.10993617883614704989 0.22214080692429163943 0.00000000099999999999
43 43 (0) 6 : 0.00000000099999999983 0.00000000099999999983 0.00000000099999999983 0.00000000099999999983 0.00000000099999999983 0.00000000099999999983 0.00000000099999999983 0.99999999200000000421 0.00000000099999999983
44 44 (0) 6 : 0.34791632283194157127 0.13013697153268627416 0.16530916581745200289 0.00000000100000000000 0.06946121910102694141 0.02787941256938205811 0.00000000597008769464 0.12817079683161580750 0.13112610434580776464
45 45 (0) 6 : 0.26409561182648921829 0.17292492603102882498 0.00000000099999999999 0.02659020535290319842 0.02340713927369623276 0.00000000099999999999 0.00000000099999999999 0.22168749336591325738 0.29129462114996929056
46 46 (0) 6 : 0.00000000099999999891 0.00000000099999999891 0.00000000099999999891 0.99999999199999989319 0.00000000099999999891 0.00000000099999999891 0.00000000099999999891 0.00000000099999999891 0.00000000099999999891
47 47 (0) 6 : 0.00000000099999999982 0.00000000099999999982 0.00000000099999999982 0.00000000099999999982 0.00000000099999999982 0.00000000099999999982 0.00000000099999999982 0.00000000099999999982 0.99999999200000000421
48 48 (0) 6 : 0.00000000099999999999 0.13026084551122971145 0.11310468724674130336 0.02578889899896001647 0.12562205107929697023 0.00000000099999999999 0.15722023679590907408 0.15792664664115743656 0.29007663172670550278
49 49 (0) 6 : 0.00000000099999999817 0.00000000099999999817 0.00000000099999999817 0.00000000099999999817 0.00000000099999999817 0.99999999200000000421 0.00000000099999999817 0.00000000099999999817 0.00000000099999999817
50 50 (0) 6 : 0.00000000099999999998 0.37453601172711570300 0.25174354719746994125 0.00000000099999999998 0.13321369827816953446 0.00000000099999999998 0.08614680457920366463 0.00000000099999999998 0.15435993421804117265
51 51 (0) 6 : 0.33032732686994448201 0.00000002458979379706 0.13974800224522471170 0.00841485302596455334 0.06614540193038800919 0.05791326394528938104 0.18169810892253576706 0.00000001477668406011 0.21575300369417521607
52 52 (0) 6 : 0.00000000099999999934 0.00000000099999999934 0.00000000099999999934 0.99999999200000000421 0.00000000099999999934 0.00000000099999999934 0.00000000099999999934 0.00000000099999999934 0.00000000099999999934
53 53 (0) 6 : 0.00000000099999999973 0.00000000099999999973 0.00000000099999999973 0.00000000099999999973 0.99999999200000000421 0.00000000099999999973 0.00000000099999999973 0.00000000099999999973 0.00000000099999999973
54 54 (0) 6 : 0.00000000099999999994 0.70970418248381261783 0.29029580502394553010 0.00000000649224187809 0.00000000099999999994 0.00000000099999999994 0.00000000099999999994 0.00000000099999999994 0.00000000099999999994
55 55 (0) 6 : 0.00000000099999999998 0.00000000099999999998 0.30761139584890967447 0.01509082601954519695 0.14008226065104389946 0.00000000099999999998 0.18678402950580708097 0.35043148397469398025 0.00000000099999999998
56 56 (0) 6 : 0.13922586457267469018 0.25296637523735515662 0.21056602168895965921 0.00213576372881446120 0.08621139346555330152 0.02330747050298611137 0.00000000100000000000 0.09851633085816409452 0.18707077894549253849
57 57 (0) 6 : 0.00000000099999999983 0.99999999200000022626 0.00000000099999999983 0.00000000099999999983 0.00000000099999999983 0.00000000099999999983 0.00000000099999999983 0.00000000099999999983 0.00000000099999999983
58 58 (0) 7 : 0.00000000099999999973 0.00000000099999999973 0.99999999200000011523 0.00000000099999999973 0.00000000099999999973 0.00000000099999999973 0.00000000099999999973 0.00000000099999999973 0.00000000099999999973
59 59 (0) 7 : 0.00000000099999999981 0.00000000099999999981 0.00000000099999999981 0.00000000099999999981 0.00000000099999999981 0.00000000099999999981 0.00000000099999999981 0.99999999200000000421 0.00000000099999999981
60 60 (0) 7 : 0.99999999200000022626 0.00000000099999999984 0.00000000099999999984 0.00000000099999999984 0.00000000099999999984 0.00000000099999999984 0.00000000099999999984 0.00000000099999999984 0.00000000099999999984
61 61 (0) 7 : 0.00000000099999999995 0.60237253991808104026 0.00000000099999999995 0.00000000099999999995 0.00000000099999999995 0.00000000099999999995 0.39762745308191915772 0.00000000099999999995 0.00000000099999999995
62 62 (0) 7 : 0.00000000099999999957 0.00000000099999999957 0.00000000099999999957 0.00000000099999999957 0.99999999200000011523 0.00000000099999999957 0.00000000099999999957 0.00000000099999999957 0.00000000099999999957
63 63 (0) 7 : 0.00000000099999999997 0.00000000099999999997 0.20363320025244613376 0.00000000099999999997 0.00000000099999999997 0.00000000099999999997 0.35267740257580437735 0.44368939117174960307 0.00000000099999999997
64 64 (0) 8 : 0.00000000099999999989 0.00000000099999999989 0.00000000099999999989 0.00000000099999999989 0.00000000099999999989 0.00000000099999999989 0.00000000099999999989 0.00000000099999999989 0.99999999199999989319
65 65 (0) 8 : 0.99999999200000022626 0.00000000099999999985 0.00000000099999999985 0.00000000099999999985 0.00000000099999999985 0.00000000099999999985 0.00000000099999999985 0.00000000099999999985 0.00000000099999999985
66 66 (0) 9 : 0.15015305709149812108 0.00000000099999999998 0.14057760184309500695 0.00000176251821112662 0.00001309637377316889 0.00000000099999999998 0.24774202656102031761 0.24316043754629285134 0.21835201606610921132
67 67 (0) 10 : 0.00000000099999999998 0.00000000099999999998 0.20634774930283850125 0.00000000099999999998 0.06646707544672984802 0.00281442093031946620 0.00000000099999999998 0.52913770052468467320 0.19523304979542752124
68 68 (0) 10 : 0.28859847758774503923 0.00000000099999999999 0.01174438777116476595 0.01346618900071183157 0.00000000099999999999 0.00000000099999999999 0.15011088777093065105 0.30277321007688451360 0.23330684479256319497
69 69 (0) 10 : 0.00000000099999999997 0.41523804343208170486 0.36595726150882501582 0.04957011815225347007 0.16923457190683990903 0.00000000099999999997 0.00000000099999999997 0.00000000099999999997 0.00000000099999999997
70 70 (0) 10 : 0.16345711492491207806 0.00000000099999999998 0.21647507090929013485 0.00000000099999999998 0.13568117178913310927 0.00000000099999999998 0.20557891785320669964 0.00000000099999999998 0.27880772052345803580
71 71 (0) 10 : 0.00000000099999999995 0.41615588534345449023 0.00000000099999999995 0.00000000099999999995 0.00000000099999999995 0.00000000099999999995 0.58384410765654537467 0.00000000099999999995 0.00000000099999999995
72 72 (0) 10 : 0.00000000099999999997 0.00000000099999999997 0.00000000099999999997 0.00000000099999999997 0.00000000099999999997 0.00000000099999999997 0.35644711662843359123 0.23289313473926043230 0.41065974263230586860
73 73 (0) 10 : 0.00000000099999999998 0.70206294524627255171 0.29793704775372770177 0.00000000099999999998 0.00000000099999999998 0.00000000099999999998 0.00000000099999999998 0.00000000099999999998 0.00000000099999999998
74 74 (0) 10 : 0.00000000099999999969 0.00000000099999999969 0.99999999200000000421 0.00000000099999999969 0.00000000099999999969 0.00000000099999999969 0.00000000099999999969 0.00000000099999999969 0.00000000099999999969
75 75 (0) 10 : 0.00000000099999999999 0.25766377498340792274 0.10543225923557869583 0.01534585269458674586 0.08103891584597537612 0.00000000099999999999 0.28365148023085268170 0.25685047123315668527 0.00001724377644190684
76 76 (0) 10 : 0.00000000099999999973 0.00000000099999999973 0.99999999200000011523 0.00000000099999999973 0.00000000099999999973 0.00000000099999999973 0.00000000099999999973 0.00000000099999999973 0.00000000099999999973
1 1 (0) 1 : 0.39019846966510118857 0.19950450354357068816 0.00109964084352566450 0.12618970473345592076 0.06284928486557098126 0.05759752086174007440 0.16256087348703565643 0.00000000100000000000 0.00000000100000000000
2 2 (0) 1 : 0.00000000099999999996 0.88036963378553412252 0.11962502437741387440 0.00000000099999999996 0.00000000099999999996 0.00000000099999999996 0.00000000099999999996 0.00000533583705209992 0.00000000099999999996
3 3 (0) 1 : 0.27500642417420334551 0.00001055276186993896 0.00000000099999999997 0.00000000099999999997 0.08774462722388387537 0.00000023851965845405 0.35374919732812998285 0.03143472559831931440 0.25205423239393487389
4 4 (0) 1 : 0.00000000099999999991 0.00000000099999999991 0.00000000099999999991 0.00000000099999999991 0.00000000099999999991 0.00000000099999999991 0.00000000099999999991 0.00000000099999999991 0.99999999200000000421
5 5 (0) 1 : 0.00000000099999999989 0.00000000099999999989 0.00000000099999999989 0.00000000099999999989 0.00000000099999999989 0.00000000099999999989 0.00000000099999999989 0.00000000099999999989 0.99999999200000000421
6 6 (0) 1 : 0.29740091366250537286 0.15248601644327205995 0.00000000099999999999 0.03675996969072984483 0.03155543442402538451 0.09158051907080820564 0.00000000099999999999 0.01971331966802169003 0.37050382504063739120
7 7 (0) 1 : 0.00000000099999999996 0.39261408981573603372 0.00000000099999999996 0.00000000099999999996 0.00000000099999999996 0.00000000099999999996 0.00000000099999999996 0.00000000099999999996 0.60738590318426377568
8 8 (0) 2 : 0.00036634574311705548 0.25321022813999255474 0.05676518056914875432 0.00000000099999999998 0.00001028466088494755 0.34810494805345559843 0.00000000099999999998 0.00000000099999999998 0.34154300983340118991
9 9 (0) 2 : 0.00000000099999999990 0.99999999200000011523 0.00000000099999999990 0.00000000099999999990 0.00000000099999999990 0.00000000099999999990 0.00000000099999999990 0.00000000099999999990 0.00000000099999999990
10 10 (0) 2 : 0.00000000099999999983 0.99999999200000022626 0.00000000099999999983 0.00000000099999999983 0.00000000099999999983 0.00000000099999999983 0.00000000099999999983 0.00000000099999999983 0.00000000099999999983
11 11 (0) 2 : 0.00000000099999999995 0.85450103256586162903 0.00000000099999999995 0.14549896043413854119 0.00000000099999999995 0.00000000099999999995 0.00000000099999999995 0.00000000099999999995 0.00000000099999999995
12 12 (0) 2 : 0.00000000099999999992 0.99999999200000011523 0.00000000099999999992 0.00000000099999999992 0.00000000099999999992 0.00000000099999999992 0.00000000099999999992 0.00000000099999999992 0.00000000099999999992
13 13 (0) 2 : 0.00000000099999999975 0.00000000099999999975 0.00000000099999999975 0.00000000099999999975 0.99999999200000011523 0.00000000099999999975 0.00000000099999999975 0.00000000099999999975 0.00000000099999999975
14 14 (0) 3 : 0.00000000099999999992 0.99999999200000022626 0.00000000099999999992 0.00000000099999999992 0.00000000099999999992 0.00000000099999999992 0.00000000099999999992 0.00000000099999999992 0.00000000099999999992
15 15 (0) 3 : 0.00000000099999999991 0.99999999200000011523 0.00000000099999999991 0.00000000099999999991 0.00000000099999999991 0.00000000099999999991 0.00000000099999999991 0.00000000099999999991 0.00000000099999999991
16 16 (0) 3 : 0.99999999200000022626 0.00000000099999999980 0.00000000099999999980 0.00000000099999999980 0.00000000099999999980 0.00000000099999999980 0.00000000099999999980 0.00000000099999999980 0.00000000099999999980
17 17 (0) 3 : 0.00000000099999999998 0.00000000099999999998 0.00000000099999999998 0.00000000099999999998 0.17470198540915846119 0.39535274425385036334 0.37678441516529820321 0.05316085017169312754 0.00000000099999999998
18 18 (0) 4 : 0.22827114890996502705 0.07526919098309467482 0.06271407965784871197 0.00000000100000000000 0.00478308830881440071 0.00000000100000000000 0.29545871304144938341 0.02232907426261530187 0.31117470283621245786
19 19 (0) 4 : 0.00000000099999999987 0.00000000099999999987 0.00000000099999999987 0.00000000099999999987 0.00000000099999999987 0.99999999200000000421 0.00000000099999999987 0.00000000099999999987 0.00000000099999999987
20 20 (0) 4 : 0.00000000099999999985 0.00000000099999999985 0.00000000099999999985 0.00000000099999999985 0.00000000099999999985 0.00000000099999999985 0.00000000099999999985 0.00000000099999999985 0.99999999200000000421
21 21 (0) 4 : 0.00000000099999999988 0.00000000099999999988 0.00000000099999999988 0.00000000099999999988 0.00000000099999999988 0.00000000099999999988 0.99999999200000000421 0.00000000099999999988 0.00000000099999999988
22 22 (0) 4 : 0.20397921363595830635 0.00000000099999999999 0.00000000099999999999 0.00000000099999999999 0.12231255546172507820 0.31857781938793411358 0.18241174161711598556 0.01455268062595291290 0.15816598627131370214
23 23 (0) 4 : 0.00000000099999999982 0.00000000099999999982 0.00000000099999999982 0.00000000099999999982 0.00000000099999999982 0.00000000099999999982 0.99999999200000000421 0.00000000099999999982 0.00000000099999999982
24 24 (0) 4 : 0.06824945456243397546 0.00000000099999999997 0.00000000099999999997 0.00000000099999999997 0.00073230720320018896 0.34871474449074696400 0.26834072132205366579 0.00000000099999999997 0.31396276842156534137
25 25 (0) 4 : 0.00000000099999999988 0.00000000099999999988 0.00000000099999999988 0.00000000099999999988 0.00000000099999999988 0.00000000099999999988 0.00000000099999999988 0.00000000099999999988 0.99999999200000000421
26 26 (0) 4 : 0.00000000099999999999 0.00000000099999999999 0.03379768765528121804 0.03786134865771360880 0.00000000099999999999 0.37170857057905609677 0.33032270607413427577 0.00000000099999999999 0.22630968303381487905
27 27 (0) 4 : 0.33535896348475480178 0.00000000099999999998 0.00000000099999999998 0.00000000099999999998 0.00000000099999999998 0.00000033969560530040 0.34264390695574609147 0.00000000099999999998 0.32199678486389371468
28 28 (0) 4 : 0.00000000099999999998 0.00000000099999999998 0.11345418920851789435 0.00000000099999999998 0.00000000099999999998 0.00000000099999999998 0.81823629543816289722 0.06830950935331929486 0.00000000099999999998
29 29 (0) 4 : 0.00000000099999999991 0.00000000099999999991 0.00000000099999999991 0.00000000099999999991 0.00000000099999999991 0.00000000099999999991 0.00000000099999999991 0.00000000099999999991 0.99999999199999989319
30 30 (0) 4 : 0.23863906339662249723 0.10702158504005708506 0.00000008411262973732 0.00000000099999999999 0.00000000634755441431 0.29430213879992389581 0.00000000099999999999 0.02579874217967825789 0.33423837812353407450
31 31 (0) 4 : 0.99999999200000011523 0.00000000099999999979 0.00000000099999999979 0.00000000099999999979 0.00000000099999999979 0.00000000099999999979 0.00000000099999999979 0.00000000099999999979 0.00000000099999999979
32 32 (0) 4 : 0.00000000099999999983 0.00000000099999999983 0.00000000099999999983 0.00000000099999999983 0.00000000099999999983 0.99999999200000011523 0.00000000099999999983 0.00000000099999999983 0.00000000099999999983
33 33 (0) 4 : 0.00000000099999999996 0.61106851580616672326 0.00000000099999999996 0.00000000099999999996 0.00000000099999999996 0.33934179066957903537 0.00000000099999999996 0.04958968752425432086 0.00000000099999999996
34 34 (0) 5 : 0.14066893832504195894 0.22629958004803835125 0.01063604540893837991 0.01548093871584547108 0.06881627452569757941 0.29583640182405929187 0.00000000099999999999 0.00000000099999999999 0.24226181915237901543
35 35 (0) 6 : 0.34602577450119209601 0.54355547054772224147 0.09002092701139172148 0.02039782293969414836 0.00000000099999999999 0.00000000099999999999 0.00000000099999999999 0.00000000099999999999 0.00000000099999999999
36 36 (0) 6 : 0.00000000099999999985 0.00000000099999999985 0.00000000099999999985 0.00000000099999999985 0.00000000099999999985 0.00000000099999999985 0.99999999200000000421 0.00000000099999999985 0.00000000099999999985
37 37 (0) 6 : 0.00000000099999999929 0.00000000099999999929 0.99999999200000011523 0.00000000099999999929 0.00000000099999999929 0.00000000099999999929 0.00000000099999999929 0.00000000099999999929 0.00000000099999999929
38 38 (0) 6 : 0.00000000099999999985 0.99999999200000022626 0.00000000099999999985 0.00000000099999999985 0.00000000099999999985 0.00000000099999999985 0.00000000099999999985 0.00000000099999999985 0.00000000099999999985
39 39 (0) 6 : 0.00000000099999999998 0.00000000099999999998 0.00072344415962422351 0.00000000099999999998 0.17907010744766846400 0.51556201582321836696 0.00000000099999999998 0.00000000099999999998 0.30464442756948906244
40 40 (0) 6 : 0.00000000099999999999 0.28275111281670473051 0.04184371465433178727 0.02774325216545430253 0.00022074717511010440 0.27242933885758574553 0.37501183133081322785 0.00000000099999999999 0.00000000099999999999
41 41 (0) 6 : 0.00000000099999999978 0.00000000099999999978 0.00000000099999999978 0.99999999200000011523 0.00000000099999999978 0.00000000099999999978 0.00000000099999999978 0.00000000099999999978 0.00000000099999999978
42 42 (0) 6 : 0.11255153443640636413 0.28744722446971276986 0.02486369733051391195 0.01472112784905615576 0.05234392835382351006 0.15531909128633461514 0.14124769065801351386 0.00000000099999999999 0.21150570461613926732
43 43 (0) 6 : 0.99999999200000011523 0.00000000099999999982 0.00000000099999999982 0.00000000099999999982 0.00000000099999999982 0.00000000099999999982 0.00000000099999999982 0.00000000099999999982 0.00000000099999999982
44 44 (0) 6 : 0.14981568337281789272 0.04222453211379556537 0.00000000100000000000 0.02848160377602061699 0.00019767400432228489 0.18900923861708252005 0.16999422723977283822 0.00000040665011594970 0.42027663322607228258
45 45 (0) 6 : 0.00000000099999999997 0.00000000099999999997 0.00000000099999999997 0.00000000099999999997 0.00000000099999999997 0.00000000099999999997 0.51464201286974142757 0.02415456247548193602 0.46120341865477659793
46 46 (0) 6 : 0.00000000099999999891 0.00000000099999999891 0.00000000099999999891 0.00000000099999999891 0.00000000099999999891 0.00000000099999999891 0.00000000099999999891 0.99999999199999989319 0.00000000099999999891
47 47 (0) 6 : 0.99999999200000022626 0.00000000099999999984 0.00000000099999999984 0.00000000099999999984 0.00000000099999999984 0.00000000099999999984 0.00000000099999999984 0.00000000099999999984 0.00000000099999999984
48 48 (0) 6 : 0.10807606149593562694 0.00000000099999999999 0.03534931915269165503 0.00000000099999999999 0.00000000099999999999 0.35433764145741603047 0.30980274576998972913 0.02894942380354561043 0.16348480532042150570
49 49 (0) 6 : 0.00000000099999999817 0.00000000099999999817 0.00000000099999999817 0.99999999199999989319 0.00000000099999999817 0.00000000099999999817 0.00000000099999999817 0.00000000099999999817 0.00000000099999999817
50 50 (0) 6 : 0.99999999200000011523 0.00000000099999999987 0.00000000099999999987 0.00000000099999999987 0.00000000099999999987 0.00000000099999999987 0.00000000099999999987 0.00000000099999999987 0.00000000099999999987
51 51 (0) 6 : 0.06130811917425190577 0.22822432433100170446 0.02181489070927732088 0.05970072300633371548 0.00000499349994864429 0.21501342491017300107 0.00000000100000000000 0.00224914835894383675 0.41168437501006988066
52 52 (0) 6 : 0.00000000099999999934 0.00000000099999999934 0.00000000099999999934 0.00000000099999999934 0.00000000099999999934 0.00000000099999999934 0.00000000099999999934 0.99999999200000000421 0.00000000099999999934
53 53 (0) 6 : 0.00000000099999999980 0.00000000099999999980 0.00000000099999999980 0.00000000099999999980 0.00000000099999999980 0.99999999200000000421 0.00000000099999999980 0.00000000099999999980 0.00000000099999999980
54 54 (0) 6 : 0.00000000099999999991 0.00000000099999999991 0.00000000099999999991 0.00000000099999999991 0.23205485654966540032 0.76794513645033468663 0.00000000099999999991 0.00000000099999999991 0.00000000099999999991
55 55 (0) 6 : 0.00000000099999999984 0.00000000099999999984 0.00000000099999999984 0.00000000099999999984 0.00000000099999999984 0.00000000099999999984 0.99999999200000000421 0.00000000099999999984 0.00000000099999999984
56 56 (0) 6 : 0.00000001896963795412 0.19293907201680490782 0.01423112001945752228 0.02482255810207293148 0.13815241392619781458 0.15937105440635890297 0.31196434351303681254 0.00336903442389680473 0.15515038462253646911
57 57 (0) 6 : 0.00000000099999999992 0.00000000099999999992 0.00000000099999999992 0.00000000099999999992 0.00000000099999999992 0.26802587985556941552 0.00000000099999999992 0.00000000099999999992 0.73197411314443050490
58 58 (0) 7 : 0.00000000099999999971 0.00000000099999999971 0.00000000099999999971 0.00000000099999999971 0.99999999200000000421 0.00000000099999999971 0.00000000099999999971 0.00000000099999999971 0.00000000099999999971
59 59 (0) 7 : 0.00000000099999999986 0.00000000099999999986 0.00000000099999999986 0.00000000099999999986 0.00000000099999999986 0.00000000099999999986 0.99999999200000000421 0.00000000099999999986 0.00000000099999999986
60 60 (0) 7 : 0.00000000099999999987 0.00000000099999999987 0.00000000099999999987 0.00000000099999999987 0.00000000099999999987 0.00000000099999999987 0.00000000099999999987 0.00000000099999999987 0.99999999200000000421
61 61 (0) 7 : 0.00000000099999999998 0.34314813325495541196 0.04465132885617746628 0.00000000099999999998 0.16851334403447881805 0.00000000099999999998 0.00000000099999999998 0.00000000099999999998 0.44368718885438851451
62 62 (0) 7 : 0.00000000099999999923 0.00000000099999999923 0.99999999200000011523 0.00000000099999999923 0.00000000099999999923 0.00000000099999999923 0.00000000099999999923 0.00000000099999999923 0.00000000099999999923
63 63 (0) 7 : 0.32089688073216099395 0.29047968662957968089 0.00000000099999999998 0.01884641209859155495 0.16713827882107812339 0.20263867145561223482 0.00000000099999999998 0.00000000099999999998 0.00000006726297745936
64 64 (0) 8 : 0.28455388428819894386 0.27809722201964931498 0.04916454647581693094 0.00000455520048115516 0.00000000099999999999 0.35753365702544320781 0.00000000099999999999 0.03064613199041061123 0.00000000099999999999
65 65 (0) 8 : 0.00000000099999999987 0.00000000099999999987 0.00000000099999999987 0.00000000099999999987 0.00000000099999999987 0.00000000099999999987 0.99999999199999989319 0.00000000099999999987 0.00000000099999999987
66 66 (0) 9 : 0.16274589699055286296 0.22417501885460860978 0.01678854190245289424 0.00000000099999999998 0.11061886277703257553 0.27031690917435202692 0.21535476689250693250 0.00000000140849407685 0.00000000099999999998
67 67 (0) 10 : 0.99999999200000011523 0.00000000099999999984 0.00000000099999999984 0.00000000099999999984 0.00000000099999999984 0.00000000099999999984 0.00000000099999999984 0.00000000099999999984 0.00000000099999999984
68 68 (0) 10 : 0.29426183600341954127 0.00009664291440324471 0.00000000099999999997 0.00000000099999999997 0.00000000099999999997 0.00000000099999999997 0.22281859131757336678 0.00000000099999999997 0.48282292476460375585
69 69 (0) 10 : 0.00000000099999999995 0.00000000099999999995 0.00000000445032425208 0.00000000099999999995 0.35157800401629951681 0.58778082073022852594 0.00000000099999999995 0.06064116580314767718 0.00000000099999999995
70 70 (0) 10 : 0.06843006266906692669 0.16107988135751971637 0.02107699444327178206 0.00000000099999999999 0.14831157782283299618 0.30603284655254214819 0.15428121757583329599 0.01879382502184419323 0.12199359355708902508
71 71 (0) 10 : 0.00000000099999999996 0.33477875349354352386 0.00000000099999999996 0.00000000099999999996 0.00000000099999999996 0.66522123950645639656 0.00000000099999999996 0.00000000099999999996 0.00000000099999999996
72 72 (0) 10 : 0.00000000099999999985 0.00000000099999999985 0.00000000099999999985 0.00000000099999999985 0.00000000099999999985 0.99999999200000011523 0.00000000099999999985 0.00000000099999999985 0.00000000099999999985
73 73 (0) 10 : 0.14582324012236591582 0.28055583004359396782 0.00427857499192805558 0.01610487092297289632 0.09577208632070087491 0.26924727711413437570 0.00000014430628792129 0.00735435534515424885 0.18086362083286167124
74 74 (0) 10 : 0.00000000099999999965 0.00000000099999999965 0.00000000099999999965 0.00000000099999999965 0.99999999200000000421 0.00000000099999999965 0.00000000099999999965 0.00000000099999999965 0.00000000099999999965
75 75 (0) 10 : 0.29628034720601026386 0.00000000099999999997 0.00034858600483870448 0.00000000099999999997 0.13933860714789622626 0.56403111326561583549 0.00000000099999999997 0.00000134237563896518 0.00000000099999999997
76 76 (0) 10 : 0.00000000099999999968 0.00000000099999999968 0.00000000099999999968 0.00000000099999999968 0.99999999200000000421 0.00000000099999999968 0.00000000099999999968 0.00000000099999999968 0.00000000099999999968
1 1 (0) 1 : 0.00000000100000000000 0.21533240368457412517 0.12317059884705140738 0.23438332788853133426 0.00000000100000000000 0.11597370923740527027 0.07402622964418931195 0.12210163498606266264 0.11501209371218582000
2 2 (0) 1 : 0.00000000099999999998 0.47143720463062027681 0.00000000099999999998 0.26903575502332532920 0.01713533523406444992 0.00000000165662695057 0.00000000099999999998 0.24238334668159902674 0.00000835377376381616
3 3 (0) 1 : 0.00000000099999999997 0.32861882073319842457 0.00000000099999999997 0.00000000099999999997 0.02994084176104102116 0.00000000099999999997 0.00000000099999999997 0.29484072502497915558 0.34659960748078122439
4 4 (0) 1 : 0.39551320561947450605 0.00000000099999999998 0.05116405956651656761 0.00000000099999999998 0.03700228377554872633 0.00000000099999999998 0.00000000099999999998 0.00000000099999999998 0.51632044603846005693
5 5 (0) 1 : 0.29995869295516658370 0.00000000099999999999 0.05828664235834875307 0.31382882748718882171 0.00000062971048387365 0.06710223920318784951 0.00000000099999999999 0.09402357661901608599 0.16679938966660806665
6 6 (0) 1 : 0.21133725708419717759 0.16730214295631276600 0.03588851570770888039 0.00000000100000000000 0.02580064904846483473 0.27916130751936824028 0.00000000100000000000 0.04467917305910280856 0.23583095262484535248
7 7 (0) 1 : 0.00000000099999999991 0.00000000099999999991 0.00000000099999999991 0.00000000099999999991 0.00000000099999999991 0.00000000099999999991 0.00000000099999999991 0.00000000099999999991 0.99999999199999989319
8 8 (0) 2 : 0.99999999200000011523 0.00000000099999999987 0.00000000099999999987 0.00000000099999999987 0.00000000099999999987 0.00000000099999999987 0.00000000099999999987 0.00000000099999999987 0.00000000099999999987
9 9 (0) 2 : 0.00000000099999999965 0.00000000099999999965 0.00000000099999999965 0.00000000099999999965 0.00000000099999999965 0.00000000099999999965 0.99999999200000000421 0.00000000099999999965 0.00000000099999999965
10 10 (0) 2 : 0.00000000099999999948 0.00000000099999999948 0.00000000099999999948 0.00000000099999999948 0.00000000099999999948 0.00000000099999999948 0.99999999199999989319 0.00000000099999999948 0.00000000099999999948
11 11 (0) 2 : 0.00000000099999999979 0.00000000099999999979 0.00000000099999999979 0.00000000099999999979 0.00000000099999999979 0.00000000099999999979 0.99999999200000000421 0.00000000099999999979 0.00000000099999999979
12 12 (0) 2 : 0.23837650463397194733 0.28449466047163790572 0.00000000099999999999 0.00000000099999999999 0.03452933910924275984 0.00000000099999999999 0.00000000099999999999 0.15655710558975613478 0.28604238619539135158
13 13 (0) 2 : 0.00000000099999999998 0.32008181475112318370 0.00000000099999999998 0.16952063131927605499 0.00000000099999999998 0.12739538081617535203 0.01180321256700025100 0.11786445766210233710 0.25333449988432266142
14 14 (0) 3 : 0.00000000099999999987 0.00000000099999999987 0.00000000099999999987 0.00000000099999999987 0.00000000099999999987 0.00000000099999999987 0.00000000099999999987 0.00000000099999999987 0.99999999200000000421
15 15 (0) 3 : 0.00000000099999999996 0.46422202082937880085 0.00000000099999999996 0.53577797217062128610 0.00000000099999999996 0.00000000099999999996 0.00000000099999999996 0.00000000099999999996 0.00000000099999999996
16 16 (0) 3 : 0.00000000099999999981 0.00000000099999999981 0.00000000099999999981 0.00000000099999999981 0.00000000099999999981 0.00000000099999999981 0.00000000099999999981 0.99999999200000000421 0.00000000099999999981
17 17 (0) 3 : 0.00000000099999999985 0.00000000099999999985 0.00000000099999999985 0.00000000099999999985 0.00000000099999999985 0.00000000099999999985 0.00000000099999999985 0.00000000099999999985 0.99999999199999989319
18 18 (0) 4 : 0.20052813345732270478 0.18245754527984964222 0.00493091442574110361 0.15525330125498792988 0.03334993316730397450 0.00000000100000000000 0.00000000100000000000 0.23002608278266239994 0.19345408763213226000
19 19 (0) 4 : 0.00000000099999999981 0.00000000099999999981 0.00000000099999999981 0.00000000099999999981 0.00000000099999999981 0.99999999200000000421 0.00000000099999999981 0.00000000099999999981 0.00000000099999999981
20 20 (0) 4 : 0.99999999200000011523 0.00000000099999999979 0.00000000099999999979 0.00000000099999999979 0.00000000099999999979 0.00000000099999999979 0.00000000099999999979 0.00000000099999999979 0.00000000099999999979
21 21 (0) 4 : 0.16198283356531734123 0.00000000099999999999 0.00000000099999999999 0.00000000099999999999 0.00554475489976208932 0.11775125412516262990 0.08310495396817189906 0.25014104831596351008 0.38147515212562255194
22 22 (0) 4 : 0.00000000099999999984 0.00000000099999999984 0.00000000099999999984 0.00000000099999999984 0.00000000099999999984 0.99999999200000011523 0.00000000099999999984 0.00000000099999999984 0.00000000099999999984
23 23 (0) 4 : 0.99999999200000022626 0.00000000099999999983 0.00000000099999999983 0.00000000099999999983 0.00000000099999999983 0.00000000099999999983 0.00000000099999999983 0.00000000099999999983 0.00000000099999999983
24 24 (0) 4 : 0.28062189705984730281 0.15527359184325134622 0.00000000099999999998 0.07009197729175337122 0.00000000099999999998 0.00000000099999999998 0.03706366030393597188 0.00078297402414528807 0.45616589647706667909
25 25 (0) 4 : 0.99999999200000022626 0.00000000099999999983 0.00000000099999999983 0.00000000099999999983 0.00000000099999999983 0.00000000099999999983 0.00000000099999999983 0.00000000099999999983 0.00000000099999999983
26 26 (0) 4 : 0.16441384383409993197 0.07363537297124085612 0.03197093275896224079 0.08937182076400944364 0.00000000100000000000 0.23022491478472897897 0.08160002056051214592 0.14736041891388015901 0.18142267441256618166
27 27 (0) 4 : 0.00000000099999999989 0.00000000099999999989 0.00000000099999999989 0.00000000099999999989 0.00000000099999999989 0.00000000099999999989 0.00000000099999999989 0.00000000099999999989 0.99999999200000000421
28 28 (0) 4 : 0.20842002720507218916 0.32436763541995550231 0.01221156213423801699 0.13939144800115138567 0.04068304304759833012 0.00000012590226573398 0.00000000375565418925 0.27492615353406463230 0.00000000100000000000
29 29 (0) 4 : 0.21756796903225539275 0.00182670834124405690 0.02501605831417408679 0.14357089837020586831 0.01430775100701264096 0.21514132117690082380 0.08201158195691617137 0.00000387078811459187 0.30055384101317633716
30 30 (0) 4 : 0.17423819592060060812 0.27817976893277834849 0.00000000099999999999 0.14072534715039952680 0.02792104998812962313 0.29462768765838026619 0.00000000099999999999 0.08430794734971151783 0.00000000099999999999
31 31 (0) 4 : 0.00000000099999999994 0.35855903638110947496 0.00000000099999999994 0.00000000099999999994 0.00000000099999999994 0.00000000099999999994 0.00000000099999999994 0.00000000099999999994 0.64144095661889033444
32 32 (0) 4 : 0.00000000099999999987 0.00000000099999999987 0.00000000099999999987 0.00000000099999999987 0.00000000099999999987 0.00000000099999999987 0.00000000099999999987 0.00000000099999999987 0.99999999199999989319
33 33 (0) 4 : 0.00000000099999999989 0.99999999200000022626 0.00000000099999999989 0.00000000099999999989 0.00000000099999999989 0.00000000099999999989 0.00000000099999999989 0.00000000099999999989 0.00000000099999999989
34 34 (0) 5 : 0.27349085193371230895 0.13678636600709290216 0.01200833451575993201 0.08012775203678407232 0.00000000099999999999 0.17489191608221568708 0.02727475693842186522 0.00000000202604537133 0.29542001945996776424
35 35 (0) 6 : 0.30949718864545755492 0.18276260356066645341 0.02479405957470343785 0.18337359385831270009 0.00000000100000000000 0.00000000100000000000 0.05065734363424136133 0.17177590190257291392 0.07713930682404569750
36 36 (0) 6 : 0.20092799505727407250 0.00000000099999999999 0.00000000099999999999 0.25650828469768999218 0.00062610332741482467 0.23032447800908456559 0.08071355478707978315 0.05552213566609815604 0.17537744645535857657
37 37 (0) 6 : 0.00000000099999999970 0.00000000099999999970 0.00000000099999999970 0.00000000099999999970 0.00000000099999999970 0.00000000099999999970 0.00000000099999999970 0.99999999200000000421 0.00000000099999999970
38 38 (0) 6 : 0.46627522940030641241 0.00000000099999999994 0.00000000099999999994 0.53372476359969356352 0.00000000099999999994 0.00000000099999999994 0.00000000099999999994 0.00000000099999999994 0.00000000099999999994
39 39 (0) 6 : 0.00000000099999999981 0.00000000099999999981 0.00000000099999999981 0.00000000099999999981 0.00000000099999999981 0.99999999200000011523 0.00000000099999999981 0.00000000099999999981 0.00000000099999999981
40 40 (0) 6 : 0.00000000099999999989 0.00000000099999999989 0.00000000099999999989 0.00000000099999999989 0.00000000099999999989 0.00000000099999999989 0.00000000099999999989 0.00000000099999999989 0.99999999200000000421
41 41 (0) 6 : 0.00000000099999999977 0.00000000099999999977 0.99999999200000000421 0.00000000099999999977 0.00000000099999999977 0.00000000099999999977 0.00000000099999999977 0.00000000099999999977 0.00000000099999999977
42 42 (0) 6 : 0.00000000099999999990 0.00000000099999999990 0.00000000099999999990 0.00000000099999999990 0.00000000099999999990 0.00000000099999999990 0.00000000099999999990 0.00000000099999999990 0.99999999199999989319
43 43 (0) 6 : 0.00000000099999999987 0.99999999200000022626 0.00000000099999999987 0.00000000099999999987 0.00000000099999999987 0.00000000099999999987 0.00000000099999999987 0.00000000099999999987 0.00000000099999999987
44 44 (0) 6 : 0.38999896002580186627 0.00000000099999999999 0.03535967741464757924 0.00000000099999999999 0.00000000099999999999 0.33632685754447816384 0.00000000099999999999 0.04575894612544920137 0.19255555488962303179
45 45 (0) 6 : 0.99999999200000011523 0.00000000099999999983 0.00000000099999999983 0.00000000099999999983 0.00000000099999999983 0.00000000099999999983 0.00000000099999999983 0.00000000099999999983 0.00000000099999999983
46 46 (0) 6 : 0.00000000099999999890 0.00000000099999999890 0.00000000099999999890 0.00000000099999999890 0.99999999199999989319 0.00000000099999999890 0.00000000099999999890 0.00000000099999999890 0.00000000099999999890
47 47 (0) 6 : 0.00000000099999999979 0.00000000099999999979 0.00000000099999999979 0.99999999200000011523 0.00000000099999999979 0.00000000099999999979 0.00000000099999999979 0.00000000099999999979 0.00000000099999999979
48 48 (0) 6 : 0.00000000099999999982 0.00000000099999999982 0.00000000099999999982 0.00000000099999999982 0.00000000099999999982 0.00000000099999999982 0.00000000099999999982 0.99999999199999989319 0.00000000099999999982
49 49 (0) 6 : 0.00000000099999999816 0.00000000099999999816 0.99999999199999989319 0.00000000099999999816 0.00000000099999999816 0.00000000099999999816 0.00000000099999999816 0.00000000099999999816 0.00000000099999999816
50 50 (0) 6 : 0.00000000099999999999 0.23864591893180961413 0.00000000099999999999 0.00000000099999999999 0.00000000099999999999 0.28635372442904566403 0.00000017665321135775 0.16113011547111943944 0.31387006051481403102
51 51 (0) 6 : 0.24814419356744168987 0.13226386679054952245 0.05784995575779039445 0.16956983135787404016 0.01443480064393154634 0.11827529745737590250 0.04483434926362639406 0.12363923317813192704 0.09098847198327865426
52 52 (0) 6 : 0.00000000099999999934 0.00000000099999999934 0.00000000099999999934 0.00000000099999999934 0.99999999200000000421 0.00000000099999999934 0.00000000099999999934 0.00000000099999999934 0.00000000099999999934
53 53 (0) 6 : 0.00000000099999999977 0.00000000099999999977 0.00000000099999999977 0.00000000099999999977 0.00000000099999999977 0.99999999200000000421 0.00000000099999999977 0.00000000099999999977 0.00000000099999999977
54 54 (0) 6 : 0.00000000099999999990 0.00000000099999999990 0.00000000099999999990 0.34472383347696999856 0.00000000099999999990 0.65527615952302997737 0.00000000099999999990 0.00000000099999999990 0.00000000099999999990
55 55 (0) 6 : 0.00000000099999999993 0.00000000099999999993 0.00000000099999999993 0.37420541870466106360 0.00000000099999999993 0.00000000099999999993 0.00000000099999999993 0.62579457429533891233 0.00000000099999999993
56 56 (0) 6 : 0.00000000099999999979 0.00000000099999999979 0.00000000099999999979 0.99999999200000000421 0.00000000099999999979 0.00000000099999999979 0.00000000099999999979 0.00000000099999999979 0.00000000099999999979
57 57 (0) 6 : 0.00000000099999999994 0.00000000099999999994 0.00000000099999999994 0.00000000099999999994 0.00000000099999999994 0.55727947532061083979 0.00000000099999999994 0.00000000099999999994 0.44272051767938930267
58 58 (0) 7 : 0.00000000099999999974 0.00000000099999999974 0.00000000099999999974 0.99999999200000011523 0.00000000099999999974 0.00000000099999999974 0.00000000099999999974 0.00000000099999999974 0.00000000099999999974
59 59 (0) 7 : 0.00000000099999999998 0.21980565870837923126 0.00000000099999999998 0.12437348222011676557 0.00000000099999999998 0.17340460232863408319 0.06910162067699256172 0.21479423998346425240 0.19852039308241298254
60 60 (0) 7 : 0.00000000099999999976 0.00000000099999999976 0.00000000099999999976 0.99999999200000011523 0.00000000099999999976 0.00000000099999999976 0.00000000099999999976 0.00000000099999999976 0.00000000099999999976
61 61 (0) 7 : 0.81799853606804151518 0.00000000099999999991 0.00000000099999999991 0.00000000099999999991 0.00000000099999999991 0.00000000099999999991 0.18200145693195851626 0.00000000099999999991 0.00000000099999999991
62 62 (0) 7 : 0.00000000099999999968 0.00000000099999999968 0.00000000099999999968 0.00000000099999999968 0.00000000099999999968 0.00000000099999999968 0.00000000099999999968 0.99999999200000000421 0.00000000099999999968
63 63 (0) 7 : 0.00000000099999999986 0.99999999200000011523 0.00000000099999999986 0.00000000099999999986 0.00000000099999999986 0.00000000099999999986 0.00000000099999999986 0.00000000099999999986 0.00000000099999999986
64 64 (0) 8 : 0.00000000099999999999 0.00000000099999999999 0.00766971659031828734 0.00000000099999999999 0.03706803836269764035 0.33459610820404128706 0.00906574506149030769 0.20093411108309713886 0.41066627769835539752
65 65 (0) 8 : 0.44078107127935906018 0.00000000099999999995 0.00000000099999999995 0.55921892172064091575 0.00000000099999999995 0.00000000099999999995 0.00000000099999999995 0.00000000099999999995 0.00000000099999999995
66 66 (0) 9 : 0.24776397185081971974 0.38368436720647863813 0.00000000099999999997 0.08743457111935450110 0.00000000099999999997 0.00000006279320330021 0.00000000099999999997 0.12176276054960666340 0.15935426348053716161
67 67 (0) 10 : 0.00000000099999999997 0.60706074177470936704 0.01035346367854826644 0.00000000099999999997 0.00000000099999999997 0.00000000099999999997 0.00000000099999999997 0.38258578854674252234 0.00000000099999999997
68 68 (0) 10 : 0.30799531016097009273 0.18983275055127687980 0.00000000099999999999 0.09231531845548453241 0.01195347455818558495 0.09775427638102821004 0.03337487674780541952 0.15916151253792754083 0.10761247960732168993
69 69 (0) 10 : 0.00000000099999999996 0.53305822854825624102 0.00000000099999999996 0.18930636613236789811 0.04497123893884091839 0.23266416138053502838 0.00000000099999999996 0.00000000099999999996 0.00000000099999999996
70 70 (0) 10 : 0.00000000099999999990 0.00000000099999999990 0.00000000099999999990 0.00000000099999999990 0.00000000099999999990 0.00000000099999999990 0.00000000099999999990 0.99999999199999989319 0.00000000099999999990
71 71 (0) 10 : 0.10805647854622948967 0.20968879925596828340 0.00000000099999999999 0.15409297170761729334 0.00000000099999999999 0.14826785307482892584 0.08872938917980441320 0.00000261780985858342 0.29116188842569284967
72 72 (0) 10 : 0.00000000099999999983 0.00000000099999999983 0.00000000099999999983 0.00000000099999999983 0.00000000099999999983 0.99999999200000011523 0.00000000099999999983 0.00000000099999999983 0.00000000099999999983
73 73 (0) 10 : 0.06715614271207608066 0.29411406225315467333 0.01753651228324096603 0.06795414815674838405 0.01329947777916701615 0.17658329325328012138 0.04867655940500124206 0.00000000100000000000 0.31467980315733151686
74 74 (0) 10 : 0.00000000099999999984 0.99999999200000022626 0.00000000099999999984 0.00000000099999999984 0.00000000099999999984 0.00000000099999999984 0.00000000099999999984 0.00000000099999999984 0.00000000099999999984
75 75 (0) 10 : 0.00000000099999999989 0.99999999200000022626 0.00000000099999999989 0.00000000099999999989 0.00000000099999999989 0.00000000099999999989 0.00000000099999999989 0.00000000099999999989 0.00000000099999999989
76 76 (0) 10 : 0.00000000099999999983 0.99999999200000011523 0.00000000099999999983 0.00000000099999999983 0.00000000099999999983 0.00000000099999999983 0.00000000099999999983 0.00000000099999999983 0.00000000099999999983
1 1 (0) 1 : 0.09926485696785376789 0.11868547246937090345 0.37796698398980010936 0.16523683592712234969 0.09866969678313622372 0.13551714982647278251 0.00000000100000000000 0.00465900203624392863 0.00000000100000000000
2 2 (0) 1 : 0.00000000099999999989 0.00000000099999999989 0.99999999200000011523 0.00000000099999999989 0.00000000099999999989 0.00000000099999999989 0.00000000099999999989 0.00000000099999999989 0.00000000099999999989
3 3 (0) 1 : 0.06314927853755608611 0.00000000099999999996 0.00000000099999999996 0.50626314935703253806 0.00000000099999999996 0.00000000099999999996 0.00000000099999999996 0.04275288013706153578 0.38783468696834977330
4 4 (0) 1 : 0.00000000100000000000 0.04048998638492273816 0.24649339859107541328 0.29669655128626298835 0.00000000100000000000 0.00594743020225668283 0.10203024148969486173 0.03815081658245524782 0.27019157346333205760
5 5 (0) 1 : 0.00000000099999999985 0.00000000099999999985 0.00000000099999999985 0.00000000099999999985 0.00000000099999999985 0.00000000099999999985 0.00000000099999999985 0.00000000099999999985 0.99999999199999989319
6 6 (0) 1 : 0.00000000100000000000 0.04339994328220091874 0.22620254169840631198 0.15512267640957849713 0.18893358498120621514 0.00000000100000000000 0.00000000100000000000 0.01672370407267367506 0.36961754655593437313
7 7 (0) 1 : 0.00000000099999999988 0.00000000099999999988 0.99999999200000011523 0.00000000099999999988 0.00000000099999999988 0.00000000099999999988 0.00000000099999999988 0.00000000099999999988 0.00000000099999999988
8 8 (0) 2 : 0.00000000099999999998 0.00000000099999999998 0.35115331000670307882 0.00000000099999999998 0.31691709216232394342 0.33192959183097298093 0.00000000099999999998 0.00000000099999999998 0.00000000099999999998
9 9 (0) 2 : 0.00000000099999999982 0.00000000099999999982 0.00000000099999999982 0.00000000099999999982 0.00000000099999999982 0.99999999200000011523 0.00000000099999999982 0.00000000099999999982 0.00000000099999999982
10 10 (0) 2 : 0.00000000099999999972 0.00000000099999999972 0.00000000099999999972 0.00000000099999999972 0.00000000099999999972 0.99999999200000011523 0.00000000099999999972 0.00000000099999999972 0.00000000099999999972
11 11 (0) 2 : 0.00000000099999999990 0.11939790039430554780 0.00000000099999999990 0.00000000099999999990 0.00000000099999999990 0.88060209260569455303 0.00000000099999999990 0.00000000099999999990 0.00000000099999999990
12 12 (0) 2 : 0.00000000099999999997 0.00000000099999999997 0.36493475581664447382 0.59121313148090537393 0.00000000099999999997 0.00000000099999999997 0.00000000099999999997 0.04385210670245014847 0.00000000099999999997
13 13 (0) 2 : 0.00000000099999999987 0.00000000099999999987 0.00000000099999999987 0.00000000099999999987 0.99999999200000000421 0.00000000099999999987 0.00000000099999999987 0.00000000099999999987 0.00000000099999999987
14 14 (0) 3 : 0.00000000099999999998 0.00864341443932299149 0.43139763598123898047 0.20988226227373493749 0.35007668230570315737 0.00000000099999999998 0.00000000099999999998 0.00000000099999999998 0.00000000099999999998
15 15 (0) 3 : 0.00000000099999999997 0.00790939490489373301 0.47517915731132581714 0.51691144178378067853 0.00000000099999999997 0.00000000099999999997 0.00000000099999999997 0.00000000099999999997 0.00000000099999999997
16 16 (0) 3 : 0.00000000099999999977 0.00000000099999999977 0.00000000099999999977 0.99999999200000011523 0.00000000099999999977 0.00000000099999999977 0.00000000099999999977 0.00000000099999999977 0.00000000099999999977
17 17 (0) 3 : 0.00000000099999999987 0.00000000099999999987 0.00000000099999999987 0.00000000099999999987 0.99999999200000011523 0.00000000099999999987 0.00000000099999999987 0.00000000099999999987 0.00000000099999999987
18 18 (0) 4 : 0.00000000100000000000 0.00330578244216713163 0.26130120163367259734 0.10905120641197989240 0.21250618151895694918 0.07734939002616729453 0.11741297217253374163 0.02081168255871613387 0.19826158223580628293
19 19 (0) 4 : 0.00000000099999999999 0.02996646055692669605 0.38487459977535148914 0.10821495922333833339 0.25713476781294480888 0.21978853787313556989 0.00000000099999999999 0.00000000099999999999 0.00002067175830344157
20 20 (0) 4 : 0.00000000099999999979 0.00000000099999999979 0.00000000099999999979 0.00000000099999999979 0.00000000099999999979 0.00000000099999999979 0.00000000099999999979 0.00000000099999999979 0.99999999200000000421
21 21 (0) 4 : 0.00000000099999999988 0.00000000099999999988 0.99999999200000000421 0.00000000099999999988 0.00000000099999999988 0.00000000099999999988 0.00000000099999999988 0.00000000099999999988 0.00000000099999999988
22 22 (0) 4 : 0.13662552840671979282 0.00357187406679862832 0.18391939934294596060 0.18638509915477818879 0.21780061664368424723 0.08759225760774967673 0.02350983225305038754 0.01464232908692398791 0.14595306343734917864
23 23 (0) 4 : 0.00000000099999999986 0.00000000099999999986 0.00000000099999999986 0.99999999200000011523 0.00000000099999999986 0.00000000099999999986 0.00000000099999999986 0.00000000099999999986 0.00000000099999999986
24 24 (0) 4 : 0.00000000099999999997 0.00000000099999999997 0.02726823783414544441 0.12126225941913648665 0.39074816149028807066 0.18809167049972011498 0.00000000099999999997 0.00000000099999999997 0.27262966675670996519
25 25 (0) 4 : 0.00000000099999999982 0.00000000099999999982 0.00000000099999999982 0.00000000099999999982 0.00000000099999999982 0.00000000099999999982 0.00000000099999999982 0.00000000099999999982 0.99999999200000000421
26 26 (0) 4 : 0.00530092363402669652 0.03440645332369967474 0.23464616350965802893 0.08758704400207885377 0.33462086556671899462 0.19151084144784608077 0.07067382073242599316 0.00000000100000000000 0.04125388678354584282
27 27 (0) 4 : 0.00000000099999999998 0.00000000099999999998 0.30673950385235027039 0.42436470633197626023 0.26365390278346578778 0.00000000099999999998 0.00000000099999999998 0.00524188203220775795 0.00000000099999999998
28 28 (0) 4 : 0.10866965801116065804 0.01563809572676785539 0.00000000100000000000 0.00000200616236461203 0.30843433631226502278 0.12083943413598809136 0.14770533858526380122 0.04868022488811393073 0.25003090517807607940
29 29 (0) 4 : 0.01389215159265624194 0.02093649891672063126 0.30004329590092698732 0.00000000099999999999 0.09133264895424990371 0.17812718213885225804 0.07717849863291115220 0.00000000099999999999 0.31848972186368279536
30 30 (0) 4 : 0.00000000099999999989 0.00000000099999999989 0.00000000099999999989 0.00000000099999999989 0.00000000099999999989 0.99999999200000011523 0.00000000099999999989 0.00000000099999999989 0.00000000099999999989
31 31 (0) 4 : 0.00000000099999999978 0.00000000099999999978 0.00000000099999999978 0.99999999200000000421 0.00000000099999999978 0.00000000099999999978 0.00000000099999999978 0.00000000099999999978 0.00000000099999999978
32 32 (0) 4 : 0.00000000099999999987 0.00000000099999999987 0.00000000099999999987 0.00000000099999999987 0.99999999200000000421 0.00000000099999999987 0.00000000099999999987 0.00000000099999999987 0.00000000099999999987
33 33 (0) 4 : 0.00000000099999999997 0.00000000099999999997 0.00000000099999999997 0.21553431793949673345 0.42021372912707549707 0.31695266991971415838 0.00002550276204872097 0.04727377625166486602 0.00000000099999999997
34 34 (0) 5 : 0.00000000099999999994 0.00000000099999999994 0.00000000099999999994 0.00000000099999999994 0.99999999200000011523 0.00000000099999999994 0.00000000099999999994 0.00000000099999999994 0.00000000099999999994
35 35 (0) 6 : 0.00000000099999999988 0.00000000099999999988 0.00000000099999999988 0.00000000099999999988 0.00000000099999999988 0.00000000099999999988 0.00000000099999999988 0.00000000099999999988 0.99999999199999989319
36 36 (0) 6 : 0.00000000099999999986 0.00000000099999999986 0.99999999200000011523 0.00000000099999999986 0.00000000099999999986 0.00000000099999999986 0.00000000099999999986 0.00000000099999999986 0.00000000099999999986
37 37 (0) 6 : 0.00000000099999999948 0.00000000099999999948 0.00000000099999999948 0.00000000099999999948 0.00000000099999999948 0.00000000099999999948 0.99999999200000000421 0.00000000099999999948 0.00000000099999999948
38 38 (0) 6 : 0.00000000099999999987 0.00000000099999999987 0.99999999200000011523 0.00000000099999999987 0.00000000099999999987 0.00000000099999999987 0.00000000099999999987 0.00000000099999999987 0.00000000099999999987
39 39 (0) 6 : 0.05636517014710668017 0.00000000099999999999 0.31339482268358376249 0.00000000099999999999 0.28522766157903101103 0.00113202111089744529 0.04161630874808637526 0.00000000099999999999 0.30226401273129482883
40 40 (0) 6 : 0.00000000099999999999 0.03825083189042999959 0.33157027055534227244 0.00000004301085444672 0.54220792326887634616 0.00000000099999999999 0.08797092727449705440 0.00000000099999999999 0.00000000099999999999
41 41 (0) 6 : 0.00000000099999999978 0.99999999200000022626 0.00000000099999999978 0.00000000099999999978 0.00000000099999999978 0.00000000099999999978 0.00000000099999999978 0.00000000099999999978 0.00000000099999999978
42 42 (0) 6 : 0.04417899851188172161 0.01947031060008480238 0.31545325866893703104 0.25319309164477721286 0.12487196704743262765 0.10210511725192243648 0.08446658875752283135 0.00000000099999999999 0.05626066651744138225
43 43 (0) 6 : 0.00000000099999999996 0.00000000099999999996 0.00000000099999999996 0.54688053347602316734 0.00000000099999999996 0.00000000099999999996 0.00000000099999999996 0.01992413429043786086 0.43319532623353901313
44 44 (0) 6 : 0.08242779525710562660 0.02135300667394770743 0.15976894178353337472 0.27354717096400577026 0.00000336975337186293 0.08602161051990556140 0.00000000100000000000 0.00121706395814985980 0.37566104008998013608
45 45 (0) 6 : 0.00000000099999999984 0.00000000099999999984 0.00000000099999999984 0.00000000099999999984 0.00000000099999999984 0.00000000099999999984 0.00000000099999999984 0.00000000099999999984 0.99999999199999989319
46 46 (0) 6 : 0.00000000099999999891 0.00000000099999999891 0.00000000099999999891 0.00000000099999999891 0.00000000099999999891 0.00000000099999999891 0.00000000099999999891 0.99999999200000000421 0.00000000099999999891
47 47 (0) 6 : 0.00000000099999999985 0.00000000099999999985 0.99999999200000011523 0.00000000099999999985 0.00000000099999999985 0.00000000099999999985 0.00000000099999999985 0.00000000099999999985 0.00000000099999999985
48 48 (0) 6 : 0.08729353152336523369 0.00000000099999999999 0.00000000099999999999 0.42739440135008233135 0.32271070257867584541 0.00000000099999999999 0.12321340556371115915 0.03938795498416536311 0.00000000099999999999
49 49 (0) 6 : 0.00000000099999999816 0.99999999200000000421 0.00000000099999999816 0.00000000099999999816 0.00000000099999999816 0.00000000099999999816 0.00000000099999999816 0.00000000099999999816 0.00000000099999999816
50 50 (0) 6 : 0.19432816724434950895 0.00000000099999999997 0.00000000099999999997 0.00000000099999999997 0.49948952513685390686 0.00000000099999999997 0.03799332230120026910 0.00000000099999999997 0.26818898031759641487
51 51 (0) 6 : 0.00000000099999999999 0.08031250252859434280 0.00000000099999999999 0.00000000099999999999 0.00000000099999999999 0.00000000099999999999 0.12675587213677352860 0.00000000099999999999 0.79293161933463218727
52 52 (0) 6 : 0.00000000099999999934 0.00000000099999999934 0.00000000099999999934 0.00000000099999999934 0.00000000099999999934 0.00000000099999999934 0.00000000099999999934 0.99999999200000000421 0.00000000099999999934
53 53 (0) 6 : 0.00000000099999999992 0.00000000099999999992 0.00000000099999999992 0.51237384110398209724 0.00000000099999999992 0.00000000099999999992 0.00000000099999999992 0.00000000099999999992 0.48762615189601804522
54 54 (0) 6 : 0.00000000099999999989 0.00000000099999999989 0.00000000099999999989 0.00000000099999999989 0.99999999200000011523 0.00000000099999999989 0.00000000099999999989 0.00000000099999999989 0.00000000099999999989
55 55 (0) 6 : 0.17115918697430235196 0.00000000099999999998 0.22817920847547462637 0.52470979798626771196 0.00000000099999999998 0.00000000099999999998 0.07104660362982451183 0.00490519893413101163 0.00000000099999999998
56 56 (0) 6 : 0.00000000099999999969 0.00000000099999999969 0.00000000099999999969 0.00000000099999999969 0.00000000099999999969 0.00000000099999999969 0.99999999199999989319 0.00000000099999999969 0.00000000099999999969
57 57 (0) 6 : 0.00000000099999999994 0.00000000099999999994 0.00000000099999999994 0.00000000099999999994 0.39080033416922388412 0.00000000099999999994 0.00000000099999999994 0.00000000099999999994 0.60919965883077598079
58 58 (0) 7 : 0.99999999200000022626 0.00000000099999999962 0.00000000099999999962 0.00000000099999999962 0.00000000099999999962 0.00000000099999999962 0.00000000099999999962 0.00000000099999999962 0.00000000099999999962
59 59 (0) 7 : 0.00000000099999999982 0.00000000099999999982 0.00000000099999999982 0.99999999200000011523 0.00000000099999999982 0.00000000099999999982 0.00000000099999999982 0.00000000099999999982 0.00000000099999999982
60 60 (0) 7 : 0.00000000099999999990 0.00000000099999999990 0.99999999200000011523 0.00000000099999999990 0.00000000099999999990 0.00000000099999999990 0.00000000099999999990 0.00000000099999999990 0.00000000099999999990
61 61 (0) 7 : 0.00000000099999999984 0.00000000099999999984 0.00000000099999999984 0.00000000099999999984 0.00000000099999999984 0.99999999200000011523 0.00000000099999999984 0.00000000099999999984 0.00000000099999999984
62 62 (0) 7 : 0.00000000099999999945 0.00000000099999999945 0.00000000099999999945 0.00000000099999999945 0.00000000099999999945 0.00000000099999999945 0.99999999199999989319 0.00000000099999999945 0.00000000099999999945
63 63 (0) 7 : 0.00000000099999999985 0.00000000099999999985 0.00000000099999999985 0.00000000099999999985 0.00000000099999999985 0.99999999200000011523 0.00000000099999999985 0.00000000099999999985 0.00000000099999999985
64 64 (0) 8 : 0.00000000099999999999 0.01058700108118358282 0.22249120494966106998 0.26548350846927587510 0.34949562373993448006 0.00000000099999999999 0.11246049528927652694 0.03948216347066842158 0.00000000099999999999
65 65 (0) 8 : 0.10405114166457649083 0.00057022988005529622 0.33086066084789306219 0.11634210038881660776 0.00000000100000000000 0.14124342473031145651 0.11149435470186631891 0.02971619559573722424 0.16572189119074368091
66 66 (0) 9 : 0.05031684998524912217 0.00000000099999999998 0.09799365965381993948 0.07424936671291930412 0.50833586819426623826 0.12964402890949033864 0.02279469681918519855 0.00598377369019661293 0.11068175503487318045
67 67 (0) 10 : 0.12919506891593335318 0.01883692465666653160 0.00000000099999999998 0.55048534737892695912 0.20816087736200394875 0.00000000099999999998 0.09332177768646920946 0.00000000099999999998 0.00000000099999999998
68 68 (0) 10 : 0.07484062024299031890 0.00000000099999999998 0.00000000099999999998 0.36602056757312600999 0.00000000099999999998 0.18527523060594733306 0.00000000099999999998 0.01155827884609686093 0.36230529873183953127
69 69 (0) 10 : 0.29074917398888316944 0.00000000099999999998 0.00000000099999999998 0.18385633527008304888 0.40807049907153314372 0.00000003277501483557 0.05849711407507904304 0.05882684181940654039 0.00000000099999999998
70 70 (0) 10 : 0.23384155178998619617 0.00000000099999999999 0.27311012267534356956 0.00000000099999999999 0.42049224452056721546 0.00000000099999999999 0.05358023193098319231 0.01897584434974584552 0.00000000173337409218
71 71 (0) 10 : 0.00000000099999999989 0.00000000099999999989 0.00000000099999999989 0.00000000099999999989 0.99999999200000011523 0.00000000099999999989 0.00000000099999999989 0.00000000099999999989 0.00000000099999999989
72 72 (0) 10 : 0.00000000099999999990 0.00000000099999999990 0.00000000099999999990 0.00000000099999999990 0.99999999200000011523 0.00000000099999999990 0.00000000099999999990 0.00000000099999999990 0.00000000099999999990
73 73 (0) 10 : 0.08470232507258147747 0.01886387769506094048 0.15879660358725888880 0.10893134063586962235 0.28901686572085633076 0.15067805345471368961 0.00000002029484626370 0.01181250782494136509 0.17719840571387143746
74 74 (0) 10 : 0.99999999200000022626 0.00000000099999999954 0.00000000099999999954 0.00000000099999999954 0.00000000099999999954 0.00000000099999999954 0.00000000099999999954 0.00000000099999999954 0.00000000099999999954
75 75 (0) 10 : 0.00000000099999999997 0.00000000099999999997 0.00000000099999999997 0.00000000099999999997 0.67378326137224453518 0.00000000099999999997 0.00000000099999999997 0.00000000099999999997 0.32621673162775555177
76 76 (0) 10 : 0.99999999200000011523 0.00000000099999999958 0.00000000099999999958 0.00000000099999999958 0.00000000099999999958 0.00000000099999999958 0.00000000099999999958 0.00000000099999999958 0.00000000099999999958
