1:	0.3104 0.0320 0.0667 0.0114 0.0542 0.0424 0.0641 0.2718 0.1469 	7
2:	0.0730 0.0168 0.1064 0.0026 0.5594 0.0195 0.0474 0.1238 0.0512 	6
3:	0.2276 0.0020 0.1578 0.0031 0.1000 0.1000 0.0391 0.0968 0.2737 	4
4:	0.2259 0.0033 0.2091 0.0084 0.0958 0.0378 0.0253 0.2245 0.1699 	16
5:	0.1069 0.0091 0.4558 0.0000 0.0860 0.0143 0.0689 0.1513 0.1076 	1
6:	0.1713 0.0931 0.1843 0.0893 0.0517 0.0976 0.0811 0.1296 0.1019 	23
7:	0.0733 0.0010 0.0419 0.0000 0.1594 0.1753 0.2441 0.1260 0.1790 	6
8:	0.3773 0.0022 0.1378 0.0196 0.0609 0.0509 0.0882 0.1765 0.0865 	2
9:	0.1382 0.0000 0.1557 0.0012 0.1930 0.0323 0.0778 0.1017 0.3001 	1
10:	0.0618 0.0017 0.2769 0.0083 0.0828 0.0457 0.2423 0.0598 0.2207 	10
