1:	0.2193 0.0816 0.0228 0.4544 0.0000 0.0000 0.0000 0.0000 0.0000 0.0025 0.0000 0.0000 0.0365 0.1829 0.0000 	6
2:	0.3074 0.0212 0.0207 0.4899 0.0000 0.0000 0.0000 0.0013 0.0000 0.0000 0.0000 0.0000 0.1026 0.0569 0.0000 	7
3:	0.0000 0.0000 0.0833 0.0000 0.1667 0.0058 0.2161 0.0510 0.2176 0.0000 0.2596 0.0000 0.0000 0.0000 0.0000 	12
4:	0.1565 0.0061 0.0000 0.0011 0.0738 0.0714 0.2255 0.2209 0.0050 0.0075 0.0751 0.0771 0.0010 0.0790 0.0000 	14
5:	0.1538 0.0000 0.0000 0.0000 0.0000 0.1638 0.1548 0.0502 0.1369 0.0000 0.0167 0.1700 0.1538 0.0000 0.0000 	13
6:	0.0359 0.1018 0.1893 0.0004 0.0000 0.0359 0.1213 0.1434 0.0909 0.0959 0.0000 0.0539 0.0014 0.0299 0.1000 	11
7:	0.7399 0.1092 0.0000 0.0136 0.0000 0.0000 0.0000 0.0000 0.0000 0.1338 0.0000 0.0000 0.0035 0.0000 0.0000 	4
8:	0.0000 0.0000 0.0000 0.0000 0.0783 0.0194 0.2540 0.0501 0.0258 0.0000 0.0338 0.2836 0.0000 0.0000 0.2551 	6
9:	0.0000 0.0000 0.0000 0.0000 0.0000 0.0000 0.0000 0.0000 0.0000 1.0000 0.0000 0.0000 0.0000 0.0000 0.0000 	2
10:	0.0000 1.0000 0.0000 0.0000 0.0000 0.0000 0.0000 0.0000 0.0000 0.0000 0.0000 0.0000 0.0000 0.0000 0.0000 	1
11:	0.0000 1.0000 0.0000 0.0000 0.0000 0.0000 0.0000 0.0000 0.0000 0.0000 0.0000 0.0000 0.0000 0.0000 0.0000 	1
12:	0.0000 0.0000 0.0000 0.0000 0.0000 0.0000 0.0000 0.0000 0.0000 0.0000 0.0000 0.0000 1.0000 0.0000 0.0000 	1
13:	0.0000 0.0000 0.0000 0.0000 0.0000 0.0000 0.0000 0.0000 0.0000 0.0000 0.0000 0.5000 0.0000 0.0000 0.5000 	2
