1 1 (0) 1 : 0.00000000099999999934 0.00000000099999999934 0.00000000099999999934 0.00000000099999999934 0.00000000099999999934 0.00000000099999999934 0.64519313180977178046 0.00000000099999999934 0.35480685519022842067 0.00000000099999999934 0.00000000099999999934 0.00000000099999999934 0.00000000099999999934 0.00000000099999999934 0.00000000099999999934
2 2 (0) 1 : 0.00000000099999999962 0.13710439428700482711 0.00000000099999999962 0.12954632749900663047 0.00000000099999999962 0.00000000099999999962 0.38024639202278298633 0.00000000099999999962 0.13492667130521643348 0.01488507899407266917 0.10602711274064313685 0.00000000099999999962 0.00000000099999999962 0.09726401515127335029 0.00000000099999999962
3 3 (0) 1 : 0.00000000099999999915 0.00000000099999999915 0.00000000099999999915 0.00000000099999999915 0.00000000099999999915 0.00000000099999999915 0.00000000099999999915 0.00000000099999999915 0.00000000099999999915 0.00000000099999999915 0.99999998600000006288 0.00000000099999999915 0.00000000099999999915 0.00000000099999999915 0.00000000099999999915
4 4 (0) 1 : 0.00000000099999999950 0.00000000099999999950 0.00000000099999999950 0.08920181014836271738 0.00000000099999999950 0.00000000099999999950 0.29070898037002806946 0.00000000099999999950 0.00000000099999999950 0.00000000099999999950 0.62008919748160928886 0.00000000099999999950 0.00000000099999999950 0.00000000099999999950 0.00000000099999999950
5 5 (0) 1 : 0.00000000099999999873 0.00000000099999999873 0.00000000099999999873 0.00000000099999999873 0.00000000099999999873 0.00000000099999999873 0.00000000099999999873 0.00000000099999999873 0.00000000099999999873 0.00000000099999999873 0.00000000099999999873 0.00000000099999999873 0.00000000099999999873 0.99999998599999995186 0.00000000099999999873
6 6 (0) 1 : 0.00000000099999999907 0.00000000099999999907 0.00000000099999999907 0.00000000099999999907 0.00000000099999999907 0.00000000099999999907 0.00000000099999999907 0.00000000099999999907 0.00000000099999999907 0.00000000099999999907 0.99999998600000006288 0.00000000099999999907 0.00000000099999999907 0.00000000099999999907 0.00000000099999999907
7 7 (0) 2 : 0.00000000099999999909 0.00000000099999999909 0.00000000099999999909 0.00000000099999999909 0.00000000099999999909 0.00000000099999999909 0.99999998600000017390 0.00000000099999999909 0.00000000099999999909 0.00000000099999999909 0.00000000099999999909 0.00000000099999999909 0.00000000099999999909 0.00000000099999999909 0.00000000099999999909
8 8 (0) 2 : 0.00000000099999999935 0.00000000099999999935 0.00000000099999999935 0.00000000099999999935 0.00000000099999999935 0.00000000099999999935 0.00000000099999999935 0.00000000099999999935 0.00000000099999999935 0.00000000099999999935 0.99999998600000006288 0.00000000099999999935 0.00000000099999999935 0.00000000099999999935 0.00000000099999999935
9 9 (0) 2 : 0.00000000099999999993 0.00000000099999999993 0.00882941524955423857 0.10620549941970246210 0.00000000099999999993 0.00000000099999999993 0.33599574920463304295 0.00000000099999999993 0.14874068304133761242 0.00000000099999999993 0.00165435880357159737 0.00000000099999999993 0.00000000099999999993 0.39857428528120114608 0.00000000099999999993
10 10 (0) 2 : 0.00000000099999999923 0.00000000099999999923 0.00000000099999999923 0.18443612221309699239 0.00000000099999999923 0.00000000099999999923 0.81556386478690312547 0.00000000099999999923 0.00000000099999999923 0.00000000099999999923 0.00000000099999999923 0.00000000099999999923 0.00000000099999999923 0.00000000099999999923 0.00000000099999999923
11 11 (0) 2 : 0.00000000099999999875 0.00000000099999999875 0.00000000099999999875 0.00000000099999999875 0.00000000099999999875 0.00000000099999999875 0.00000000099999999875 0.00000000099999999875 0.00000000099999999875 0.00000000099999999875 0.99999998599999984084 0.00000000099999999875 0.00000000099999999875 0.00000000099999999875 0.00000000099999999875
12 12 (0) 2 : 0.00000000099999999908 0.00000000099999999908 0.00000000099999999908 0.42725177147912890563 0.00000000099999999908 0.00000000099999999908 0.00000000099999999908 0.00000000099999999908 0.00000000099999999908 0.00000000099999999908 0.57274821552087096244 0.00000000099999999908 0.00000000099999999908 0.00000000099999999908 0.00000000099999999908
13 13 (0) 2 : 0.00000000099999999972 0.14507203099434426430 0.00000000099999999972 0.00000000099999999972 0.00000000099999999972 0.00000000099999999972 0.00000000099999999972 0.00000000099999999972 0.00000000099999999972 0.00000000099999999972 0.85492795600565574254 0.00000000099999999972 0.00000000099999999972 0.00000000099999999972 0.00000000099999999972
14 14 (0) 3 : 0.00000000099999999932 0.00000000099999999932 0.31772461987388028737 0.00000000099999999932 0.00000000099999999932 0.00000000099999999932 0.00000000099999999932 0.68227536712611969172 0.00000000099999999932 0.00000000099999999932 0.00000000099999999932 0.00000000099999999932 0.00000000099999999932 0.00000000099999999932 0.00000000099999999932
15 15 (0) 3 : 0.00000000099999999909 0.00000000099999999909 0.00000000099999999909 0.00000000099999999909 0.00000000099999999909 0.00000000099999999909 0.00000000099999999909 0.00000000099999999909 0.00000000099999999909 0.00000000099999999909 0.00000000099999999909 0.00000000099999999909 0.00000000099999999909 0.00000000099999999909 0.99999998600000006288
16 16 (0) 3 : 0.00000000099999999894 0.00000000099999999894 0.00000000099999999894 0.00000000099999999894 0.00000000099999999894 0.00000000099999999894 0.00000000099999999894 0.00000000099999999894 0.00000000099999999894 0.00000000099999999894 0.00000000099999999894 0.00000000099999999894 0.00000000099999999894 0.00000000099999999894 0.99999998599999995186
17 17 (0) 3 : 0.46405423454789568316 0.00000000099999999942 0.00000000099999999942 0.00000000099999999942 0.00000000099999999942 0.00000000099999999942 0.00000000099999999942 0.53594575245210440695 0.00000000099999999942 0.00000000099999999942 0.00000000099999999942 0.00000000099999999942 0.00000000099999999942 0.00000000099999999942 0.00000000099999999942
18 18 (0) 3 : 0.99999998600000017390 0.00000000099999999896 0.00000000099999999896 0.00000000099999999896 0.00000000099999999896 0.00000000099999999896 0.00000000099999999896 0.00000000099999999896 0.00000000099999999896 0.00000000099999999896 0.00000000099999999896 0.00000000099999999896 0.00000000099999999896 0.00000000099999999896 0.00000000099999999896
19 19 (0) 3 : 0.99999998600000028492 0.00000000099999999890 0.00000000099999999890 0.00000000099999999890 0.00000000099999999890 0.00000000099999999890 0.00000000099999999890 0.00000000099999999890 0.00000000099999999890 0.00000000099999999890 0.00000000099999999890 0.00000000099999999890 0.00000000099999999890 0.00000000099999999890 0.00000000099999999890
20 20 (0) 3 : 0.00000000099999999892 0.00000000099999999892 0.00000000099999999892 0.00000000099999999892 0.00000000099999999892 0.00000000099999999892 0.00000000099999999892 0.00000000099999999892 0.00000000099999999892 0.00000000099999999892 0.00000000099999999892 0.99999998599999995186 0.00000000099999999892 0.00000000099999999892 0.00000000099999999892
21 21 (0) 3 : 0.14652909466993604970 0.00000000099999999928 0.29394809002509564300 0.00000000099999999928 0.00000000099999999928 0.00000000099999999928 0.00000000099999999928 0.37483163148546594368 0.00000000099999999928 0.00000000099999999928 0.00000000099999999928 0.00000000099999999928 0.06918025494434838774 0.00000000099999999928 0.11551091887515407830
22 22 (0) 3 : 0.00000000099999999885 0.00000000099999999885 0.00000000099999999885 0.00000000099999999885 0.00000000099999999885 0.00000000099999999885 0.00000000099999999885 0.00000000099999999885 0.00000000099999999885 0.00000000099999999885 0.00000000099999999885 0.00000000099999999885 0.00000000099999999885 0.00000000099999999885 0.99999998600000006288
23 23 (0) 3 : 0.00000000099999999908 0.00000000099999999908 0.00000000099999999908 0.00000000099999999908 0.00000000099999999908 0.00000000099999999908 0.00000000099999999908 0.99999998600000006288 0.00000000099999999908 0.00000000099999999908 0.00000000099999999908 0.00000000099999999908 0.00000000099999999908 0.00000000099999999908 0.00000000099999999908
24 24 (0) 3 : 0.00000000099999999874 0.00000000099999999874 0.00000000099999999874 0.00000000099999999874 0.00000000099999999874 0.00000000099999999874 0.00000000099999999874 0.00000000099999999874 0.00000000099999999874 0.00000000099999999874 0.00000000099999999874 0.99999998599999995186 0.00000000099999999874 0.00000000099999999874 0.00000000099999999874
25 25 (0) 3 : 0.00000000099999999866 0.99999998600000017390 0.00000000099999999866 0.00000000099999999866 0.00000000099999999866 0.00000000099999999866 0.00000000099999999866 0.00000000099999999866 0.00000000099999999866 0.00000000099999999866 0.00000000099999999866 0.00000000099999999866 0.00000000099999999866 0.00000000099999999866 0.00000000099999999866
26 26 (0) 4 : 0.00000000099999999859 0.00000000099999999859 0.00000000099999999859 0.00000000099999999859 0.00000000099999999859 0.00000000099999999859 0.00000000099999999859 0.00000000099999999859 0.00000000099999999859 0.00000000099999999859 0.00000000099999999859 0.00000000099999999859 0.00000000099999999859 0.99999998599999984084 0.00000000099999999859
27 27 (0) 4 : 0.00000000099999999916 0.00000000099999999916 0.00000000099999999916 0.00000000099999999916 0.00000000099999999916 0.00000000099999999916 0.00000000099999999916 0.99999998600000006288 0.00000000099999999916 0.00000000099999999916 0.00000000099999999916 0.00000000099999999916 0.00000000099999999916 0.00000000099999999916 0.00000000099999999916
28 28 (0) 4 : 0.00000000099999999895 0.00000000099999999895 0.99999998600000006288 0.00000000099999999895 0.00000000099999999895 0.00000000099999999895 0.00000000099999999895 0.00000000099999999895 0.00000000099999999895 0.00000000099999999895 0.00000000099999999895 0.00000000099999999895 0.00000000099999999895 0.00000000099999999895 0.00000000099999999895
29 29 (0) 4 : 0.00000000099999999928 0.00000000099999999928 0.00000000099999999928 0.00000000099999999928 0.00000000099999999928 0.00000000099999999928 0.99999998600000017390 0.00000000099999999928 0.00000000099999999928 0.00000000099999999928 0.00000000099999999928 0.00000000099999999928 0.00000000099999999928 0.00000000099999999928 0.00000000099999999928
30 30 (0) 4 : 0.00000000099999999890 0.00000000099999999890 0.00000000099999999890 0.00000000099999999890 0.00000000099999999890 0.00000000099999999890 0.00000000099999999890 0.00000000099999999890 0.00000000099999999890 0.00000000099999999890 0.00000000099999999890 0.00000000099999999890 0.00000000099999999890 0.00000000099999999890 0.99999998600000006288
31 31 (0) 4 : 0.00000000099999999923 0.00000000099999999923 0.00000000099999999923 0.00000000099999999923 0.00000000099999999923 0.00000000099999999923 0.00000000099999999923 0.99999998600000017390 0.00000000099999999923 0.00000000099999999923 0.00000000099999999923 0.00000000099999999923 0.00000000099999999923 0.00000000099999999923 0.00000000099999999923
32 32 (0) 4 : 0.07030759029643636471 0.00000000099999999996 0.09235901083645889353 0.01342984619793687572 0.00000000099999999996 0.07907683395657055803 0.19060447340104480496 0.15659724937802771416 0.08596494121799112820 0.10464532189103743776 0.01565148938219949187 0.03352655928827853044 0.00000000099999999996 0.10670967033412372127 0.05112701081989445145
33 33 (0) 4 : 0.00000000099999999913 0.00000000099999999913 0.00000000099999999913 0.00000000099999999913 0.00000000099999999913 0.00000000099999999913 0.00000000099999999913 0.99999998600000017390 0.00000000099999999913 0.00000000099999999913 0.00000000099999999913 0.00000000099999999913 0.00000000099999999913 0.00000000099999999913 0.00000000099999999913
34 34 (0) 4 : 0.00000000099999999899 0.00000000099999999899 0.00000000099999999899 0.00000000099999999899 0.00000000099999999899 0.99999998600000017390 0.00000000099999999899 0.00000000099999999899 0.00000000099999999899 0.00000000099999999899 0.00000000099999999899 0.00000000099999999899 0.00000000099999999899 0.00000000099999999899 0.00000000099999999899
35 35 (0) 4 : 0.00000000099999999870 0.00000000099999999870 0.00000000099999999870 0.00000000099999999870 0.00000000099999999870 0.00000000099999999870 0.00000000099999999870 0.00000000099999999870 0.00000000099999999870 0.00000000099999999870 0.00000000099999999870 0.00000000099999999870 0.99999998599999984084 0.00000000099999999870 0.00000000099999999870
36 36 (0) 4 : 0.00000000099999999874 0.00000000099999999874 0.00000000099999999874 0.00000000099999999874 0.00000000099999999874 0.00000000099999999874 0.00000000099999999874 0.00000000099999999874 0.00000000099999999874 0.00000000099999999874 0.00000000099999999874 0.99999998599999995186 0.00000000099999999874 0.00000000099999999874 0.00000000099999999874
37 37 (0) 4 : 0.00000000099999999888 0.00000000099999999888 0.99999998600000006288 0.00000000099999999888 0.00000000099999999888 0.00000000099999999888 0.00000000099999999888 0.00000000099999999888 0.00000000099999999888 0.00000000099999999888 0.00000000099999999888 0.00000000099999999888 0.00000000099999999888 0.00000000099999999888 0.00000000099999999888
38 38 (0) 4 : 0.00000000099999999888 0.00000000099999999888 0.99999998600000017390 0.00000000099999999888 0.00000000099999999888 0.00000000099999999888 0.00000000099999999888 0.00000000099999999888 0.00000000099999999888 0.00000000099999999888 0.00000000099999999888 0.00000000099999999888 0.00000000099999999888 0.00000000099999999888 0.00000000099999999888
39 39 (0) 4 : 0.00000000099999999923 0.00000000099999999923 0.00000000099999999923 0.00000000099999999923 0.00000000099999999923 0.00000000099999999923 0.99999998600000017390 0.00000000099999999923 0.00000000099999999923 0.00000000099999999923 0.00000000099999999923 0.00000000099999999923 0.00000000099999999923 0.00000000099999999923 0.00000000099999999923
40 40 (0) 5 : 0.99999998600000039595 0.00000000099999999908 0.00000000099999999908 0.00000000099999999908 0.00000000099999999908 0.00000000099999999908 0.00000000099999999908 0.00000000099999999908 0.00000000099999999908 0.00000000099999999908 0.00000000099999999908 0.00000000099999999908 0.00000000099999999908 0.00000000099999999908 0.00000000099999999908
41 41 (0) 5 : 0.00000000099999999882 0.00000000099999999882 0.00000000099999999882 0.00000000099999999882 0.00000000099999999882 0.00000000099999999882 0.00000000099999999882 0.00000000099999999882 0.00000000099999999882 0.00000000099999999882 0.00000000099999999882 0.00000000099999999882 0.99999998599999995186 0.00000000099999999882 0.00000000099999999882
42 42 (0) 5 : 0.45764326763297225042 0.00000000099999999938 0.19130118977184767948 0.00000000099999999938 0.00000000099999999938 0.00000000099999999938 0.00000000099999999938 0.35105553059518035397 0.00000000099999999938 0.00000000099999999938 0.00000000099999999938 0.00000000099999999938 0.00000000099999999938 0.00000000099999999938 0.00000000099999999938
43 43 (0) 5 : 0.00000000099999999910 0.00000000099999999910 0.00000000099999999910 0.00000000099999999910 0.00000000099999999910 0.00000000099999999910 0.99999998600000017390 0.00000000099999999910 0.00000000099999999910 0.00000000099999999910 0.00000000099999999910 0.00000000099999999910 0.00000000099999999910 0.00000000099999999910 0.00000000099999999910
44 44 (0) 5 : 0.00000000099999999920 0.00000000099999999920 0.00000000099999999920 0.00000000099999999920 0.00000000099999999920 0.21008996284969072565 0.00000000099999999920 0.66069347814849765932 0.00000000099999999920 0.00000000099999999920 0.00000000099999999920 0.00000000099999999920 0.12921654646994495952 0.00000000099999999920 0.00000000153186687495
45 45 (0) 5 : 0.32244960273153283614 0.00000000099999999942 0.46074914612927758695 0.00000000099999999942 0.00000000099999999942 0.00000000099999999942 0.00000000099999999942 0.00000000099999999942 0.00000000099999999942 0.00000000099999999942 0.00000000099999999942 0.00000000099999999942 0.00000000099999999942 0.00000000099999999942 0.21680123913918999956
46 46 (0) 5 : 0.00000000099999999921 0.00000000099999999921 0.00000000099999999921 0.00000000099999999921 0.00000000099999999921 0.00000000099999999921 0.00000000099999999921 0.99999998600000006288 0.00000000099999999921 0.00000000099999999921 0.00000000099999999921 0.00000000099999999921 0.00000000099999999921 0.00000000099999999921 0.00000000099999999921
47 47 (0) 5 : 0.00000000099999999875 0.00000000099999999875 0.00000000099999999875 0.00000000099999999875 0.00000000099999999875 0.00000000099999999875 0.00000000099999999875 0.00000000099999999875 0.00000000099999999875 0.00000000099999999875 0.00000000099999999875 0.00000000099999999875 0.99999998599999984084 0.00000000099999999875 0.00000000099999999875
48 48 (0) 5 : 0.00000000099999999896 0.00000000099999999896 0.00000000099999999896 0.00000000099999999896 0.00000000099999999896 0.99999998600000006288 0.00000000099999999896 0.00000000099999999896 0.00000000099999999896 0.00000000099999999896 0.00000000099999999896 0.00000000099999999896 0.00000000099999999896 0.00000000099999999896 0.00000000099999999896
49 49 (0) 5 : 0.00000000099999999912 0.00000000099999999912 0.00000000099999999912 0.00000000099999999912 0.00000000099999999912 0.00000000099999999912 0.99999998600000017390 0.00000000099999999912 0.00000000099999999912 0.00000000099999999912 0.00000000099999999912 0.00000000099999999912 0.00000000099999999912 0.00000000099999999912 0.00000000099999999912
50 50 (0) 5 : 0.00000000099999999919 0.00000000099999999919 0.00000000099999999919 0.00000000099999999919 0.00000000099999999919 0.99999998600000028492 0.00000000099999999919 0.00000000099999999919 0.00000000099999999919 0.00000000099999999919 0.00000000099999999919 0.00000000099999999919 0.00000000099999999919 0.00000000099999999919 0.00000000099999999919
51 51 (0) 5 : 0.00000000099999999880 0.00000000099999999880 0.00000000099999999880 0.99999998600000017390 0.00000000099999999880 0.00000000099999999880 0.00000000099999999880 0.00000000099999999880 0.00000000099999999880 0.00000000099999999880 0.00000000099999999880 0.00000000099999999880 0.00000000099999999880 0.00000000099999999880 0.00000000099999999880
52 52 (0) 5 : 0.00000000099999999872 0.00000000099999999872 0.00000000099999999872 0.99999998600000017390 0.00000000099999999872 0.00000000099999999872 0.00000000099999999872 0.00000000099999999872 0.00000000099999999872 0.00000000099999999872 0.00000000099999999872 0.00000000099999999872 0.00000000099999999872 0.00000000099999999872 0.00000000099999999872
53 53 (0) 6 : 0.00000000099999999867 0.00000000099999999867 0.00000000099999999867 0.00000000099999999867 0.00000000099999999867 0.00000000099999999867 0.00000000099999999867 0.00000000099999999867 0.99999998599999995186 0.00000000099999999867 0.00000000099999999867 0.00000000099999999867 0.00000000099999999867 0.00000000099999999867 0.00000000099999999867
54 54 (0) 6 : 0.00000000099999999911 0.00000000099999999911 0.00000000099999999911 0.00000000099999999911 0.00000000099999999911 0.00000000099999999911 0.00000000099999999911 0.99999998600000006288 0.00000000099999999911 0.00000000099999999911 0.00000000099999999911 0.00000000099999999911 0.00000000099999999911 0.00000000099999999911 0.00000000099999999911
55 55 (0) 6 : 0.00000000099999999903 0.00000000099999999903 0.00000000099999999903 0.00000000099999999903 0.00000000099999999903 0.00000000099999999903 0.00000000099999999903 0.00000000099999999903 0.00000000099999999903 0.99999998600000006288 0.00000000099999999903 0.00000000099999999903 0.00000000099999999903 0.00000000099999999903 0.00000000099999999903
56 56 (0) 6 : 0.00000000099999999942 0.99999998600000028492 0.00000000099999999942 0.00000000099999999942 0.00000000099999999942 0.00000000099999999942 0.00000000099999999942 0.00000000099999999942 0.00000000099999999942 0.00000000099999999942 0.00000000099999999942 0.00000000099999999942 0.00000000099999999942 0.00000000099999999942 0.00000000099999999942
57 57 (0) 6 : 0.00000000099999999880 0.00000000099999999880 0.00000000099999999880 0.00000000099999999880 0.99999998600000006288 0.00000000099999999880 0.00000000099999999880 0.00000000099999999880 0.00000000099999999880 0.00000000099999999880 0.00000000099999999880 0.00000000099999999880 0.00000000099999999880 0.00000000099999999880 0.00000000099999999880
58 58 (0) 6 : 0.00000000099999999918 0.99999998600000028492 0.00000000099999999918 0.00000000099999999918 0.00000000099999999918 0.00000000099999999918 0.00000000099999999918 0.00000000099999999918 0.00000000099999999918 0.00000000099999999918 0.00000000099999999918 0.00000000099999999918 0.00000000099999999918 0.00000000099999999918 0.00000000099999999918
59 59 (0) 6 : 0.00000000099999999977 0.00000000099999999977 0.57786861618958274001 0.00000000099999999977 0.09948521770764634509 0.32062552460792187459 0.00000000099999999977 0.00000000099999999977 0.00000000099999999977 0.00000000099999999977 0.00000000099999999977 0.00000000099999999977 0.00202063049484910292 0.00000000099999999977 0.00000000099999999977
60 60 (0) 6 : 0.00000000099999999909 0.00000000099999999909 0.99999998600000028492 0.00000000099999999909 0.00000000099999999909 0.00000000099999999909 0.00000000099999999909 0.00000000099999999909 0.00000000099999999909 0.00000000099999999909 0.00000000099999999909 0.00000000099999999909 0.00000000099999999909 0.00000000099999999909 0.00000000099999999909
61 61 (0) 6 : 0.00000000099999999941 0.00000000099999999941 0.00000000099999999941 0.00000000099999999941 0.00000000099999999941 0.27244751935276362298 0.00000000099999999941 0.33461832357928789072 0.00000000099999999941 0.00000000099999999941 0.00000000099999999941 0.00000000099999999941 0.39293414506794849261 0.00000000099999999941 0.00000000099999999941
62 62 (0) 6 : 0.99999998600000017390 0.00000000099999999897 0.00000000099999999897 0.00000000099999999897 0.00000000099999999897 0.00000000099999999897 0.00000000099999999897 0.00000000099999999897 0.00000000099999999897 0.00000000099999999897 0.00000000099999999897 0.00000000099999999897 0.00000000099999999897 0.00000000099999999897 0.00000000099999999897
63 63 (0) 6 : 0.00000000099999999991 0.08228569920317878317 0.00000000099999999991 0.01521838622016353539 0.00000000099999999991 0.00000000099999999991 0.39530568054224929364 0.00000000099999999991 0.11949015482116814857 0.05450094706664258826 0.00395643024693856891 0.00000000099999999991 0.00000000099999999991 0.32924269389965910015 0.00000000099999999991
64 64 (0) 7 : 0.00000000099999999919 0.00000000099999999919 0.00000000099999999919 0.00000000099999999919 0.00000000099999999919 0.00000000099999999919 0.99999998600000006288 0.00000000099999999919 0.00000000099999999919 0.00000000099999999919 0.00000000099999999919 0.00000000099999999919 0.00000000099999999919 0.00000000099999999919 0.00000000099999999919
65 65 (0) 7 : 0.00000000099999999909 0.00000000099999999909 0.00000000099999999909 0.00000000099999999909 0.00000000099999999909 0.00000000099999999909 0.99999998600000006288 0.00000000099999999909 0.00000000099999999909 0.00000000099999999909 0.00000000099999999909 0.00000000099999999909 0.00000000099999999909 0.00000000099999999909 0.00000000099999999909
66 66 (0) 7 : 0.00000000099999999944 0.00000000099999999944 0.00000000099999999944 0.00000000099999999944 0.00000000099999999944 0.00000000099999999944 0.56149369816042271619 0.00000000099999999944 0.00000000099999999944 0.43850628883957737392 0.00000000099999999944 0.00000000099999999944 0.00000000099999999944 0.00000000099999999944 0.00000000099999999944
67 67 (0) 7 : 0.00000000099999999971 0.00000000099999999971 0.00000000099999999971 0.01410628570494391019 0.00000000099999999971 0.00000000099999999971 0.39786615880373915610 0.00000000099999999971 0.43696557725665013949 0.09679971495141546922 0.05426225328325133546 0.00000000099999999971 0.00000000099999999971 0.00000000099999999971 0.00000000099999999971
68 68 (0) 8 : 0.00000000099999999964 0.00000000099999999964 0.00000000099999999964 0.00000000099999999964 0.12976540298014110908 0.00000000099999999964 0.00000000099999999964 0.87023458401985909205 0.00000000099999999964 0.00000000099999999964 0.00000000099999999964 0.00000000099999999964 0.00000000099999999964 0.00000000099999999964 0.00000000099999999964
69 69 (0) 8 : 0.15480905353409080139 0.00000000099999999983 0.30029146178363880226 0.00000000099999999983 0.25196550526740046916 0.00000000099999999983 0.00000000099999999983 0.19272608205432148476 0.00000000099999999983 0.00000000099999999983 0.00000000099999999983 0.03250554026713238509 0.06770234809341614535 0.00000000099999999983 0.00000000099999999983
70 70 (0) 8 : 0.00000000099999999901 0.00000000099999999901 0.00000000099999999901 0.00000000099999999901 0.00000000099999999901 0.99999998600000017390 0.00000000099999999901 0.00000000099999999901 0.00000000099999999901 0.00000000099999999901 0.00000000099999999901 0.00000000099999999901 0.00000000099999999901 0.00000000099999999901 0.00000000099999999901
71 71 (0) 8 : 0.00000000099999999990 0.00000000099999999990 0.00000000099999999990 0.00000000099999999990 0.00016134026932818353 0.28939556155137430293 0.00000000099999999990 0.24560937611334257569 0.00000000099999999990 0.00000000099999999990 0.00000000099999999990 0.35585233145010991551 0.04863953329592388131 0.00000000099999999990 0.06034184831992125964
72 72 (0) 8 : 0.00000000099999999977 0.00000000099999999977 0.00000000099999999977 0.00000000099999999977 0.14879702460710850231 0.41186888474161981177 0.00000000099999999977 0.21557366814969391999 0.00000000099999999977 0.00000000099999999977 0.00000000099999999977 0.08121862463652824993 0.00000000099999999977 0.00000000099999999977 0.14254178786504970167
73 73 (0) 8 : 0.00000000099999999942 0.00000000099999999942 0.00000000099999999942 0.00000000099999999942 0.99999998600000017390 0.00000000099999999942 0.00000000099999999942 0.00000000099999999942 0.00000000099999999942 0.00000000099999999942 0.00000000099999999942 0.00000000099999999942 0.00000000099999999942 0.00000000099999999942 0.00000000099999999942
74 74 (0) 9 : 0.00000000099999999953 0.00000000099999999953 0.00000000099999999953 0.00000000099999999953 0.00000000099999999953 0.00000000099999999953 0.00000000099999999953 0.00000000099999999953 0.00000000099999999953 0.99999998600000006288 0.00000000099999999953 0.00000000099999999953 0.00000000099999999953 0.00000000099999999953 0.00000000099999999953
75 75 (0) 9 : 0.00000000099999999915 0.00000000099999999915 0.00000000099999999915 0.00000000099999999915 0.00000000099999999915 0.00000000099999999915 0.00000000099999999915 0.00000000099999999915 0.00000000099999999915 0.99999998600000017390 0.00000000099999999915 0.00000000099999999915 0.00000000099999999915 0.00000000099999999915 0.00000000099999999915
76 76 (0) 10 : 0.00000000099999999878 0.00000000099999999878 0.00000000099999999878 0.00000000099999999878 0.00000000099999999878 0.00000000099999999878 0.00000000099999999878 0.00000000099999999878 0.99999998599999995186 0.00000000099999999878 0.00000000099999999878 0.00000000099999999878 0.00000000099999999878 0.00000000099999999878 0.00000000099999999878
77 77 (0) 11 : 0.00000000099999999887 0.00000000099999999887 0.00000000099999999887 0.00000000099999999887 0.00000000099999999887 0.00000000099999999887 0.00000000099999999887 0.00000000099999999887 0.99999998600000006288 0.00000000099999999887 0.00000000099999999887 0.00000000099999999887 0.00000000099999999887 0.00000000099999999887 0.00000000099999999887
78 78 (0) 12 : 0.00000000099999999885 0.00000000099999999885 0.00000000099999999885 0.99999998600000006288 0.00000000099999999885 0.00000000099999999885 0.00000000099999999885 0.00000000099999999885 0.00000000099999999885 0.00000000099999999885 0.00000000099999999885 0.00000000099999999885 0.00000000099999999885 0.00000000099999999885 0.00000000099999999885
79 79 (0) 13 : 0.00000000099999999976 0.00000000099999999976 0.00000000099999999976 0.00000000099999999976 0.99999998600000017390 0.00000000099999999976 0.00000000099999999976 0.00000000099999999976 0.00000000099999999976 0.00000000099999999976 0.00000000099999999976 0.00000000099999999976 0.00000000099999999976 0.00000000099999999976 0.00000000099999999976
80 80 (0) 13 : 0.00000000099999999895 0.00000000099999999895 0.00000000099999999895 0.00000000099999999895 0.00000000099999999895 0.99999998600000017390 0.00000000099999999895 0.00000000099999999895 0.00000000099999999895 0.00000000099999999895 0.00000000099999999895 0.00000000099999999895 0.00000000099999999895 0.00000000099999999895 0.00000000099999999895
