1:	0.0000 0.9187 0.0813 0.0000 0.0000 	6
2:	0.0015 0.9206 0.0688 0.0031 0.0060 	7
3:	0.2664 0.0000 0.0872 0.3766 0.2699 	12
4:	0.2619 0.2504 0.0000 0.2244 0.2634 	14
5:	0.2876 0.3077 0.0000 0.1864 0.2183 	13
6:	0.1780 0.2535 0.2934 0.1200 0.1550 	11
7:	0.0000 0.9835 0.0165 0.0000 0.0000 	4
8:	0.4497 0.0130 0.2243 0.2018 0.1111 	6
9:	0.0272 0.8558 0.0960 0.0133 0.0076 	2
10:	0.0000 1.0000 0.0000 0.0000 0.0000 	1
11:	0.0000 1.0000 0.0000 0.0000 0.0000 	1
12:	0.0000 1.0000 0.0000 0.0000 0.0000 	1
13:	0.3526 0.0000 0.2944 0.1867 0.1663 	2
