1 1 (0) 1 : 0.00000000099999999972 0.00000000099999999972 0.99999999599999989108 0.00000000099999999972 0.00000000099999999972
2 2 (0) 1 : 0.15044603316089893985 0.00000000099999999986 0.84955396383910097846 0.00000000099999999986 0.00000000099999999986
3 3 (0) 1 : 0.11609945764337249730 0.00000000099999999989 0.88390053935662737938 0.00000000099999999989 0.00000000099999999989
4 4 (0) 1 : 0.08928611320028996545 0.00000000099999999987 0.91071388379971007776 0.00000000099999999987 0.00000000099999999987
5 5 (0) 1 : 0.00000000099999999984 0.00000000099999999984 0.99999999599999989108 0.00000000099999999984 0.00000000099999999984
6 6 (0) 1 : 0.13578537653991590295 0.00000000099999999992 0.86421462046008412639 0.00000000099999999992 0.00000000099999999992
7 7 (0) 2 : 0.00000000099999999968 0.00000000099999999968 0.99999999599999989108 0.00000000099999999968 0.00000000099999999968
8 8 (0) 2 : 0.15972641090770653416 0.00000000099999999993 0.84027358609229352293 0.00000000099999999993 0.00000000099999999993
9 9 (0) 2 : 0.01786629553877535151 0.00000000100000000000 0.91057938993685605400 0.00000000100000000000 0.07155431252436873779
10 10 (0) 2 : 0.00000000099999999970 0.00000000099999999970 0.99999999600000000211 0.00000000099999999970 0.00000000099999999970
11 11 (0) 2 : 0.01974669480227850965 0.00000000099999999987 0.98025330219772155438 0.00000000099999999987 0.00000000099999999987
12 12 (0) 2 : 0.00000000099999999973 0.00000000099999999973 0.99999999599999989108 0.00000000099999999973 0.00000000099999999973
13 13 (0) 2 : 0.29442644734605061263 0.00000000099999999992 0.70557354965394925017 0.00000000099999999992 0.00000000099999999992
14 14 (0) 3 : 0.00000000099999999982 0.99999999600000000211 0.00000000099999999982 0.00000000099999999982 0.00000000099999999982
15 15 (0) 3 : 0.00000000099999999990 0.28534251382004327535 0.00000000099999999990 0.27488282197440117027 0.43977466220555544441
16 16 (0) 3 : 0.00000000099999999980 0.00000000099999999980 0.00000000099999999980 0.99999999599999989108 0.00000000099999999980
17 17 (0) 3 : 0.00000000099999999987 0.00000000099999999987 0.00000000099999999987 0.00000000099999999987 0.99999999600000000211
18 18 (0) 3 : 0.00000000099999999982 0.00000000099999999982 0.00000000099999999982 0.99999999600000000211 0.00000000099999999982
19 19 (0) 3 : 0.00000000099999999985 0.29392807051877528624 0.00000000099999999985 0.43072331379958811448 0.27534861368163648931
20 20 (0) 3 : 0.00000047562326798310 0.00000000099999999988 0.00000000099999999988 0.99999952137673198127 0.00000000099999999988
21 21 (0) 3 : 0.00000000099999999985 0.36282696455023355497 0.00000000099999999985 0.41162613713982287855 0.22554689630994342875
22 22 (0) 3 : 0.00000000099999999985 0.33830784549897624514 0.00000000099999999985 0.23946334296427684851 0.42222880953674679638
23 23 (0) 3 : 0.00000000099999999980 0.00000000099999999980 0.00000000099999999980 0.00000000099999999980 0.99999999600000000211
24 24 (0) 3 : 0.00000000099999999984 0.39266251897206660981 0.00000000099999999984 0.60733747802793325299 0.00000000099999999984
25 25 (0) 3 : 0.99999999600000011313 0.00000000099999999979 0.00000000099999999979 0.00000000099999999979 0.00000000099999999979
26 26 (0) 4 : 0.00000000099999999985 0.00000000099999999985 0.99999999600000000211 0.00000000099999999985 0.00000000099999999985
27 27 (0) 4 : 0.00000000099999999981 0.00000000099999999981 0.00000000099999999981 0.00000000099999999981 0.99999999600000000211
28 28 (0) 4 : 0.00000000099999999980 0.99999999600000011313 0.00000000099999999980 0.00000000099999999980 0.00000000099999999980
29 29 (0) 4 : 0.00000000099999999977 0.00000000099999999977 0.99999999599999989108 0.00000000099999999977 0.00000000099999999977
30 30 (0) 4 : 0.00000000099999999980 0.00000000099999999980 0.00000000099999999980 0.99999999599999989108 0.00000000099999999980
31 31 (0) 4 : 0.00000000099999999986 0.35563087761419087673 0.00000000099999999986 0.00000000099999999986 0.64436911938580909709
32 32 (0) 4 : 0.00000000099999999998 0.24949794178509543396 0.50461338458318505396 0.14134244307583879174 0.10454622955588062372
33 33 (0) 4 : 0.00000000099999999979 0.00000000099999999979 0.00000000099999999979 0.99999999599999989108 0.00000000099999999979
34 34 (0) 4 : 0.00000000099999999985 0.45035177693782874053 0.00000000099999999985 0.32676441367472675026 0.22288380738744431597
35 35 (0) 4 : 0.00000000099999999978 0.00000000099999999978 0.00000000099999999978 0.00000000099999999978 0.99999999599999989108
36 36 (0) 4 : 0.00000000099999999982 0.65024591086239613702 0.00000000099999999982 0.34975408613760372578 0.00000000099999999982
37 37 (0) 4 : 0.00000000099999999982 0.65672610818306120795 0.00000000099999999982 0.34327386534526965756 0.00000002447166916850
38 38 (0) 4 : 0.00000000099999999982 0.51924624810065422853 0.00000000099999999982 0.19686023039904582133 0.28389351950029989569
39 39 (0) 4 : 0.00000000099999999975 0.00000000099999999975 0.99999999599999989108 0.00000000099999999975 0.00000000099999999975
40 40 (0) 5 : 0.00000000099999999985 0.99999999600000011313 0.00000000099999999985 0.00000000099999999985 0.00000000099999999985
41 41 (0) 5 : 0.00000000099999999986 0.00000000099999999986 0.00000000099999999986 0.60701966235582172082 0.39298033464417819749
42 42 (0) 5 : 0.00000000099999999988 0.53966712479941525427 0.00000000099999999988 0.44736590507337214984 0.01296696812721259522
43 43 (0) 5 : 0.00000000099999999968 0.00000000099999999968 0.99999999599999989108 0.00000000099999999968 0.00000000099999999968
44 44 (0) 5 : 0.00000000099999999978 0.00000000099999999978 0.00000000099999999978 0.99999999599999989108 0.00000000099999999978
45 45 (0) 5 : 0.00000000099999999990 0.63361390002797890464 0.00000000099999999990 0.36638608323879962025 0.00000001473322142831
46 46 (0) 5 : 0.00000000099999999983 0.00000000099999999983 0.00000000099999999983 0.00000000099999999983 0.99999999600000000211
47 47 (0) 5 : 0.00000000099999999981 0.00000000099999999981 0.00000000099999999981 0.00000000099999999981 0.99999999600000000211
48 48 (0) 5 : 0.00000000099999999981 0.99999999600000011313 0.00000000099999999981 0.00000000099999999981 0.00000000099999999981
49 49 (0) 5 : 0.00000000099999999971 0.00000000099999999971 0.99999999600000000211 0.00000000099999999971 0.00000000099999999971
50 50 (0) 5 : 0.00000000099999999988 0.62779830701007088845 0.00000000099999999988 0.37220168998992902987 0.00000000099999999988
51 51 (0) 5 : 0.00000000099999999969 0.00000000099999999969 0.99999999599999989108 0.00000000099999999969 0.00000000099999999969
52 52 (0) 5 : 0.00000000099999999967 0.00000000099999999967 0.99999999599999989108 0.00000000099999999967 0.00000000099999999967
53 53 (0) 6 : 0.00000000099999999963 0.00000000099999999963 0.99999999599999989108 0.00000000099999999963 0.00000000099999999963
54 54 (0) 6 : 0.00000000099999999980 0.00000000099999999980 0.00000000099999999980 0.00000000099999999980 0.99999999600000000211
55 55 (0) 6 : 0.07719940972261818413 0.00000000099999999994 0.92280058727738190072 0.00000000099999999994 0.00000000099999999994
56 56 (0) 6 : 0.99999999600000000211 0.00000000099999999988 0.00000000099999999988 0.00000000099999999988 0.00000000099999999988
57 57 (0) 6 : 0.99999999600000011313 0.00000000099999999977 0.00000000099999999977 0.00000000099999999977 0.00000000099999999977
58 58 (0) 6 : 0.99999999600000011313 0.00000000099999999982 0.00000000099999999982 0.00000000099999999982 0.00000000099999999982
59 59 (0) 6 : 0.06041713737755850105 0.93958285962244159073 0.00000000099999999998 0.00000000099999999998 0.00000000099999999998
60 60 (0) 6 : 0.00000000099999999984 0.99999999600000000211 0.00000000099999999984 0.00000000099999999984 0.00000000099999999984
61 61 (0) 6 : 0.00000000099999999989 0.31405676173435448373 0.00000000099999999989 0.68594323526564549010 0.00000000099999999989
62 62 (0) 6 : 0.00000000099999999983 0.00000000099999999983 0.00000000099999999983 0.00000000099999999983 0.99999999599999989108
63 63 (0) 6 : 0.08979290147190849281 0.00000000099999999999 0.86083275732432673610 0.00000000099999999999 0.04937433920376478602
64 64 (0) 7 : 0.00000000099999999972 0.00000000099999999972 0.99999999600000000211 0.00000000099999999972 0.00000000099999999972
65 65 (0) 7 : 0.00000000099999999966 0.00000000099999999966 0.99999999599999989108 0.00000000099999999966 0.00000000099999999966
66 66 (0) 7 : 0.02803825076887035000 0.00000000099999999997 0.97196174623112974178 0.00000000099999999997 0.00000000099999999997
67 67 (0) 7 : 0.03834337423943378481 0.00000000099999999995 0.96165662276056618207 0.00000000099999999995 0.00000000099999999995
68 68 (0) 8 : 0.08787778427536184489 0.27496617946853657566 0.00000000099999999999 0.06604891082206386377 0.57110712443403766070
69 69 (0) 8 : 0.13566941276748292755 0.28008532840490418803 0.05129644746280615647 0.23152615489042746577 0.30142265647437921361
70 70 (0) 8 : 0.00000000099999999984 0.62715929076615894999 0.00000000099999999984 0.37284070623384102383 0.00000000099999999984
71 71 (0) 8 : 0.01788454053140147229 0.35589797157800329153 0.02183331306259839871 0.60426231977175959287 0.00012185505623728110
72 72 (0) 8 : 0.11203898202350821844 0.42629571750216227466 0.00000000099999999999 0.45762491055623499836 0.00404038891809441539
73 73 (0) 8 : 0.99999999600000011313 0.00000000099999999996 0.00000000099999999996 0.00000000099999999996 0.00000000099999999996
74 74 (0) 9 : 0.12785656405926584811 0.05243814073798255121 0.81970529320275153928 0.00000000099999999999 0.00000000099999999999
75 75 (0) 9 : 0.07138525971237182077 0.00000000099999999999 0.89062820115718521752 0.03798653713044288643 0.00000000099999999999
76 76 (0) 10 : 0.00000000099999999967 0.00000000099999999967 0.99999999600000000211 0.00000000099999999967 0.00000000099999999967
77 77 (0) 11 : 0.00000000099999999974 0.00000000099999999974 0.99999999599999989108 0.00000000099999999974 0.00000000099999999974
78 78 (0) 12 : 0.00000000099999999974 0.00000000099999999974 0.99999999600000000211 0.00000000099999999974 0.00000000099999999974
79 79 (0) 13 : 0.58778988659837105857 0.04434052395924751450 0.00000000099999999999 0.25421747994120946768 0.11365210850117203611
80 80 (0) 13 : 0.00000000099999999979 0.99999999600000011313 0.00000000099999999979 0.00000000099999999979 0.00000000099999999979
1 1 (0) 1 : 0.00000000099999999972 0.00000000099999999972 0.00000000099999999972 0.99999999599999989108 0.00000000099999999972
2 2 (0) 1 : 0.14964080107828317545 0.00000000099999999986 0.00000000099999999986 0.85035919592171682613 0.00000000099999999986
3 3 (0) 1 : 0.11414508919957747080 0.00000000099999999989 0.00000000099999999989 0.88585490780042253078 0.00000000099999999989
4 4 (0) 1 : 0.08790535601185781034 0.00000000099999999987 0.00000000099999999987 0.91209464098814208022 0.00000000099999999987
5 5 (0) 1 : 0.00000000099999999984 0.00000000099999999984 0.00000000099999999984 0.99999999600000000211 0.00000000099999999984
6 6 (0) 1 : 0.13271281253967986968 0.00000000099999999993 0.00000000099999999993 0.86728718446032015965 0.00000000099999999993
7 7 (0) 2 : 0.00000000099999999968 0.00000000099999999968 0.00000000099999999968 0.99999999600000000211 0.00000000099999999968
8 8 (0) 2 : 0.15764153101368713616 0.00000000099999999994 0.00000000099999999994 0.84235846598631280990 0.00000000099999999994
9 9 (0) 2 : 0.01536461111320644619 0.07406604477647110718 0.00000000099999999998 0.91056934211032236615 0.00000000099999999998
10 10 (0) 2 : 0.00000000099999999970 0.00000000099999999970 0.00000000099999999970 0.99999999600000000211 0.00000000099999999970
11 11 (0) 2 : 0.01302806276285847602 0.00000000099999999987 0.00000000099999999987 0.98697193423714157934 0.00000000099999999987
12 12 (0) 2 : 0.00000000099999999973 0.00000000099999999973 0.00000000099999999973 0.99999999599999989108 0.00000000099999999973
13 13 (0) 2 : 0.29271884996724129024 0.00000000099999999992 0.00000000099999999992 0.70728114703275868358 0.00000000099999999992
14 14 (0) 3 : 0.00000000099999999983 0.00000000099999999983 0.00000000099999999983 0.00000000099999999983 0.99999999599999989108
15 15 (0) 3 : 0.00000000099999999983 0.99999999600000011313 0.00000000099999999983 0.00000000099999999983 0.00000000099999999983
16 16 (0) 3 : 0.00000000099999999984 0.30409144607946919647 0.00000000099999999984 0.00000000099999999984 0.69590855092053061082
17 17 (0) 3 : 0.00000000099999999990 0.53627288313427112776 0.00026280470407255856 0.00000000099999999990 0.46346431016165634542
18 18 (0) 3 : 0.00000000099999999983 0.00000000099999999983 0.99999999599999989108 0.00000000099999999983 0.00000000099999999983
19 19 (0) 3 : 0.00000000099999999982 0.00000000099999999982 0.99999999599999989108 0.00000000099999999982 0.00000000099999999982
20 20 (0) 3 : 0.05221854737421681436 0.00000000099999999989 0.94778144962578325661 0.00000000099999999989 0.00000000099999999989
21 21 (0) 3 : 0.00000000099999999984 0.39988826723851667033 0.00000000099999999984 0.00000000099999999984 0.60011172976148330349
22 22 (0) 3 : 0.00000000099999999977 0.99999999600000000211 0.00000000099999999977 0.00000000099999999977 0.00000000099999999977
23 23 (0) 3 : 0.00000000099999999977 0.99999999600000011313 0.00000000099999999977 0.00000000099999999977 0.00000000099999999977
24 24 (0) 3 : 0.00000000099999999981 0.00000000099999999981 0.99999999600000000211 0.00000000099999999981 0.00000000099999999981
25 25 (0) 3 : 0.99999999600000011313 0.00000000099999999979 0.00000000099999999979 0.00000000099999999979 0.00000000099999999979
26 26 (0) 4 : 0.00000000099999999985 0.00000000099999999985 0.00000000099999999985 0.99999999599999989108 0.00000000099999999985
27 27 (0) 4 : 0.00000000099999999982 0.00000000099999999982 0.99999999600000000211 0.00000000099999999982 0.00000000099999999982
28 28 (0) 4 : 0.00000000099999999981 0.00000000099999999981 0.99999999599999989108 0.00000000099999999981 0.00000000099999999981
29 29 (0) 4 : 0.00000000099999999977 0.00000000099999999977 0.00000000099999999977 0.99999999600000000211 0.00000000099999999977
30 30 (0) 4 : 0.00000000099999999983 0.29674440140200791793 0.00000000099999999983 0.00000000099999999983 0.70325559559799188936
31 31 (0) 4 : 0.00000000099999999987 0.30677654223828659807 0.00073574205729618771 0.00000000099999999987 0.69248771370441708495
32 32 (0) 4 : 0.00000000099999999998 0.14029927281495821467 0.09370533222158240749 0.50534518389049176701 0.26065021007296762523
33 33 (0) 4 : 0.00000000099999999982 0.00000000099999999982 0.99999999600000000211 0.00000000099999999982 0.00000000099999999982
34 34 (0) 4 : 0.00000000099999999985 0.37574842698640675831 0.62425157001359310449 0.00000000099999999985 0.00000000099999999985
35 35 (0) 4 : 0.00000000099999999984 0.21747296636430474281 0.45643700802572656494 0.00000000099999999984 0.32609002360996874881
36 36 (0) 4 : 0.00000000099999999982 0.00000000099999999982 0.35016934506121416559 0.00000000099999999982 0.64983065193878586374
37 37 (0) 4 : 0.00000000099999999982 0.45834803469997859038 0.00000000099999999982 0.00000000099999999982 0.54165196230002132793
38 38 (0) 4 : 0.00000000099999999979 0.00000000099999999979 0.00000000099999999979 0.00000000099999999979 0.99999999599999989108
39 39 (0) 4 : 0.00000000099999999975 0.00000000099999999975 0.00000000099999999975 0.99999999599999989108 0.00000000099999999975
40 40 (0) 5 : 0.00000000099999999985 0.00000000099999999985 0.00000000099999999985 0.00000000099999999985 0.99999999599999989108
41 41 (0) 5 : 0.00000000099999999983 0.00000000099999999983 0.99999999599999989108 0.00000000099999999983 0.00000000099999999983
42 42 (0) 5 : 0.00000000099999999985 0.00000000099999999985 0.00000000099999999985 0.00000000099999999985 0.99999999599999989108
43 43 (0) 5 : 0.00000000099999999968 0.00000000099999999968 0.00000000099999999968 0.99999999600000000211 0.00000000099999999968
44 44 (0) 5 : 0.00000000099999999982 0.52949378248807488223 0.47050621451192509159 0.00000000099999999982 0.00000000099999999982
45 45 (0) 5 : 0.00000000099999999989 0.00000000099999999989 0.21719431128214952698 0.00000000099999999989 0.78280568571785036358
46 46 (0) 5 : 0.00000000099999999983 0.00000000099999999983 0.99999999599999989108 0.00000000099999999983 0.00000000099999999983
47 47 (0) 5 : 0.00000000099999999985 0.27021329926522880127 0.72978669773477122806 0.00000000099999999985 0.00000000099999999985
48 48 (0) 5 : 0.00000000099999999983 0.00000000099999999983 0.00000000099999999983 0.00000000099999999983 0.99999999600000000211
49 49 (0) 5 : 0.00000000099999999971 0.00000000099999999971 0.00000000099999999971 0.99999999599999989108 0.00000000099999999971
50 50 (0) 5 : 0.00000000099999999986 0.00000000099999999986 0.00000000099999999986 0.00000000099999999986 0.99999999600000000211
51 51 (0) 5 : 0.00000000099999999969 0.00000000099999999969 0.00000000099999999969 0.99999999600000000211 0.00000000099999999969
52 52 (0) 5 : 0.00000000099999999967 0.00000000099999999967 0.00000000099999999967 0.99999999600000000211 0.00000000099999999967
53 53 (0) 6 : 0.00000000099999999963 0.00000000099999999963 0.00000000099999999963 0.99999999600000000211 0.00000000099999999963
54 54 (0) 6 : 0.00000000099999999977 0.99999999600000011313 0.00000000099999999977 0.00000000099999999977 0.00000000099999999977
55 55 (0) 6 : 0.07679794349596863468 0.00000000099999999994 0.00000000099999999994 0.92320205350403139466 0.00000000099999999994
56 56 (0) 6 : 0.99999999600000000211 0.00000000099999999988 0.00000000099999999988 0.00000000099999999988 0.00000000099999999988
57 57 (0) 6 : 0.99999999600000011313 0.00000000099999999977 0.00000000099999999977 0.00000000099999999977 0.00000000099999999977
58 58 (0) 6 : 0.99999999600000000211 0.00000000099999999982 0.00000000099999999982 0.00000000099999999982 0.00000000099999999982
59 59 (0) 6 : 0.06631752337848631496 0.09380041808224484634 0.11735375319181991227 0.01045531727291475893 0.71207298807453422995
60 60 (0) 6 : 0.00000000099999999985 0.00000000099999999985 0.00000000099999999985 0.00000000099999999985 0.99999999599999989108
61 61 (0) 6 : 0.00000000099999999990 0.00000000099999999990 0.67807341359959794058 0.00000000099999999990 0.32192658340040203324
62 62 (0) 6 : 0.00000000099999999981 0.99999999600000011313 0.00000000099999999981 0.00000000099999999981 0.00000000099999999981
63 63 (0) 6 : 0.08602485040740734390 0.05347820379726457574 0.00000000099999999998 0.86049694379532803978 0.00000000099999999998
64 64 (0) 7 : 0.00000000099999999972 0.00000000099999999972 0.00000000099999999972 0.99999999599999989108 0.00000000099999999972
65 65 (0) 7 : 0.00000000099999999966 0.00000000099999999966 0.00000000099999999966 0.99999999600000000211 0.00000000099999999966
66 66 (0) 7 : 0.02757947598248898860 0.00000000099999999997 0.00000000099999999997 0.97242052101751097481 0.00000000099999999997
67 67 (0) 7 : 0.03784617289380450000 0.00000000099999999995 0.00000000099999999995 0.96215382410619543219 0.00000000099999999995
68 68 (0) 8 : 0.09194726636731129221 0.26329939162446275303 0.00000138038867412343 0.00000000099999999999 0.64475196061955175608
69 69 (0) 8 : 0.13547426756221880861 0.10570960279487054412 0.34469904596197403768 0.05211896155324843849 0.36199812212768822661
70 70 (0) 8 : 0.00000000099999999982 0.00000000099999999982 0.00000000099999999982 0.00000000099999999982 0.99999999600000000211
71 71 (0) 8 : 0.02430502678111680706 0.17192835712418849670 0.25813220821764970569 0.02999591401368959312 0.51563849386335547376
72 72 (0) 8 : 0.11273616882618082979 0.12564040467849127425 0.16500978019169559863 0.00000000099999999999 0.59661364530363214520
73 73 (0) 8 : 0.99999999600000011313 0.00000000099999999996 0.00000000099999999996 0.00000000099999999996 0.00000000099999999996
74 74 (0) 9 : 0.11941266474414057031 0.00000000099999999999 0.00000000099999999999 0.82264462616341316181 0.05794270709244639384
75 75 (0) 9 : 0.07117857033231160535 0.00000000099999999999 0.00000000099999999999 0.88897661704416575112 0.03984481062352263764
76 76 (0) 10 : 0.00000000099999999967 0.00000000099999999967 0.00000000099999999967 0.99999999599999989108 0.00000000099999999967
77 77 (0) 11 : 0.00000000099999999974 0.00000000099999999974 0.00000000099999999974 0.99999999600000000211 0.00000000099999999974
78 78 (0) 12 : 0.00000000099999999974 0.00000000099999999974 0.00000000099999999974 0.99999999600000000211 0.00000000099999999974
79 79 (0) 13 : 0.58944449749755722934 0.06486828837155816929 0.34568674461220999516 0.00000000099999999999 0.00000046851867456832
80 80 (0) 13 : 0.00000000099999999983 0.50721634013129801577 0.00000002699501252854 0.00000000099999999983 0.49278363087368959317
1 1 (0) 1 : 0.00000000099999999972 0.00000000099999999972 0.00000000099999999972 0.99999999599999989108 0.00000000099999999972
2 2 (0) 1 : 0.14997046998409593876 0.00000000099999999986 0.00000000099999999986 0.85002952701590406281 0.00000000099999999986
3 3 (0) 1 : 0.11526295107795336836 0.00000000099999999989 0.00000000099999999989 0.88473704592204660546 0.00000000099999999989
4 4 (0) 1 : 0.08831455299024962291 0.00000000099999999987 0.00000000099999999987 0.91168544400975026765 0.00000000099999999987
5 5 (0) 1 : 0.00000000099999999984 0.00000000099999999984 0.00000000099999999984 0.99999999600000000211 0.00000000099999999984
6 6 (0) 1 : 0.13500835156360013745 0.00000000099999999992 0.00000000099999999992 0.86499164543639983638 0.00000000099999999992
7 7 (0) 2 : 0.00000000099999999968 0.00000000099999999968 0.00000000099999999968 0.99999999599999989108 0.00000000099999999968
8 8 (0) 2 : 0.15830946386373168089 0.00000000099999999993 0.00000000099999999993 0.84169053313626840396 0.00000000099999999993
9 9 (0) 2 : 0.01806703539849434728 0.07316410928212480069 0.00000000099999999999 0.90876885331938084267 0.00000000099999999999
10 10 (0) 2 : 0.00000000099999999970 0.00000000099999999970 0.00000000099999999970 0.99999999599999989108 0.00000000099999999970
11 11 (0) 2 : 0.01623803481768269774 0.00000000099999999987 0.00000000099999999987 0.98376196218231737323 0.00000000099999999987
12 12 (0) 2 : 0.00000000099999999973 0.00000000099999999973 0.00000000099999999973 0.99999999600000000211 0.00000000099999999973
13 13 (0) 2 : 0.29219676871761923742 0.00000000099999999992 0.00000000099999999992 0.70780322828238062538 0.00000000099999999992
14 14 (0) 3 : 0.00000000099999999983 0.99999999600000011313 0.00000000099999999983 0.00000000099999999983 0.00000000099999999983
15 15 (0) 3 : 0.00000000099999999986 0.00000000099999999986 0.00000000099999999986 0.00000000099999999986 0.99999999600000000211
16 16 (0) 3 : 0.00000000099999999985 0.34289043950376485448 0.42422812564034012572 0.00000000099999999985 0.23288143285589493758
17 17 (0) 3 : 0.00000000099999999987 0.99999999600000000211 0.00000000099999999987 0.00000000099999999987 0.00000000099999999987
18 18 (0) 3 : 0.00000000099999999984 0.00000000099999999984 0.00000000099999999984 0.00000000099999999984 0.99999999600000000211
19 19 (0) 3 : 0.00000000099999999983 0.99999999600000011313 0.00000000099999999983 0.00000000099999999983 0.00000000099999999983
20 20 (0) 3 : 0.07197480776170682437 0.00017655658346276887 0.48441341988528086038 0.00000000099999999991 0.44343521476954961269
21 21 (0) 3 : 0.00000000099999999984 0.00000000099999999984 0.36683635408635900665 0.00000000099999999984 0.63316364291364091166
22 22 (0) 3 : 0.00000000099999999981 0.00000000099999999981 0.00000000099999999981 0.00000000099999999981 0.99999999600000000211
23 23 (0) 3 : 0.00000000099999999981 0.00000000099999999981 0.00000000099999999981 0.00000000099999999981 0.99999999600000000211
24 24 (0) 3 : 0.00000000099999999981 0.00000000099999999981 0.00000000099999999981 0.00000000099999999981 0.99999999600000000211
25 25 (0) 3 : 0.99999999600000011313 0.00000000099999999979 0.00000000099999999979 0.00000000099999999979 0.00000000099999999979
26 26 (0) 4 : 0.00000000099999999985 0.00000000099999999985 0.00000000099999999985 0.99999999600000000211 0.00000000099999999985
27 27 (0) 4 : 0.00000000099999999985 0.56151818165180256148 0.00000000123592378784 0.00000000099999999985 0.43848181511227368734
28 28 (0) 4 : 0.00000000099999999983 0.00000000099999999983 0.68502661403443032562 0.00000000099999999983 0.31497338296556959270
29 29 (0) 4 : 0.00000000099999999977 0.00000000099999999977 0.00000000099999999977 0.99999999600000000211 0.00000000099999999977
30 30 (0) 4 : 0.00000000099999999983 0.75243966663939221284 0.24756033036060778874 0.00000000099999999983 0.00000000099999999983
31 31 (0) 4 : 0.00000000099999999981 0.00000000099999999981 0.99999999600000000211 0.00000000099999999981 0.00000000099999999981
32 32 (0) 4 : 0.00000000099999999998 0.22017359261036029139 0.07683104179774319364 0.50517838372914292133 0.19781698086275353865
33 33 (0) 4 : 0.00000000099999999985 0.32847719452959023290 0.00000000099999999985 0.00000000099999999985 0.67152280247040985195
34 34 (0) 4 : 0.00000000099999999985 0.59168177823496270751 0.10280467659443044692 0.00000000099999999985 0.30551354317060691601
35 35 (0) 4 : 0.00000000099999999981 0.99999999600000011313 0.00000000099999999981 0.00000000099999999981 0.00000000099999999981
36 36 (0) 4 : 0.00000000099999999979 0.00000000099999999979 0.99999999600000000211 0.00000000099999999979 0.00000000099999999979
37 37 (0) 4 : 0.00000000099999999982 0.51320585470873769651 0.48679414229126233282 0.00000000099999999982 0.00000000099999999982
38 38 (0) 4 : 0.00000000099999999977 0.00000000099999999977 0.99999999600000000211 0.00000000099999999977 0.00000000099999999977
39 39 (0) 4 : 0.00000000099999999975 0.00000000099999999975 0.00000000099999999975 0.99999999599999989108 0.00000000099999999975
40 40 (0) 5 : 0.00000000099999999986 0.99999999600000011313 0.00000000099999999986 0.00000000099999999986 0.00000000099999999986
41 41 (0) 5 : 0.00000000099999999986 0.36255044541556313842 0.00000000099999999986 0.00000000099999999986 0.63744955158443672438
42 42 (0) 5 : 0.00000000099999999985 0.99999999600000000211 0.00000000099999999985 0.00000000099999999985 0.00000000099999999985
43 43 (0) 5 : 0.00000000099999999968 0.00000000099999999968 0.00000000099999999968 0.99999999600000000211 0.00000000099999999968
44 44 (0) 5 : 0.00000000099999999979 0.00000000099999999979 0.00000000099999999979 0.00000000099999999979 0.99999999599999989108
45 45 (0) 5 : 0.00000000099999999986 0.99999999600000000211 0.00000000099999999986 0.00000000099999999986 0.00000000099999999986
46 46 (0) 5 : 0.00000000099999999981 0.00000000099999999981 0.99999999600000000211 0.00000000099999999981 0.00000000099999999981
47 47 (0) 5 : 0.00000000099999999979 0.00000000099999999979 0.99999999600000000211 0.00000000099999999979 0.00000000099999999979
48 48 (0) 5 : 0.00000000099999999986 0.64571731367649687350 0.00000000099999999986 0.00000000099999999986 0.35428268332350321135
49 49 (0) 5 : 0.00000000099999999971 0.00000000099999999971 0.00000000099999999971 0.99999999600000000211 0.00000000099999999971
50 50 (0) 5 : 0.00000000099999999984 0.00000000099999999984 0.99999999599999989108 0.00000000099999999984 0.00000000099999999984
51 51 (0) 5 : 0.00000000099999999969 0.00000000099999999969 0.00000000099999999969 0.99999999600000000211 0.00000000099999999969
52 52 (0) 5 : 0.00000000099999999967 0.00000000099999999967 0.00000000099999999967 0.99999999599999989108 0.00000000099999999967
53 53 (0) 6 : 0.00000000099999999963 0.00000000099999999963 0.00000000099999999963 0.99999999599999989108 0.00000000099999999963
54 54 (0) 6 : 0.00000000099999999981 0.99999999600000000211 0.00000000099999999981 0.00000000099999999981 0.00000000099999999981
55 55 (0) 6 : 0.07724256670047538464 0.00000000099999999994 0.00000000099999999994 0.92275743029952461693 0.00000000099999999994
56 56 (0) 6 : 0.99999999600000000211 0.00000000099999999988 0.00000000099999999988 0.00000000099999999988 0.00000000099999999988
57 57 (0) 6 : 0.99999999600000011313 0.00000000099999999977 0.00000000099999999977 0.00000000099999999977 0.00000000099999999977
58 58 (0) 6 : 0.99999999600000000211 0.00000000099999999982 0.00000000099999999982 0.00000000099999999982 0.00000000099999999982
59 59 (0) 6 : 0.06295907870411451834 0.93704091829588564977 0.00000000099999999998 0.00000000099999999998 0.00000000099999999998
60 60 (0) 6 : 0.00000000099999999987 0.54882353041501263924 0.45117646658498739010 0.00000000099999999987 0.00000000099999999987
61 61 (0) 6 : 0.00000000099999999987 0.00000000099999999987 0.00000000099999999987 0.00000000099999999987 0.99999999599999989108
62 62 (0) 6 : 0.00000000099999999986 0.43702629748546389932 0.00000010636582485758 0.00000000099999999986 0.56297359414871117611
63 63 (0) 6 : 0.09047766207806305638 0.00000778273805900702 0.00000000099999999999 0.86087119023804459239 0.04864336394583346213
64 64 (0) 7 : 0.00000000099999999972 0.00000000099999999972 0.00000000099999999972 0.99999999600000000211 0.00000000099999999972
65 65 (0) 7 : 0.00000000099999999966 0.00000000099999999966 0.00000000099999999966 0.99999999600000000211 0.00000000099999999966
66 66 (0) 7 : 0.02751135142301121619 0.00000000099999999997 0.00000000099999999997 0.97248864557698866395 0.00000000099999999997
67 67 (0) 7 : 0.03830964471362926366 0.00000000099999999995 0.00000000099999999995 0.96169035228637067547 0.00000000099999999995
68 68 (0) 8 : 0.08187306038069937231 0.00000000099999999997 0.00000000099999999997 0.00000000099999999997 0.91812693661930055988
69 69 (0) 8 : 0.13627194043736837181 0.31685390994514300855 0.17790573734888484592 0.05228091522446529776 0.31668749704413851065
70 70 (0) 8 : 0.00000000099999999981 0.99999999600000011313 0.00000000099999999981 0.00000000099999999981 0.00000000099999999981
71 71 (0) 8 : 0.02135490363456101978 0.44027607705529203663 0.00000004159347445909 0.02923322296734243153 0.50913575474933014942
72 72 (0) 8 : 0.11059104066171664138 0.58794665589881911494 0.00060604716264232741 0.00000000099999999999 0.30085625527682191560
73 73 (0) 8 : 0.99999999600000011313 0.00000000099999999996 0.00000000099999999996 0.00000000099999999996 0.00000000099999999996
74 74 (0) 9 : 0.11416721384396849581 0.06146677505766198757 0.00000000099999999999 0.82436600909836943440 0.00000000099999999999
75 75 (0) 9 : 0.07134933174928104194 0.03957924767425820278 0.00000000099999999999 0.88907141857646077021 0.00000000099999999999
76 76 (0) 10 : 0.00000000099999999967 0.00000000099999999967 0.00000000099999999967 0.99999999600000000211 0.00000000099999999967
77 77 (0) 11 : 0.00000000099999999974 0.00000000099999999974 0.00000000099999999974 0.99999999600000000211 0.00000000099999999974
78 78 (0) 12 : 0.00000000099999999974 0.00000000099999999974 0.00000000099999999974 0.99999999599999989108 0.00000000099999999974
79 79 (0) 13 : 0.58330614426785010185 0.23852399054085374197 0.00000003689945548862 0.00000000099999999999 0.17816982729184058232
80 80 (0) 13 : 0.00000000099999999981 0.00000000099999999981 0.00000000099999999981 0.00000000099999999981 0.99999999600000000211
1 1 (0) 1 : 0.00000000099999999972 0.00000000099999999972 0.00000000099999999972 0.99999999600000000211 0.00000000099999999972
2 2 (0) 1 : 0.00000000099999999986 0.00000000099999999986 0.15023756071973026760 0.84976243628026970622 0.00000000099999999986
3 3 (0) 1 : 0.00000000099999999989 0.00000000099999999989 0.11628448029595224444 0.88371551670404779877 0.00000000099999999989
4 4 (0) 1 : 0.00000000099999999987 0.00000000099999999987 0.08860360864982817775 0.91139638835017167118 0.00000000099999999987
5 5 (0) 1 : 0.00000000099999999984 0.00000000099999999984 0.00000000099999999984 0.99999999599999989108 0.00000000099999999984
6 6 (0) 1 : 0.00000000099999999992 0.00000000099999999992 0.13610572847767382632 0.86389426852232609200 0.00000000099999999992
7 7 (0) 2 : 0.00000000099999999968 0.00000000099999999968 0.00000000099999999968 0.99999999600000000211 0.00000000099999999968
8 8 (0) 2 : 0.00000000099999999993 0.00000000099999999993 0.15904772625069105163 0.84095227074930889444 0.00000000099999999993
9 9 (0) 2 : 0.07276819722591217066 0.00000000099999999999 0.01837711323762707127 0.90885468753646081463 0.00000000099999999999
10 10 (0) 2 : 0.00000000099999999970 0.00000000099999999970 0.00000000099999999970 0.99999999600000000211 0.00000000099999999970
11 11 (0) 2 : 0.00000000099999999987 0.00000000099999999987 0.02119572871289276267 0.97880426828710709319 0.00000000099999999987
12 12 (0) 2 : 0.00000000099999999973 0.00000000099999999973 0.00000000099999999973 0.99999999600000000211 0.00000000099999999973
13 13 (0) 2 : 0.00000000099999999992 0.00000000099999999992 0.29499248366386005005 0.70500751333613997929 0.00000000099999999992
14 14 (0) 3 : 0.42741615617857320331 0.57258384082142677052 0.00000000099999999986 0.00000000099999999986 0.00000000099999999986
15 15 (0) 3 : 0.34365958999828788434 0.26708486459720831574 0.00000000099999999990 0.00000000099999999990 0.38925554340450385649
16 16 (0) 3 : 0.99999999600000011313 0.00000000099999999982 0.00000000099999999982 0.00000000099999999982 0.00000000099999999982
17 17 (0) 3 : 0.35525777780935940964 0.45876724353129622047 0.00000000099999999991 0.00000000099999999991 0.18597497665934445421
18 18 (0) 3 : 0.00000000099999999979 0.00000000099999999979 0.00000000099999999979 0.00000000099999999979 0.99999999599999989108
19 19 (0) 3 : 0.00000000099999999978 0.00000000099999999978 0.00000000099999999978 0.00000000099999999978 0.99999999600000000211
20 20 (0) 3 : 0.00000000099999999985 0.00000000099999999985 0.00000000099999999985 0.00000000099999999985 0.99999999599999989108
21 21 (0) 3 : 0.99999999600000011313 0.00000000099999999981 0.00000000099999999981 0.00000000099999999981 0.00000000099999999981
22 22 (0) 3 : 0.42484327612732530888 0.57515672087267466495 0.00000000099999999984 0.00000000099999999984 0.00000000099999999984
23 23 (0) 3 : 0.99999999600000011313 0.00000000099999999980 0.00000000099999999980 0.00000000099999999980 0.00000000099999999980
24 24 (0) 3 : 0.00000000099999999976 0.00000000099999999976 0.00000000099999999976 0.00000000099999999976 0.99999999599999989108
25 25 (0) 3 : 0.00000000099999999979 0.00000000099999999979 0.99999999599999989108 0.00000000099999999979 0.00000000099999999979
26 26 (0) 4 : 0.00000000099999999985 0.00000000099999999985 0.00000000099999999985 0.99999999600000000211 0.00000000099999999985
27 27 (0) 4 : 0.32727994249258718362 0.47403935618223802528 0.00000000099999999986 0.00000000099999999986 0.19868069932517487541
28 28 (0) 4 : 0.35559525451929097084 0.40480172093334859662 0.00000000099999999985 0.00000000099999999985 0.23960302254736043359
29 29 (0) 4 : 0.00000000099999999977 0.00000000099999999977 0.00000000099999999977 0.99999999599999989108 0.00000000099999999977
30 30 (0) 4 : 0.00000000099999999980 0.99999999600000000211 0.00000000099999999980 0.00000000099999999980 0.00000000099999999980
31 31 (0) 4 : 0.41056992034635697575 0.00008010766306748842 0.00000000099999999986 0.00000000099999999986 0.58934996999057531752
32 32 (0) 4 : 0.15668774830819404142 0.20938555651425141968 0.00000000099999999998 0.50448166559920204488 0.12944502857835260556
33 33 (0) 4 : 0.68647101852275693723 0.00000000099999999985 0.00000000099999999985 0.00000000099999999985 0.31352897847724314762
34 34 (0) 4 : 0.00000000099999999983 0.63381998023145169618 0.00000000099999999983 0.00000000099999999983 0.36618001676854844417
35 35 (0) 4 : 0.00000000099999999979 0.99999999600000000211 0.00000000099999999979 0.00000000099999999979 0.00000000099999999979
36 36 (0) 4 : 0.00000000099999999978 0.00000000099999999978 0.00000000099999999978 0.00000000099999999978 0.99999999599999989108
37 37 (0) 4 : 0.99999999600000000211 0.00000000099999999980 0.00000000099999999980 0.00000000099999999980 0.00000000099999999980
38 38 (0) 4 : 0.99999999600000000211 0.00000000099999999978 0.00000000099999999978 0.00000000099999999978 0.00000000099999999978
39 39 (0) 4 : 0.00000000099999999975 0.00000000099999999975 0.00000000099999999975 0.99999999599999989108 0.00000000099999999975
40 40 (0) 5 : 0.35897298656611092982 0.49655173907504812636 0.00000000099999999990 0.00000000099999999990 0.14447527235884088936
41 41 (0) 5 : 0.99999999600000000211 0.00000000099999999982 0.00000000099999999982 0.00000000099999999982 0.00000000099999999982
42 42 (0) 5 : 0.99999999600000000211 0.00000000099999999985 0.00000000099999999985 0.00000000099999999985 0.00000000099999999985
43 43 (0) 5 : 0.00000000099999999968 0.00000000099999999968 0.00000000099999999968 0.99999999599999989108 0.00000000099999999968
44 44 (0) 5 : 0.64621239263359298022 0.00000000099999999982 0.00000000099999999982 0.00000000099999999982 0.35378760436640704912
45 45 (0) 5 : 0.30957083995037310009 0.49892939967080890407 0.00000000099999999991 0.00000000099999999991 0.19149975837881799690
46 46 (0) 5 : 0.46275062129055932747 0.00000000099999999986 0.00000000099999999986 0.00000000099999999986 0.53724937570944053533
47 47 (0) 5 : 0.00000000099999999983 0.99999999600000000211 0.00000000099999999983 0.00000000099999999983 0.00000000099999999983
48 48 (0) 5 : 0.00000000099999999981 0.99999999600000011313 0.00000000099999999981 0.00000000099999999981 0.00000000099999999981
49 49 (0) 5 : 0.00000000099999999971 0.00000000099999999971 0.00000000099999999971 0.99999999599999989108 0.00000000099999999971
50 50 (0) 5 : 0.54461246565538490305 0.21066079137597612525 0.00000000099999999990 0.00000000099999999990 0.24472674096863908377
51 51 (0) 5 : 0.00000000099999999969 0.00000000099999999969 0.00000000099999999969 0.99999999599999989108 0.00000000099999999969
52 52 (0) 5 : 0.00000000099999999967 0.00000000099999999967 0.00000000099999999967 0.99999999599999989108 0.00000000099999999967
53 53 (0) 6 : 0.00000000099999999963 0.00000000099999999963 0.00000000099999999963 0.99999999599999989108 0.00000000099999999963
54 54 (0) 6 : 0.99999999600000011313 0.00000000099999999981 0.00000000099999999981 0.00000000099999999981 0.00000000099999999981
55 55 (0) 6 : 0.00000000099999999994 0.00000000099999999994 0.07718450263990460358 0.92281549436009535636 0.00000000099999999994
56 56 (0) 6 : 0.00000000099999999988 0.00000000099999999988 0.99999999599999989108 0.00000000099999999988 0.00000000099999999988
57 57 (0) 6 : 0.00000000099999999977 0.00000000099999999977 0.99999999599999989108 0.00000000099999999977 0.00000000099999999977
58 58 (0) 6 : 0.00000000099999999982 0.00000000099999999982 0.99999999599999989108 0.00000000099999999982 0.00000000099999999982
59 59 (0) 6 : 0.00000000099999999997 0.95947684863923876630 0.04052314836076131854 0.00000000099999999997 0.00000000099999999997
60 60 (0) 6 : 0.32433265803401811755 0.67566472348423578520 0.00000000099999999987 0.00000000099999999987 0.00000261648174616290
61 61 (0) 6 : 0.71635185302480153258 0.00000000099999999990 0.00000000099999999990 0.00000000099999999990 0.28364814397519866329
62 62 (0) 6 : 0.36485975633111861205 0.00000000099999999985 0.00000000099999999985 0.00000000099999999985 0.63514024066888119524
63 63 (0) 6 : 0.00056757241028423217 0.00000000100000000000 0.09070524162468583673 0.86175184906571522525 0.04697533589931479625
64 64 (0) 7 : 0.00000000099999999972 0.00000000099999999972 0.00000000099999999972 0.99999999599999989108 0.00000000099999999972
65 65 (0) 7 : 0.00000000099999999966 0.00000000099999999966 0.00000000099999999966 0.99999999599999989108 0.00000000099999999966
66 66 (0) 7 : 0.00000000099999999997 0.00000000099999999997 0.02776514556443156895 0.97223485143556842569 0.00000000099999999997
67 67 (0) 7 : 0.00000000099999999995 0.00000000099999999995 0.03841995739105925900 0.96158003960894078421 0.00000000099999999995
68 68 (0) 8 : 0.42212906109423176115 0.28281616193597614028 0.10522983742239877536 0.00000000099999999999 0.18982493854739321271
69 69 (0) 8 : 0.34634704807868543774 0.24581402001792226897 0.13576107664212114234 0.05169470297274850884 0.22038315228852267680
70 70 (0) 8 : 0.00000000099999999981 0.99999999600000000211 0.00000000099999999981 0.00000000099999999981 0.00000000099999999981
71 71 (0) 8 : 0.45052366348945893648 0.34286556046200250547 0.02354884344948373134 0.03193064531958633712 0.15113128727946859020
72 72 (0) 8 : 0.00000000099999999997 0.90259223468525062728 0.09740774870227010551 0.00000000099999999997 0.00000001461247923637
73 73 (0) 8 : 0.00000000099999999996 0.00000000099999999996 0.99999999600000000211 0.00000000099999999996 0.00000000099999999996
74 74 (0) 9 : 0.05807578201019210351 0.00000000099999999998 0.11949000709554719046 0.82243420889426077647 0.00000000099999999998
75 75 (0) 9 : 0.00000000099999999999 0.04187626494769117885 0.06856705514158525916 0.88955667791072368100 0.00000000099999999999
76 76 (0) 10 : 0.00000000099999999967 0.00000000099999999967 0.00000000099999999967 0.99999999600000000211 0.00000000099999999967
77 77 (0) 11 : 0.00000000099999999974 0.00000000099999999974 0.00000000099999999974 0.99999999600000000211 0.00000000099999999974
78 78 (0) 12 : 0.00000000099999999974 0.00000000099999999974 0.00000000099999999974 0.99999999599999989108 0.00000000099999999974
79 79 (0) 13 : 0.40743904606641673238 0.00028810037390551246 0.59094460238618851111 0.00000000099999999999 0.00132825017348915664
80 80 (0) 13 : 0.00000000099999999979 0.99999999600000000211 0.00000000099999999979 0.00000000099999999979 0.00000000099999999979
1 1 (0) 1 : 0.00000000099999999972 0.00000000099999999972 0.99999999600000000211 0.00000000099999999972 0.00000000099999999972
2 2 (0) 1 : 0.00000000099999999986 0.00000000099999999986 0.85074818961802101125 0.14925180738197879604 0.00000000099999999986
3 3 (0) 1 : 0.00000000099999999989 0.00000000099999999989 0.88477879119707136812 0.11522120580292853631 0.00000000099999999989
4 4 (0) 1 : 0.00000000099999999987 0.00000000099999999987 0.91187057730787235421 0.08812941969212764737 0.00000000099999999987
5 5 (0) 1 : 0.00000000099999999984 0.00000000099999999984 0.99999999600000000211 0.00000000099999999984 0.00000000099999999984
6 6 (0) 1 : 0.00000000099999999992 0.00000000099999999992 0.86520625534259298917 0.13479374165740679037 0.00000000099999999992
7 7 (0) 2 : 0.00000000099999999968 0.00000000099999999968 0.99999999600000000211 0.00000000099999999968 0.00000000099999999968
8 8 (0) 2 : 0.00000000099999999993 0.00000000099999999993 0.84289182462001055463 0.15710817237998947471 0.00000000099999999993
9 9 (0) 2 : 0.07762944647657643582 0.00000000099999999997 0.91096741099045608347 0.01140314053296737420 0.00000000099999999997
10 10 (0) 2 : 0.00000000099999999970 0.00000000099999999970 0.99999999599999989108 0.00000000099999999970 0.00000000099999999970
11 11 (0) 2 : 0.00000000099999999987 0.00000000099999999987 0.98390888711952928514 0.01609110988047057419 0.00000000099999999987
12 12 (0) 2 : 0.00000000099999999973 0.00000000099999999973 0.99999999599999989108 0.00000000099999999973 0.00000000099999999973
13 13 (0) 2 : 0.00000000099999999992 0.00000000099999999992 0.70868388128003234616 0.29131611571996757215 0.00000000099999999992
14 14 (0) 3 : 0.00000000099999999981 0.99999999600000000211 0.00000000099999999981 0.00000000099999999981 0.00000000099999999981
15 15 (0) 3 : 0.40576447164926549016 0.14514469652774722452 0.00000000099999999990 0.00000000099999999990 0.44909082982298736964
16 16 (0) 3 : 0.50110401067386567409 0.49889598632613429974 0.00000000099999999984 0.00000000099999999984 0.00000000099999999984
17 17 (0) 3 : 0.29421612418833270608 0.44021828250654132519 0.00000000099999999991 0.00000000099999999991 0.26556559130512585876
18 18 (0) 3 : 0.00000000099999999982 0.99999999600000011313 0.00000000099999999982 0.00000000099999999982 0.00000000099999999982
19 19 (0) 3 : 0.30714407568588691921 0.47863832834318609244 0.00000000099999999985 0.00000000099999999985 0.21421759397092710042
20 20 (0) 3 : 0.56060990192718973546 0.00000013877230795686 0.00000000099999999991 0.07333170488660553654 0.36605825341389663929
21 21 (0) 3 : 0.54112697455355018850 0.16660076028328102415 0.00000000099999999985 0.00000000099999999985 0.29227226316316873289
22 22 (0) 3 : 0.99999999600000000211 0.00000000099999999982 0.00000000099999999982 0.00000000099999999982 0.00000000099999999982
23 23 (0) 3 : 0.53113187549945717336 0.00000000099999999983 0.00000000099999999983 0.00000000099999999983 0.46886812150054296700
24 24 (0) 3 : 0.00000000099999999979 0.00000000099999999979 0.00000000099999999979 0.00000000099999999979 0.99999999599999989108
25 25 (0) 3 : 0.00000000099999999979 0.00000000099999999979 0.00000000099999999979 0.99999999600000000211 0.00000000099999999979
26 26 (0) 4 : 0.00000000099999999985 0.00000000099999999985 0.99999999600000000211 0.00000000099999999985 0.00000000099999999985
27 27 (0) 4 : 0.35575879642032043337 0.38566344809170588492 0.00000000099999999986 0.00000000099999999986 0.25857775348797373827
28 28 (0) 4 : 0.99999999600000000211 0.00000000099999999981 0.00000000099999999981 0.00000000099999999981 0.00000000099999999981
29 29 (0) 4 : 0.00000000099999999977 0.00000000099999999977 0.99999999599999989108 0.00000000099999999977 0.00000000099999999977
30 30 (0) 4 : 0.99999999600000011313 0.00000000099999999980 0.00000000099999999980 0.00000000099999999980 0.00000000099999999980
31 31 (0) 4 : 0.48764776760509315201 0.00000003771261690234 0.00000000099999999987 0.00000000099999999987 0.51235219268228993084
32 32 (0) 4 : 0.19018284677878313782 0.22225451904100335110 0.50465626399611318575 0.00000000099999999998 0.08290636918410031198
33 33 (0) 4 : 0.37371167880831362984 0.00000000099999999985 0.00000000099999999985 0.00000000099999999985 0.62628831819168639949
34 34 (0) 4 : 0.62696461107447565286 0.37303538592552432096 0.00000000099999999985 0.00000000099999999985 0.00000000099999999985
35 35 (0) 4 : 0.00000000099999999979 0.00000000099999999979 0.00000000099999999979 0.00000000099999999979 0.99999999599999989108
36 36 (0) 4 : 0.53742459393958352809 0.26152625692029402016 0.00000000099999999983 0.00000000099999999983 0.20104914714012239729
37 37 (0) 4 : 0.99999999600000000211 0.00000000099999999980 0.00000000099999999980 0.00000000099999999980 0.00000000099999999980
38 38 (0) 4 : 0.63076080235914011585 0.36923919464085980247 0.00000000099999999982 0.00000000099999999982 0.00000000099999999982
39 39 (0) 4 : 0.00000000099999999975 0.00000000099999999975 0.99999999600000000211 0.00000000099999999975 0.00000000099999999975
40 40 (0) 5 : 0.00000000099999999984 0.99999999600000011313 0.00000000099999999984 0.00000000099999999984 0.00000000099999999984
41 41 (0) 5 : 0.00000000099999999981 0.00000000099999999981 0.00000000099999999981 0.00000000099999999981 0.99999999599999989108
42 42 (0) 5 : 0.30926302837004970847 0.41187368696927839640 0.00000000099999999988 0.00000000099999999988 0.27886328266067206272
43 43 (0) 5 : 0.00000000099999999968 0.00000000099999999968 0.99999999600000000211 0.00000000099999999968 0.00000000099999999968
44 44 (0) 5 : 0.00000000099999999979 0.00000000099999999979 0.00000000099999999979 0.00000000099999999979 0.99999999600000000211
45 45 (0) 5 : 0.00000000099999999983 0.99999999600000000211 0.00000000099999999983 0.00000000099999999983 0.00000000099999999983
46 46 (0) 5 : 0.00000000099999999981 0.00000000099999999981 0.00000000099999999981 0.00000000099999999981 0.99999999599999989108
47 47 (0) 5 : 0.99999999600000011313 0.00000000099999999982 0.00000000099999999982 0.00000000099999999982 0.00000000099999999982
48 48 (0) 5 : 0.00000000099999999980 0.99999999600000000211 0.00000000099999999980 0.00000000099999999980 0.00000000099999999980
49 49 (0) 5 : 0.00000000099999999971 0.00000000099999999971 0.99999999600000000211 0.00000000099999999971 0.00000000099999999971
50 50 (0) 5 : 0.31755600616635004663 0.43467653870228306623 0.00000000099999999990 0.00000000099999999990 0.24776745313136694371
51 51 (0) 5 : 0.00000000099999999969 0.00000000099999999969 0.99999999599999989108 0.00000000099999999969 0.00000000099999999969
52 52 (0) 5 : 0.00000000099999999967 0.00000000099999999967 0.99999999599999989108 0.00000000099999999967 0.00000000099999999967
53 53 (0) 6 : 0.00000000099999999963 0.00000000099999999963 0.99999999599999989108 0.00000000099999999963 0.00000000099999999963
54 54 (0) 6 : 0.99999999600000011313 0.00000000099999999981 0.00000000099999999981 0.00000000099999999981 0.00000000099999999981
55 55 (0) 6 : 0.00000000099999999994 0.00000000099999999994 0.92308041764445969424 0.07691957935554027959 0.00000000099999999994
56 56 (0) 6 : 0.00000000099999999988 0.00000000099999999988 0.00000000099999999988 0.99999999600000000211 0.00000000099999999988
57 57 (0) 6 : 0.00000000099999999977 0.00000000099999999977 0.00000000099999999977 0.99999999599999989108 0.00000000099999999977
58 58 (0) 6 : 0.00000000099999999982 0.00000000099999999982 0.00000000099999999982 0.99999999600000000211 0.00000000099999999982
59 59 (0) 6 : 0.36612223163785029278 0.56492815731644308030 0.00599766487575340446 0.06295194516995311629 0.00000000099999999999
60 60 (0) 6 : 0.99999999600000011313 0.00000000099999999985 0.00000000099999999985 0.00000000099999999985 0.00000000099999999985
61 61 (0) 6 : 0.00000000099999999984 0.00000000099999999984 0.00000000099999999984 0.00000000099999999984 0.99999999599999989108
62 62 (0) 6 : 0.21908577713788054964 0.53899536538707071287 0.00000000099999999986 0.00000000099999999986 0.24191885547504884957
63 63 (0) 6 : 0.00000000099999999999 0.05197604136915378453 0.86045560569920664928 0.08756835093163949091 0.00000000099999999999
64 64 (0) 7 : 0.00000000099999999972 0.00000000099999999972 0.99999999600000000211 0.00000000099999999972 0.00000000099999999972
65 65 (0) 7 : 0.00000000099999999966 0.00000000099999999966 0.99999999599999989108 0.00000000099999999966 0.00000000099999999966
66 66 (0) 7 : 0.00000000099999999997 0.00000000099999999997 0.97260968989255414119 0.02739030710744574243 0.00000000099999999997
67 67 (0) 7 : 0.00000000099999999995 0.00000000099999999995 0.96163810867180132824 0.03836188832819866640 0.00000000099999999995
68 68 (0) 8 : 0.00000000099999999996 0.00000000099999999996 0.00000000099999999996 0.05456675747852308966 0.94543323952147684253
69 69 (0) 8 : 0.33486710919918932783 0.19371669926585013966 0.05207508692189127819 0.13554193014584323129 0.28379917446722602303
70 70 (0) 8 : 0.00000000099999999979 0.99999999600000011313 0.00000000099999999979 0.00000000099999999979 0.00000000099999999979
71 71 (0) 8 : 0.00000000100000000000 0.40465335529704110629 0.01706386932989469377 0.00000000100000000000 0.57828277337306421835
72 72 (0) 8 : 0.00000000099999999997 0.90588016839656060331 0.00000000099999999997 0.09411982860343937052 0.00000000099999999997
73 73 (0) 8 : 0.00000000099999999996 0.00000000099999999996 0.00000000099999999996 0.99999999599999989108 0.00000000099999999996
74 74 (0) 9 : 0.04878424696068407035 0.00000000100000000000 0.81908539180460027129 0.13213035923471566635 0.00000000100000000000
75 75 (0) 9 : 0.00000000099999999998 0.04387710957520578325 0.88925132788669902784 0.06687156053809532874 0.00000000099999999998
76 76 (0) 10 : 0.00000000099999999967 0.00000000099999999967 0.99999999600000000211 0.00000000099999999967 0.00000000099999999967
77 77 (0) 11 : 0.00000000099999999974 0.00000000099999999974 0.99999999599999989108 0.00000000099999999974 0.00000000099999999974
78 78 (0) 12 : 0.00000000099999999974 0.00000000099999999974 0.99999999600000000211 0.00000000099999999974 0.00000000099999999974
79 79 (0) 13 : 0.39872871992352254544 0.00000000099999999999 0.00000000099999999999 0.59465702718945923078 0.00661425088701816499
80 80 (0) 13 : 0.42774667456710552260 0.57225332243289450673 0.00000000099999999982 0.00000000099999999982 0.00000000099999999982
1 1 (0) 1 : 0.00000000099999999972 0.00000000099999999972 0.00000000099999999972 0.99999999600000000211 0.00000000099999999972
2 2 (0) 1 : 0.14960534890220109072 0.00000000099999999986 0.00000000099999999986 0.85039464809779874432 0.00000000099999999986
3 3 (0) 1 : 0.11440831665196832256 0.00000000099999999990 0.00000000099999999990 0.88559168034803159575 0.00000000099999999990
4 4 (0) 1 : 0.08821301612669565917 0.00000000099999999987 0.00000000099999999987 0.91178698087330434241 0.00000000099999999987
5 5 (0) 1 : 0.00000000099999999984 0.00000000099999999984 0.00000000099999999984 0.99999999599999989108 0.00000000099999999984
6 6 (0) 1 : 0.13348793725804539156 0.00000000099999999993 0.00000000099999999993 0.86651205974195444348 0.00000000099999999993
7 7 (0) 2 : 0.00000000099999999968 0.00000000099999999968 0.00000000099999999968 0.99999999600000000211 0.00000000099999999968
8 8 (0) 2 : 0.15744729809791924158 0.00000000099999999994 0.00000000099999999994 0.84255269890208084327 0.00000000099999999994
9 9 (0) 2 : 0.01182751822151017346 0.00000000099999999999 0.07550299828426614013 0.91266948149422366665 0.00000000099999999999
10 10 (0) 2 : 0.00000000099999999970 0.00000000099999999970 0.00000000099999999970 0.99999999599999989108 0.00000000099999999970
11 11 (0) 2 : 0.01203511289427873152 0.00000000099999999987 0.00000000099999999987 0.98796488410572136374 0.00000000099999999987
12 12 (0) 2 : 0.00000000099999999973 0.00000000099999999973 0.00000000099999999973 0.99999999599999989108 0.00000000099999999973
13 13 (0) 2 : 0.29172499811562857541 0.00000000099999999992 0.00000000099999999992 0.70827499888437117637 0.00000000099999999992
14 14 (0) 3 : 0.00000000099999999984 0.00000000099999999984 0.00000000099999999984 0.00000000099999999984 0.99999999600000000211
15 15 (0) 3 : 0.00000000099999999984 0.99999999600000000211 0.00000000099999999984 0.00000000099999999984 0.00000000099999999984
16 16 (0) 3 : 0.00000000099999999983 0.00000000099999999983 0.00000000099999999983 0.00000000099999999983 0.99999999600000000211
17 17 (0) 3 : 0.00000000099999999988 0.00000000099999999988 0.70312522845586955533 0.00000000099999999988 0.29687476854413030747
18 18 (0) 3 : 0.00000000099999999986 0.00000000112129561391 0.55185440938478957928 0.00000000099999999986 0.44814558749391475434
19 19 (0) 3 : 0.00000000099999999979 0.00000000099999999979 0.99999999600000000211 0.00000000099999999979 0.00000000099999999979
20 20 (0) 3 : 0.06484105410937261726 0.00041066842598513019 0.40991825035829937418 0.00000000099999999991 0.52483002610634277296
21 21 (0) 3 : 0.00000000099999999984 0.40356183468732631514 0.00000000099999999984 0.00000000099999999984 0.59643816231267354766
22 22 (0) 3 : 0.00000000099999999978 0.99999999600000000211 0.00000000099999999978 0.00000000099999999978 0.00000000099999999978
23 23 (0) 3 : 0.00000000099999999979 0.99999999600000011313 0.00000000099999999979 0.00000000099999999979 0.00000000099999999979
24 24 (0) 3 : 0.00000000099999999983 0.00000000099999999983 0.00000000099999999983 0.00000000099999999983 0.99999999599999989108
25 25 (0) 3 : 0.99999999600000011313 0.00000000099999999979 0.00000000099999999979 0.00000000099999999979 0.00000000099999999979
26 26 (0) 4 : 0.00000000099999999985 0.00000000099999999985 0.00000000099999999985 0.99999999600000000211 0.00000000099999999985
27 27 (0) 4 : 0.00000000099999999979 0.00000000099999999979 0.99999999599999989108 0.00000000099999999979 0.00000000099999999979
28 28 (0) 4 : 0.00000000099999999979 0.99999999600000000211 0.00000000099999999979 0.00000000099999999979 0.00000000099999999979
29 29 (0) 4 : 0.00000000099999999977 0.00000000099999999977 0.00000000099999999977 0.99999999599999989108 0.00000000099999999977
30 30 (0) 4 : 0.00000000099999999984 0.27958209302917053085 0.00003841810942344339 0.00000000099999999984 0.72037948686140607091
31 31 (0) 4 : 0.00000000099999999988 0.35409544668358228225 0.20444858726341325061 0.00000000099999999988 0.44145596405300435716
32 32 (0) 4 : 0.00000000099999999998 0.14068614655963646021 0.08541340495116277187 0.50568778734456409918 0.26821266014463673866
33 33 (0) 4 : 0.00000000099999999982 0.00000000099999999982 0.00000000099999999982 0.00000000099999999982 0.99999999600000000211
34 34 (0) 4 : 0.00000000099999999978 0.00000000099999999978 0.99999999599999989108 0.00000000099999999978 0.00000000099999999978
35 35 (0) 4 : 0.00000000099999999977 0.00000000099999999977 0.99999999600000000211 0.00000000099999999977 0.00000000099999999977
36 36 (0) 4 : 0.00000000099999999980 0.00000000099999999980 0.00000000099999999980 0.00000000099999999980 0.99999999599999989108
37 37 (0) 4 : 0.00000000099999999983 0.44301235788361442713 0.00000137586641739122 0.00000000099999999983 0.55698626424996811046
38 38 (0) 4 : 0.00000000099999999981 0.31591752306129566863 0.00000000099999999981 0.00000000099999999981 0.68408247393870424968
39 39 (0) 4 : 0.00000000099999999974 0.00000000099999999974 0.00000000099999999974 0.99999999599999989108 0.00000000099999999974
40 40 (0) 5 : 0.00000000099999999987 0.00000000099999999987 0.00000000099999999987 0.00000000099999999987 0.99999999599999989108
41 41 (0) 5 : 0.00000000099999999987 0.43481090547835443694 0.17132458325577740177 0.00000000099999999987 0.39386450926586807908
42 42 (0) 5 : 0.00000000099999999987 0.00000000099999999987 0.23803846187632277109 0.00000000099999999987 0.76196153512367714722
43 43 (0) 5 : 0.00000000099999999968 0.00000000099999999968 0.00000000099999999968 0.99999999599999989108 0.00000000099999999968
44 44 (0) 5 : 0.00000000099999999983 0.46394696275775088035 0.00000272450120705318 0.00000000099999999983 0.53605031074104192435
45 45 (0) 5 : 0.00000000099999999990 0.00000000099999999990 0.47137727565613973812 0.00000000099999999990 0.52862272134386023570
46 46 (0) 5 : 0.00000000099999999987 0.00000000099999999987 0.25637083026532336838 0.00000000099999999987 0.74362916673467660544
47 47 (0) 5 : 0.00000000099999999980 0.99999999600000000211 0.00000000099999999980 0.00000000099999999980 0.00000000099999999980
48 48 (0) 5 : 0.00000000099999999981 0.99999999600000011313 0.00000000099999999981 0.00000000099999999981 0.00000000099999999981
49 49 (0) 5 : 0.00000000099999999971 0.00000000099999999971 0.00000000099999999971 0.99999999599999989108 0.00000000099999999971
50 50 (0) 5 : 0.00000000099999999989 0.25113844415506081376 0.00000000099999999989 0.00000000099999999989 0.74886155284493904905
51 51 (0) 5 : 0.00000000099999999969 0.00000000099999999969 0.00000000099999999969 0.99999999599999989108 0.00000000099999999969
52 52 (0) 5 : 0.00000000099999999967 0.00000000099999999967 0.00000000099999999967 0.99999999600000000211 0.00000000099999999967
53 53 (0) 6 : 0.00000000099999999963 0.00000000099999999963 0.00000000099999999963 0.99999999600000000211 0.00000000099999999963
54 54 (0) 6 : 0.00000000099999999978 0.00000000099999999978 0.99999999599999989108 0.00000000099999999978 0.00000000099999999978
55 55 (0) 6 : 0.07723897387536281245 0.00000000099999999994 0.00000000099999999994 0.92276102312463714750 0.00000000099999999994
56 56 (0) 6 : 0.99999999600000011313 0.00000000099999999988 0.00000000099999999988 0.00000000099999999988 0.00000000099999999988
57 57 (0) 6 : 0.99999999600000000211 0.00000000099999999977 0.00000000099999999977 0.00000000099999999977 0.00000000099999999977
58 58 (0) 6 : 0.99999999600000011313 0.00000000099999999982 0.00000000099999999982 0.00000000099999999982 0.00000000099999999982
59 59 (0) 6 : 0.06460349598450446096 0.39345906340247815969 0.19358372189154587906 0.02096760291646777505 0.32738611580500381892
60 60 (0) 6 : 0.00000000099999999986 0.00000000099999999986 0.00000000099999999986 0.00000000099999999986 0.99999999600000000211
61 61 (0) 6 : 0.00000000099999999989 0.65787588336395053101 0.00000000357176204704 0.00000000099999999989 0.34212411106428752827
62 62 (0) 6 : 0.00000000099999999985 0.00000000099999999985 0.64046233143599007320 0.00000000099999999985 0.35953766556400984511
63 63 (0) 6 : 0.08723646950141226986 0.00000000099999999999 0.05258306237181641085 0.86018046612677134810 0.00000000099999999999
64 64 (0) 7 : 0.00000000099999999972 0.00000000099999999972 0.00000000099999999972 0.99999999600000000211 0.00000000099999999972
65 65 (0) 7 : 0.00000000099999999966 0.00000000099999999966 0.00000000099999999966 0.99999999600000000211 0.00000000099999999966
66 66 (0) 7 : 0.02798735725161230828 0.00000000099999999997 0.00000000099999999997 0.97201263974838758575 0.00000000099999999997
67 67 (0) 7 : 0.03826752716781788716 0.00000000099999999995 0.00000000099999999995 0.96173246983218207973 0.00000000099999999995
68 68 (0) 8 : 0.08807112991338782171 0.00391237447550024393 0.00000000099999999998 0.00000000099999999998 0.90801649361111191894
69 69 (0) 8 : 0.13689551867115326567 0.19416038035220184454 0.18948476008126954873 0.05205080163956408990 0.42740853925581123729
70 70 (0) 8 : 0.00000000099999999985 0.00000000099999999985 0.42310457222513914166 0.00000000099999999985 0.57689542477486088767
71 71 (0) 8 : 0.02628132181481776519 0.00000009526513026682 0.17567967902811226777 0.02356104029321260188 0.77447786359872716755
72 72 (0) 8 : 0.11520001476321345413 0.00000000410277289614 0.18539233865003529322 0.00000000099999999999 0.69940764148397827071
73 73 (0) 8 : 0.99999999600000011313 0.00000000099999999995 0.00000000099999999995 0.00000000099999999995 0.00000000099999999995
74 74 (0) 9 : 0.12001460035841277074 0.00000000099999999999 0.05645475060825205782 0.82353064703333500596 0.00000000099999999999
75 75 (0) 9 : 0.07193573608264616781 0.00000000099999999999 0.03688518426201933126 0.89117907765533443953 0.00000000099999999999
76 76 (0) 10 : 0.00000000099999999967 0.00000000099999999967 0.00000000099999999967 0.99999999600000000211 0.00000000099999999967
77 77 (0) 11 : 0.00000000099999999974 0.00000000099999999974 0.00000000099999999974 0.99999999599999989108 0.00000000099999999974
78 78 (0) 12 : 0.00000000099999999974 0.00000000099999999974 0.00000000099999999974 0.99999999599999989108 0.00000000099999999974
79 79 (0) 13 : 0.58551496553584170268 0.22075121884084220047 0.19373381362331615341 0.00000000099999999999 0.00000000099999999999
80 80 (0) 13 : 0.00000000099999999984 0.18743123956028559518 0.22379662292139929081 0.00000000099999999984 0.58877213551831519833
1 1 (0) 1 : 0.99999999600000011313 0.00000000099999999972 0.00000000099999999972 0.00000000099999999972 0.00000000099999999972
2 2 (0) 1 : 0.85041011225215690228 0.14958988474784309930 0.00000000099999999986 0.00000000099999999986 0.00000000099999999986
3 3 (0) 1 : 0.88627045101046408870 0.11372954598953585736 0.00000000099999999989 0.00000000099999999989 0.00000000099999999989
4 4 (0) 1 : 0.91221930494533809419 0.08778069205466186575 0.00000000099999999987 0.00000000099999999987 0.00000000099999999987
5 5 (0) 1 : 0.99999999600000011313 0.00000000099999999984 0.00000000099999999984 0.00000000099999999984 0.00000000099999999984
6 6 (0) 1 : 0.86671210996258551962 0.13328788703741462074 0.00000000099999999993 0.00000000099999999993 0.00000000099999999993
7 7 (0) 2 : 0.99999999600000011313 0.00000000099999999968 0.00000000099999999968 0.00000000099999999968 0.00000000099999999968
8 8 (0) 2 : 0.84387608712507544695 0.15612390987492449912 0.00000000099999999993 0.00000000099999999993 0.00000000099999999993
9 9 (0) 2 : 0.91114308743133776147 0.01392742341410005240 0.07492948715456207442 0.00000000099999999998 0.00000000099999999998
10 10 (0) 2 : 0.99999999600000000211 0.00000000099999999970 0.00000000099999999970 0.00000000099999999970 0.00000000099999999970
11 11 (0) 2 : 0.98644069171641812765 0.01355930528358194852 0.00000000099999999987 0.00000000099999999987 0.00000000099999999987
12 12 (0) 2 : 0.99999999600000000211 0.00000000099999999973 0.00000000099999999973 0.00000000099999999973 0.00000000099999999973
13 13 (0) 2 : 0.70833927438961608036 0.29166072261038389346 0.00000000099999999992 0.00000000099999999992 0.00000000099999999992
14 14 (0) 3 : 0.00000000099999999986 0.00000000099999999986 0.00000000099999999986 0.66394995341934681665 0.33605004358065321268
15 15 (0) 3 : 0.00000000099999999990 0.00000000099999999990 0.33492386294775544631 0.54788010152521271490 0.11719603352703189536
16 16 (0) 3 : 0.00000000099999999985 0.00000000099999999985 0.69144812249052878261 0.30855187342879425438 0.00000000208067682509
17 17 (0) 3 : 0.00000000099999999990 0.00000000099999999990 0.61559840105351937289 0.38440159594648048991 0.00000000099999999990
18 18 (0) 3 : 0.00000000099999999983 0.00000000099999999983 0.99999999600000000211 0.00000000099999999983 0.00000000099999999983
19 19 (0) 3 : 0.00000000099999999982 0.00000000099999999982 0.99999999600000000211 0.00000000099999999982 0.00000000099999999982
20 20 (0) 3 : 0.00000000099999999989 0.05949477552291473209 0.94050522147708526255 0.00000000099999999989 0.00000000099999999989
21 21 (0) 3 : 0.00000000099999999985 0.00000000099999999985 0.33916810252198231757 0.22385842511650885789 0.43697347036150890887
22 22 (0) 3 : 0.00000000099999999981 0.00000000099999999981 0.00000000099999999981 0.99999999599999989108 0.00000000099999999981
23 23 (0) 3 : 0.00000000099999999984 0.00000000099999999984 0.48953703207900478578 0.00000000099999999984 0.51046296492099518805
24 24 (0) 3 : 0.00000000099999999984 0.00000000099999999984 0.70133938295316944345 0.00000000099999999984 0.29866061404683053038
25 25 (0) 3 : 0.00000000099999999979 0.99999999600000000211 0.00000000099999999979 0.00000000099999999979 0.00000000099999999979
26 26 (0) 4 : 0.99999999600000011313 0.00000000099999999985 0.00000000099999999985 0.00000000099999999985 0.00000000099999999985
27 27 (0) 4 : 0.00000000099999999985 0.00000000099999999985 0.55591781353487224049 0.44408218110650682364 0.00000000335862095191
28 28 (0) 4 : 0.00000000099999999980 0.00000000099999999980 0.00000000099999999980 0.00000000099999999980 0.99999999599999989108
29 29 (0) 4 : 0.99999999600000011313 0.00000000099999999977 0.00000000099999999977 0.00000000099999999977 0.00000000099999999977
30 30 (0) 4 : 0.00000000099999999983 0.00000000099999999983 0.42501398082915747834 0.57498601617084243998 0.00000000099999999983
31 31 (0) 4 : 0.00000000099999999982 0.00000000099999999982 0.00000000099999999982 0.00000000099999999982 0.99999999600000000211
32 32 (0) 4 : 0.50496234748828028316 0.00000000099999999998 0.16465143477666924210 0.18779031833725298717 0.14259589839779740483
33 33 (0) 4 : 0.00000000099999999982 0.00000000099999999982 0.99999999599999989108 0.00000000099999999982 0.00000000099999999982
34 34 (0) 4 : 0.00000000099999999985 0.00000000099999999985 0.56939860191608115958 0.43060139508391881424 0.00000000099999999985
35 35 (0) 4 : 0.00000000099999999980 0.00000000099999999980 0.00000000099999999980 0.99999999599999989108 0.00000000099999999980
36 36 (0) 4 : 0.00000000099999999979 0.00000000099999999979 0.00000000099999999979 0.99999999599999989108 0.00000000099999999979
37 37 (0) 4 : 0.00000000099999999983 0.00000000099999999983 0.65226100973780121173 0.00007693460419528708 0.34766205365800356697
38 38 (0) 4 : 0.00000000099999999978 0.00000000099999999978 0.00000000099999999978 0.00000000099999999978 0.99999999600000000211
39 39 (0) 4 : 0.99999999600000011313 0.00000000099999999975 0.00000000099999999975 0.00000000099999999975 0.00000000099999999975
40 40 (0) 5 : 0.00000000099999999985 0.00000000099999999985 0.00000000099999999985 0.99999999600000000211 0.00000000099999999985
41 41 (0) 5 : 0.00000000099999999982 0.00000000099999999982 0.00000000099999999982 0.00000000099999999982 0.99999999600000000211
42 42 (0) 5 : 0.00000000099999999984 0.00000000099999999984 0.99999999600000000211 0.00000000099999999984 0.00000000099999999984
43 43 (0) 5 : 0.99999999600000000211 0.00000000099999999968 0.00000000099999999968 0.00000000099999999968 0.00000000099999999968
44 44 (0) 5 : 0.00000000099999999980 0.00000000099999999980 0.99999999600000000211 0.00000000099999999980 0.00000000099999999980
45 45 (0) 5 : 0.00000000099999999991 0.00000000099999999991 0.36437629249001074472 0.54931880668996913020 0.08630489882002020940
46 46 (0) 5 : 0.00000000099999999982 0.00000000099999999982 0.00000000099999999982 0.00000000099999999982 0.99999999600000000211
47 47 (0) 5 : 0.00000000099999999981 0.00000000099999999981 0.00000000099999999981 0.00000000099999999981 0.99999999600000000211
48 48 (0) 5 : 0.00000000099999999982 0.00000000099999999982 0.00000000099999999982 0.00000000099999999982 0.99999999599999989108
49 49 (0) 5 : 0.99999999600000011313 0.00000000099999999971 0.00000000099999999971 0.00000000099999999971 0.00000000099999999971
50 50 (0) 5 : 0.00000000099999999989 0.00000000099999999989 0.25791738835594890666 0.26683086099075303821 0.47525174865329800067
51 51 (0) 5 : 0.99999999600000000211 0.00000000099999999969 0.00000000099999999969 0.00000000099999999969 0.00000000099999999969
52 52 (0) 5 : 0.99999999600000000211 0.00000000099999999967 0.00000000099999999967 0.00000000099999999967 0.00000000099999999967
53 53 (0) 6 : 0.99999999600000000211 0.00000000099999999963 0.00000000099999999963 0.00000000099999999963 0.00000000099999999963
54 54 (0) 6 : 0.00000000099999999981 0.00000000099999999981 0.99999999599999989108 0.00000000099999999981 0.00000000099999999981
55 55 (0) 6 : 0.92262106130718890551 0.07737893569281124873 0.00000000099999999994 0.00000000099999999994 0.00000000099999999994
56 56 (0) 6 : 0.00000000099999999988 0.99999999600000000211 0.00000000099999999988 0.00000000099999999988 0.00000000099999999988
57 57 (0) 6 : 0.00000000099999999977 0.99999999600000011313 0.00000000099999999977 0.00000000099999999977 0.00000000099999999977
58 58 (0) 6 : 0.00000000099999999982 0.99999999600000000211 0.00000000099999999982 0.00000000099999999982 0.00000000099999999982
59 59 (0) 6 : 0.00000000100000000000 0.07519243939870857985 0.00000000100000000000 0.67760239801454191788 0.24720516058674954496
60 60 (0) 6 : 0.00000000099999999984 0.00000000099999999984 0.00000000099999999984 0.99999999599999989108 0.00000000099999999984
61 61 (0) 6 : 0.00000000099999999985 0.00000000099999999985 0.00000000099999999985 0.00000000099999999985 0.99999999599999989108
62 62 (0) 6 : 0.00000000099999999983 0.00000000099999999983 0.99999999600000000211 0.00000000099999999983 0.00000000099999999983
63 63 (0) 6 : 0.86132498640279953062 0.08825906913968946388 0.05041594245751093717 0.00000000099999999999 0.00000000099999999999
64 64 (0) 7 : 0.99999999600000011313 0.00000000099999999972 0.00000000099999999972 0.00000000099999999972 0.00000000099999999972
65 65 (0) 7 : 0.99999999600000011313 0.00000000099999999966 0.00000000099999999966 0.00000000099999999966 0.00000000099999999966
66 66 (0) 7 : 0.97230168841346231723 0.02769830858653758374 0.00000000099999999997 0.00000000099999999997 0.00000000099999999997
67 67 (0) 7 : 0.96179314363831358570 0.03820685336168657548 0.00000000099999999995 0.00000000099999999995 0.00000000099999999995
68 68 (0) 8 : 0.00000000099999999999 0.08319397242789169922 0.00000000852506234151 0.34228948667049435839 0.57451653137655156467
69 69 (0) 8 : 0.05238681665130498488 0.13462868348201173507 0.25444581501513180433 0.11974008038058422954 0.43879860447096730169
70 70 (0) 8 : 0.00000000099999999981 0.00000000099999999981 0.00000000099999999981 0.99999999600000000211 0.00000000099999999981
71 71 (0) 8 : 0.03037407675917683583 0.02471543651189353832 0.33534510791294991350 0.43155048969207976395 0.17801488912389998309
72 72 (0) 8 : 0.00000000099999999996 0.09983363596224192893 0.00000000099999999996 0.90016636103775793387 0.00000000099999999996
73 73 (0) 8 : 0.00000000099999999996 0.99999999600000000211 0.00000000099999999996 0.00000000099999999996 0.00000000099999999996
74 74 (0) 9 : 0.82371654594615251188 0.12125846362210075668 0.05502498843174680188 0.00000000099999999999 0.00000000099999999999
75 75 (0) 9 : 0.88816086325079490749 0.06831490747508897621 0.00000000099999999998 0.04352422727411626308 0.00000000099999999998
76 76 (0) 10 : 0.99999999600000011313 0.00000000099999999967 0.00000000099999999967 0.00000000099999999967 0.00000000099999999967
77 77 (0) 11 : 0.99999999600000000211 0.00000000099999999974 0.00000000099999999974 0.00000000099999999974 0.00000000099999999974
78 78 (0) 12 : 0.99999999600000000211 0.00000000099999999974 0.00000000099999999974 0.00000000099999999974 0.00000000099999999974
79 79 (0) 13 : 0.00000000099999999999 0.58965098213546307537 0.40985802172421875733 0.00000000099999999999 0.00049099414031822755
80 80 (0) 13 : 0.00000000099999999979 0.00000000099999999979 0.00000000099999999979 0.99999999600000000211 0.00000000099999999979
