-------------------------------------------------------------------------------
 L       Percentage of nodes in the largest component
 D       Percentage of nodes in components of size at most 3 [-div option]
 R       Percentage of nodes not in L or D: 100 - L -D
 S       Percentage of nodes that are singletons
 E       Fraction of edges retained (input graph has 2450)
 cce     Expected size of component, nodewise [ sum(sz^2) / sum^2(sz) ]
 EW      Edge weight traits (mean, median and IQR)
 ND      Node degree traits [mean, median and IQR]
 CCF     Clustering coefficient (scale 1-100)
 eff     Induced component efficiency relative to start graph (scale 1-1000)
Total number of nodes: 50
----------------------------------------------------------------------------------------------
  L   D   R   S     E     cce  EWmean   EWmed   EWiqr  NDmean   NDmed  NDiqr CCF  eff  Cutoff 
----------------------------------------------------------------------------------------------
100   0   0   0 0.573      50    0.60    0.58    0.10    28.1    29.5   13.5   -    -     0.50
100   0   0   0 0.548      50    0.60    0.58    0.10    26.8    28.5   12.0   -    -     0.51
100   0   0   0 0.512      50    0.61    0.59    0.10    25.1    25.5   12.0   -    -     0.52
100   0   0   0 0.482      50    0.61    0.60    0.10    23.6    23.5   11.5   -    -     0.53
100   0   0   0 0.427      50    0.62    0.61    0.09    20.9    22.5   13.0   -    -     0.54
100   0   0   0 0.394      50    0.63    0.61    0.09    19.3    21.5   14.5   -    -     0.55
100   0   0   0 0.358      50    0.64    0.62    0.09    17.6    20.5   12.0   -    -     0.56
100   0   0   0 0.313      50    0.65    0.63    0.08    15.4    15.5   12.0   -    -     0.57
100   0   0   0 0.283      50    0.66    0.64    0.08    13.9    12.5   11.0   -    -     0.58
 98   2   0   2 0.258      48    0.66    0.65    0.08    12.6    11.5   11.0   -    -     0.59
 98   2   0   2 0.228      48    0.67    0.66    0.07    11.2     9.5   12.0   -    -     0.60
 98   2   0   2 0.204      48    0.68    0.67    0.08    10.0     8.5   11.5   -    -     0.61
 96   4   0   4 0.184      46    0.69    0.67    0.07     9.0     8.5   10.0   -    -     0.62
 74  12  14   6 0.166      29    0.70    0.68    0.07     8.1     7.5    9.0   -    -     0.63
 74  16  10   6 0.145      28    0.70    0.69    0.06     7.1     6.5    9.0   -    -     0.64
 74  16  10  10 0.127      28    0.71    0.69    0.06     6.2     5.5    7.0   -    -     0.65
 72  18  10  12 0.113      27    0.72    0.70    0.06     5.6     5.5    6.0   -    -     0.66
 72  18  10  14 0.093      27    0.73    0.71    0.06     4.6     4.5    5.5   -    -     0.67
 52  20  28  16 0.078      15    0.74    0.72    0.05     3.8     3.5    5.0   -    -     0.68
 52  30  18  22 0.067      15    0.75    0.73    0.04     3.3     3.5    5.5   -    -     0.69
 50  32  18  28 0.056      14    0.76    0.74    0.04     2.8     2.5    5.5   -    -     0.70
 48  34  18  30 0.051      13    0.77    0.74    0.03     2.5     2.5    4.5   -    -     0.71
 48  52   0  36 0.044      12    0.78    0.75    0.04     2.2     1.5    4.5   -    -     0.72
 44  56   0  40 0.033      11    0.79    0.75    0.04     1.6     1.5    3.5   -    -     0.73
 20  60  20  46 0.026       4    0.81    0.76    0.04     1.3     1.5    2.5   -    -     0.74
 18  74   8  58 0.021       3    0.82    0.77    0.08     1.0     0.5    2.5   -    -     0.75
  8  76  16  68 0.012       2    0.87    0.80    0.22     0.6     0.5    1.5   -    -     0.76
  8  84   8  70 0.011       2    0.89    0.84    0.20     0.5     0.5    1.5   -    -     0.77
  8  92   0  76 0.009       2    0.91    1.00    0.20     0.4     0.5    0.5   -    -     0.78
  8  92   0  78 0.008       1    0.92    1.00    0.20     0.4     0.5    0.5   -    -     0.79
  8  92   0  84 0.007       1    0.95    1.00    0.00     0.3     0.5    0.5   -    -     0.80
  8  92   0  88 0.006       1    0.98    1.00    0.00     0.3     0.5    0.5   -    -     0.81
  8  92   0  88 0.006       1    0.98    1.00    0.00     0.3     0.5    0.5   -    -     0.82
  8  92   0  88 0.006       1    0.98    1.00    0.00     0.3     0.5    0.5   -    -     0.83
  8  92   0  92 0.005       1    1.00    1.00    0.00     0.2     0.5    0.5   -    -     0.84
  8  92   0  92 0.005       1    1.00    1.00    0.00     0.2     0.5    0.5   -    -     0.85
  8  92   0  92 0.005       1    1.00    1.00    0.00     0.2     0.5    0.5   -    -     0.86
  8  92   0  92 0.005       1    1.00    1.00    0.00     0.2     0.5    0.5   -    -     0.87
  8  92   0  92 0.005       1    1.00    1.00    0.00     0.2     0.5    0.5   -    -     0.88
  8  92   0  92 0.005       1    1.00    1.00    0.00     0.2     0.5    0.5   -    -     0.89
  8  92   0  92 0.005       1    1.00    1.00    0.00     0.2     0.5    0.5   -    -     0.90
  8  92   0  92 0.005       1    1.00    1.00    0.00     0.2     0.5    0.5   -    -     0.91
  8  92   0  92 0.005       1    1.00    1.00    0.00     0.2     0.5    0.5   -    -     0.92
  8  92   0  92 0.005       1    1.00    1.00    0.00     0.2     0.5    0.5   -    -     0.93
  8  92   0  92 0.005       1    1.00    1.00    0.00     0.2     0.5    0.5   -    -     0.94
  8  92   0  92 0.005       1    1.00    1.00    0.00     0.2     0.5    0.5   -    -     0.95
  8  92   0  92 0.005       1    1.00    1.00    0.00     0.2     0.5    0.5   -    -     0.96
  8  92   0  92 0.005       1    1.00    1.00    0.00     0.2     0.5    0.5   -    -     0.97
  8  92   0  92 0.005       1    1.00    1.00    0.00     0.2     0.5    0.5   -    -     0.98
  8  92   0  92 0.005       1    1.00    1.00    0.00     0.2     0.5    0.5   -    -     0.99
---------------------------------------------------------------------------------------------
