1:	0.3555 0.1189 0.0175 0.4536 0.0000 0.0000 0.0000 0.0000 0.0000 0.0546 0.0000 	6
2:	0.2199 0.1774 0.0226 0.4848 0.0000 0.0000 0.0000 0.0000 0.0000 0.0952 0.0000 	7
3:	0.0000 0.0000 0.0833 0.0000 0.1119 0.1982 0.1352 0.0833 0.3048 0.0000 0.0833 	12
4:	0.0808 0.0832 0.0000 0.0014 0.1565 0.0777 0.1172 0.0100 0.3093 0.0856 0.0783 	14
5:	0.1188 0.1889 0.0000 0.0000 0.0865 0.2667 0.0000 0.0878 0.1744 0.0000 0.0769 	13
6:	0.0000 0.0909 0.2727 0.0000 0.0246 0.0663 0.1424 0.0909 0.1304 0.1818 0.0000 	11
7:	0.1319 0.5969 0.0000 0.0087 0.0000 0.0000 0.0000 0.0000 0.0000 0.2625 0.0000 	4
8:	0.0000 0.0000 0.1997 0.0000 0.1338 0.0181 0.0199 0.4845 0.1253 0.0095 0.0093 	6
9:	0.0000 0.0000 0.0000 0.0000 0.0000 0.0000 0.0000 0.0000 0.0000 1.0000 0.0000 	2
10:	0.0000 1.0000 0.0000 0.0000 0.0000 0.0000 0.0000 0.0000 0.0000 0.0000 0.0000 	1
11:	0.5245 0.4755 0.0000 0.0000 0.0000 0.0000 0.0000 0.0000 0.0000 0.0000 0.0000 	1
12:	0.0000 1.0000 0.0000 0.0000 0.0000 0.0000 0.0000 0.0000 0.0000 0.0000 0.0000 	1
13:	0.0000 0.0000 0.3039 0.0000 0.0000 0.1118 0.0000 0.0000 0.3882 0.0000 0.1961 	2
