1 1 (0) 1 : 0.58171950440342912181 0.00000000099999999946 0.00000000099999999946 0.00000000099999999946 0.00000000099999999946 0.41828048659657118824 0.00000000099999999946 0.00000000099999999946 0.00000000099999999946 0.00000000099999999946 0.00000000099999999946
2 2 (0) 1 : 0.17951307732802510020 0.09320315951990873482 0.00000000099999999969 0.00000000099999999969 0.00000000099999999969 0.29492748017834607976 0.00000000099999999969 0.32768796640836156397 0.10466831056535855216 0.00000000099999999969 0.00000000099999999969
3 3 (0) 1 : 0.00000000099999999934 0.99999999000000017180 0.00000000099999999934 0.00000000099999999934 0.00000000099999999934 0.00000000099999999934 0.00000000099999999934 0.00000000099999999934 0.00000000099999999934 0.00000000099999999934 0.00000000099999999934
4 4 (0) 1 : 0.37177044231360895088 0.62822954868639124815 0.00000000099999999958 0.00000000099999999958 0.00000000099999999958 0.00000000099999999958 0.00000000099999999958 0.00000000099999999958 0.00000000099999999958 0.00000000099999999958 0.00000000099999999958
5 5 (0) 1 : 0.99999999000000017180 0.00000000099999999942 0.00000000099999999942 0.00000000099999999942 0.00000000099999999942 0.00000000099999999942 0.00000000099999999942 0.00000000099999999942 0.00000000099999999942 0.00000000099999999942 0.00000000099999999942
6 6 (0) 1 : 0.00000000099999999931 0.99999999000000028282 0.00000000099999999931 0.00000000099999999931 0.00000000099999999931 0.00000000099999999931 0.00000000099999999931 0.00000000099999999931 0.00000000099999999931 0.00000000099999999931 0.00000000099999999931
7 7 (0) 2 : 0.99999999000000017180 0.00000000099999999919 0.00000000099999999919 0.00000000099999999919 0.00000000099999999919 0.00000000099999999919 0.00000000099999999919 0.00000000099999999919 0.00000000099999999919 0.00000000099999999919 0.00000000099999999919
8 8 (0) 2 : 0.00000000099999999951 0.99999999000000028282 0.00000000099999999951 0.00000000099999999951 0.00000000099999999951 0.00000000099999999951 0.00000000099999999951 0.00000000099999999951 0.00000000099999999951 0.00000000099999999951 0.00000000099999999951
9 9 (0) 2 : 0.00034183654402085661 0.00000000099999999989 0.00000000099999999989 0.00000000099999999989 0.00000000099999999989 0.33296422900747224549 0.00000000099999999989 0.66669392644850689056 0.00000000099999999989 0.00000000099999999989 0.00000000099999999989
10 10 (0) 2 : 0.53898673112262929230 0.00000000099999999942 0.00000000099999999942 0.00000000099999999942 0.00000000099999999942 0.46101325987737090673 0.00000000099999999942 0.00000000099999999942 0.00000000099999999942 0.00000000099999999942 0.00000000099999999942
11 11 (0) 2 : 0.00000000099999999906 0.99999999000000017180 0.00000000099999999906 0.00000000099999999906 0.00000000099999999906 0.00000000099999999906 0.00000000099999999906 0.00000000099999999906 0.00000000099999999906 0.00000000099999999906 0.00000000099999999906
12 12 (0) 2 : 0.00000000099999999930 0.55198917963086213678 0.00000000099999999930 0.00000000099999999930 0.00000000099999999930 0.44801081136913795122 0.00000000099999999930 0.00000000099999999930 0.00000000099999999930 0.00000000099999999930 0.00000000099999999930
13 13 (0) 2 : 0.00000000099999999978 0.84169248520911543743 0.00000000099999999978 0.00000000099999999978 0.00000000099999999978 0.00000000099999999978 0.00000000099999999978 0.00000000099999999978 0.15830750579088478935 0.00000000099999999978 0.00000000099999999978
14 14 (0) 3 : 0.00000000099999999936 0.00000000099999999936 0.00000000099999999936 0.00000000099999999936 0.00000000099999999936 0.00000000099999999936 0.99999998999999994975 0.00000000099999999936 0.00000000099999999936 0.00000000099999999936 0.00000000099999999936
15 15 (0) 3 : 0.00000000099999999964 0.00000000099999999964 0.00000000099999999964 0.00000000099999999964 0.65696434923289448449 0.00000000099999999964 0.00000000099999999964 0.00000000099999999964 0.00000000099999999964 0.34303564176710543698 0.00000000099999999964
16 16 (0) 3 : 0.00000000099999999928 0.00000000099999999928 0.99999999000000006077 0.00000000099999999928 0.00000000099999999928 0.00000000099999999928 0.00000000099999999928 0.00000000099999999928 0.00000000099999999928 0.00000000099999999928 0.00000000099999999928
17 17 (0) 3 : 0.00000000099999999958 0.00000000099999999958 0.62187658056474792723 0.37812341043525210527 0.00000000099999999958 0.00000000099999999958 0.00000000099999999958 0.00000000099999999958 0.00000000099999999958 0.00000000099999999958 0.00000000099999999958
18 18 (0) 3 : 0.00000000099999999940 0.00000000099999999940 0.00000000099999999940 0.99999999000000006077 0.00000000099999999940 0.00000000099999999940 0.00000000099999999940 0.00000000099999999940 0.00000000099999999940 0.00000000099999999940 0.00000000099999999940
19 19 (0) 3 : 0.00000000099999999940 0.00000000099999999940 0.00000000099999999940 0.99999999000000006077 0.00000000099999999940 0.00000000099999999940 0.00000000099999999940 0.00000000099999999940 0.00000000099999999940 0.00000000099999999940 0.00000000099999999940
20 20 (0) 3 : 0.00000000099999999924 0.00000000099999999924 0.00000000099999999924 0.00000000099999999924 0.00000000099999999924 0.00000000099999999924 0.00000000099999999924 0.00000000099999999924 0.00000000099999999924 0.00000000099999999924 0.99999998999999994975
21 21 (0) 3 : 0.00000000099999999948 0.00000000099999999948 0.00000000099999999948 0.00000000099999999948 0.99999999000000017180 0.00000000099999999948 0.00000000099999999948 0.00000000099999999948 0.00000000099999999948 0.00000000099999999948 0.00000000099999999948
22 22 (0) 3 : 0.00000000099999999949 0.00000000099999999949 0.00000000099999999949 0.00000000099999999949 0.99999999000000006077 0.00000000099999999949 0.00000000099999999949 0.00000000099999999949 0.00000000099999999949 0.00000000099999999949 0.00000000099999999949
23 23 (0) 3 : 0.00000000099999999944 0.00000000099999999944 0.00000000099999999944 0.00000000099999999944 0.99999999000000017180 0.00000000099999999944 0.00000000099999999944 0.00000000099999999944 0.00000000099999999944 0.00000000099999999944 0.00000000099999999944
24 24 (0) 3 : 0.00000000099999999928 0.00000000099999999928 0.00000000099999999928 0.00000000099999999928 0.00000000099999999928 0.00000000099999999928 0.00000000099999999928 0.00000000099999999928 0.00000000099999999928 0.99999999000000006077 0.00000000099999999928
25 25 (0) 3 : 0.00000000099999999939 0.00000000099999999939 0.00000000099999999939 0.00000000099999999939 0.00000000099999999939 0.00000000099999999939 0.00000000099999999939 0.00000000099999999939 0.99999998999999994975 0.00000000099999999939 0.00000000099999999939
26 26 (0) 4 : 0.00000000099999999922 0.00000000099999999922 0.00000000099999999922 0.00000000099999999922 0.00000000099999999922 0.00000000099999999922 0.00000000099999999922 0.99999998999999994975 0.00000000099999999922 0.00000000099999999922 0.00000000099999999922
27 27 (0) 4 : 0.00000000099999999940 0.00000000099999999940 0.00000000099999999940 0.99999999000000006077 0.00000000099999999940 0.00000000099999999940 0.00000000099999999940 0.00000000099999999940 0.00000000099999999940 0.00000000099999999940 0.00000000099999999940
28 28 (0) 4 : 0.00000000099999999948 0.00000000099999999948 0.00000000099999999948 0.00000000099999999948 0.99999999000000017180 0.00000000099999999948 0.00000000099999999948 0.00000000099999999948 0.00000000099999999948 0.00000000099999999948 0.00000000099999999948
29 29 (0) 4 : 0.99999999000000028282 0.00000000099999999930 0.00000000099999999930 0.00000000099999999930 0.00000000099999999930 0.00000000099999999930 0.00000000099999999930 0.00000000099999999930 0.00000000099999999930 0.00000000099999999930 0.00000000099999999930
30 30 (0) 4 : 0.00000000099999999925 0.00000000099999999925 0.99999999000000006077 0.00000000099999999925 0.00000000099999999925 0.00000000099999999925 0.00000000099999999925 0.00000000099999999925 0.00000000099999999925 0.00000000099999999925 0.00000000099999999925
31 31 (0) 4 : 0.00000000099999999922 0.00000000099999999922 0.00000000099999999922 0.00000000099999999922 0.00000000099999999922 0.00000000099999999922 0.00000000099999999922 0.00000000099999999922 0.00000000099999999922 0.00000000099999999922 0.99999998999999994975
32 32 (0) 4 : 0.13086678545607058344 0.01956460975558648591 0.05826545671029660645 0.08790351280912089837 0.17373168007496658793 0.16458674087684421750 0.13946077021661903994 0.19869917127235761645 0.00000000099999999997 0.00000004010360345092 0.02692123172453454380
33 33 (0) 4 : 0.00000000099999999952 0.00000000099999999952 0.00000000099999999952 0.00000000099999999952 0.99999999000000017180 0.00000000099999999952 0.00000000099999999952 0.00000000099999999952 0.00000000099999999952 0.00000000099999999952 0.00000000099999999952
34 34 (0) 4 : 0.00000000099999999933 0.00000000099999999933 0.00000000099999999933 0.00000000099999999933 0.00000000099999999933 0.00000000099999999933 0.00000000099999999933 0.00000000099999999933 0.00000000099999999933 0.99999998999999994975 0.00000000099999999933
35 35 (0) 4 : 0.00000000099999999926 0.00000000099999999926 0.00000000099999999926 0.00000000099999999926 0.00000000099999999926 0.00000000099999999926 0.00000000099999999926 0.00000000099999999926 0.00000000099999999926 0.99999999000000006077 0.00000000099999999926
36 36 (0) 4 : 0.00000000099999999952 0.00000000099999999952 0.17190536390112964860 0.00000000537797377544 0.56755759167454555847 0.00000000099999999952 0.00000000099999999952 0.00000000099999999952 0.00000000099999999952 0.19162398593107601852 0.06891304711527515559
37 37 (0) 4 : 0.00000000099999999949 0.00000000099999999949 0.41126460890217242383 0.00000000099999999949 0.58873538209782760866 0.00000000099999999949 0.00000000099999999949 0.00000000099999999949 0.00000000099999999949 0.00000000099999999949 0.00000000099999999949
38 38 (0) 4 : 0.00000000099999999943 0.00000000099999999943 0.00000000099999999943 0.00000000099999999943 0.99999999000000006077 0.00000000099999999943 0.00000000099999999943 0.00000000099999999943 0.00000000099999999943 0.00000000099999999943 0.00000000099999999943
39 39 (0) 4 : 0.00000000099999999945 0.00000000099999999945 0.00000000099999999945 0.00000000099999999945 0.00000000099999999945 0.99999999000000006077 0.00000000099999999945 0.00000000099999999945 0.00000000099999999945 0.00000000099999999945 0.00000000099999999945
40 40 (0) 5 : 0.00000000099999999964 0.00000000099999999964 0.00000016240676718060 0.46697691861213541653 0.26771546156980485787 0.00000000099999999964 0.14079777105199037246 0.00000000099999999964 0.00000000099999999964 0.12450968035930225219 0.00000000099999999964
41 41 (0) 5 : 0.00000000099999999951 0.00000000099999999951 0.00000000099999999951 0.00000000099999999951 0.99999999000000006077 0.00000000099999999951 0.00000000099999999951 0.00000000099999999951 0.00000000099999999951 0.00000000099999999951 0.00000000099999999951
42 42 (0) 5 : 0.00000000099999999947 0.00000000099999999947 0.00000000099999999947 0.99999999000000006077 0.00000000099999999947 0.00000000099999999947 0.00000000099999999947 0.00000000099999999947 0.00000000099999999947 0.00000000099999999947 0.00000000099999999947
43 43 (0) 5 : 0.54420252416935166462 0.00000000099999999939 0.00000000099999999939 0.00000000099999999939 0.00000000099999999939 0.45579746683064864543 0.00000000099999999939 0.00000000099999999939 0.00000000099999999939 0.00000000099999999939 0.00000000099999999939
44 44 (0) 5 : 0.00000000099999999946 0.00000000099999999946 0.00000000099999999946 0.00000000099999999946 0.99999999000000006077 0.00000000099999999946 0.00000000099999999946 0.00000000099999999946 0.00000000099999999946 0.00000000099999999946 0.00000000099999999946
45 45 (0) 5 : 0.00000000099999999948 0.00000000099999999948 0.00000000099999999948 0.99999999000000006077 0.00000000099999999948 0.00000000099999999948 0.00000000099999999948 0.00000000099999999948 0.00000000099999999948 0.00000000099999999948 0.00000000099999999948
46 46 (0) 5 : 0.00000000099999999934 0.00000000099999999934 0.00000000099999999934 0.00000000099999999934 0.00000000099999999934 0.00000000099999999934 0.00000000099999999934 0.00000000099999999934 0.00000000099999999934 0.99999998999999994975 0.00000000099999999934
47 47 (0) 5 : 0.00000000099999999916 0.00000000099999999916 0.00000000099999999916 0.00000000099999999916 0.00000000099999999916 0.00000000099999999916 0.00000000099999999916 0.00000000099999999916 0.00000000099999999916 0.00000000099999999916 0.99999998999999994975
48 48 (0) 5 : 0.00000000099999999930 0.00000000099999999930 0.00000000099999999930 0.00000000099999999930 0.00000000099999999930 0.00000000099999999930 0.99999999000000006077 0.00000000099999999930 0.00000000099999999930 0.00000000099999999930 0.00000000099999999930
49 49 (0) 5 : 0.99999999000000028282 0.00000000099999999921 0.00000000099999999921 0.00000000099999999921 0.00000000099999999921 0.00000000099999999921 0.00000000099999999921 0.00000000099999999921 0.00000000099999999921 0.00000000099999999921 0.00000000099999999921
50 50 (0) 5 : 0.00000000099999999951 0.00000000099999999951 0.00000000099999999951 0.99999999000000006077 0.00000000099999999951 0.00000000099999999951 0.00000000099999999951 0.00000000099999999951 0.00000000099999999951 0.00000000099999999951 0.00000000099999999951
51 51 (0) 5 : 0.00000000099999999933 0.00000000099999999933 0.00000000099999999933 0.00000000099999999933 0.00000000099999999933 0.99999999000000017180 0.00000000099999999933 0.00000000099999999933 0.00000000099999999933 0.00000000099999999933 0.00000000099999999933
52 52 (0) 5 : 0.00000000099999999932 0.00000000099999999932 0.00000000099999999932 0.00000000099999999932 0.00000000099999999932 0.99999999000000006077 0.00000000099999999932 0.00000000099999999932 0.00000000099999999932 0.00000000099999999932 0.00000000099999999932
53 53 (0) 6 : 0.00000000099999999924 0.00000000099999999924 0.00000000099999999924 0.00000000099999999924 0.00000000099999999924 0.99999999000000017180 0.00000000099999999924 0.00000000099999999924 0.00000000099999999924 0.00000000099999999924 0.00000000099999999924
54 54 (0) 6 : 0.00000000099999999924 0.00000000099999999924 0.99999999000000017180 0.00000000099999999924 0.00000000099999999924 0.00000000099999999924 0.00000000099999999924 0.00000000099999999924 0.00000000099999999924 0.00000000099999999924 0.00000000099999999924
55 55 (0) 6 : 0.00000000099999999953 0.00000000099999999953 0.00000000099999999953 0.00000000099999999953 0.00000000099999999953 0.00000000099999999953 0.00000000099999999953 0.99999998999999994975 0.00000000099999999953 0.00000000099999999953 0.00000000099999999953
56 56 (0) 6 : 0.00000000099999999967 0.00000000099999999967 0.00000000099999999967 0.00000000099999999967 0.00000000099999999967 0.00000000099999999967 0.00000000099999999967 0.00000000099999999967 0.99999998999999994975 0.00000000099999999967 0.00000000099999999967
57 57 (0) 6 : 0.00000000099999999943 0.00000000099999999943 0.00000000099999999943 0.00000000099999999943 0.00000000099999999943 0.00000000099999999943 0.00000000099999999943 0.00000000099999999943 0.99999999000000006077 0.00000000099999999943 0.00000000099999999943
58 58 (0) 6 : 0.00000000099999999955 0.00000000099999999955 0.00000000099999999955 0.00000000099999999955 0.00000000099999999955 0.00000000099999999955 0.00000000099999999955 0.00000000099999999955 0.99999998999999994975 0.00000000099999999955 0.00000000099999999955
59 59 (0) 6 : 0.00000000099999999966 0.00000000099999999966 0.00000000099999999966 0.00000000099999999966 0.00000000099999999966 0.00000000099999999966 0.99999999000000006077 0.00000000099999999966 0.00000000099999999966 0.00000000099999999966 0.00000000099999999966
60 60 (0) 6 : 0.00000000099999999958 0.00000000099999999958 0.56594109033362460792 0.00000000099999999958 0.43405890066637553559 0.00000000099999999958 0.00000000099999999958 0.00000000099999999958 0.00000000099999999958 0.00000000099999999958 0.00000000099999999958
61 61 (0) 6 : 0.00000000099999999961 0.00000000099999999961 0.00000000099999999961 0.00000000099999999961 0.99999999000000017180 0.00000000099999999961 0.00000000099999999961 0.00000000099999999961 0.00000000099999999961 0.00000000099999999961 0.00000000099999999961
62 62 (0) 6 : 0.00000000099999999951 0.00000000099999999951 0.00000000099999999951 0.72952201114077375177 0.00000000099999999951 0.00000000099999999951 0.00000000099999999951 0.00000000099999999951 0.00000000099999999951 0.27047797985922639175 0.00000000099999999951
63 63 (0) 6 : 0.00000000099999999969 0.00000000099999999969 0.00000000099999999969 0.00000000099999999969 0.00000000099999999969 0.00000000099999999969 0.00000000099999999969 0.99999999000000006077 0.00000000099999999969 0.00000000099999999969 0.00000000099999999969
64 64 (0) 7 : 0.52766454965898201834 0.00000000099999999946 0.00000000099999999946 0.00000000099999999946 0.00000000099999999946 0.47233544134101806966 0.00000000099999999946 0.00000000099999999946 0.00000000099999999946 0.00000000099999999946 0.00000000099999999946
65 65 (0) 7 : 0.00000000099999999926 0.00000000099999999926 0.00000000099999999926 0.00000000099999999926 0.00000000099999999926 0.99999999000000017180 0.00000000099999999926 0.00000000099999999926 0.00000000099999999926 0.00000000099999999926 0.00000000099999999926
66 66 (0) 7 : 0.00000498281923556000 0.00000000099999999962 0.00000000099999999962 0.00000000099999999962 0.00000000099999999962 0.40840405939060292484 0.00000000099999999962 0.59159094979016146887 0.00000000099999999962 0.00000000099999999962 0.00000000099999999962
67 67 (0) 7 : 0.00000000099999999972 0.03480753667570014864 0.00000000099999999972 0.00000000099999999972 0.00000000099999999972 0.50677370801959475966 0.00000000099999999972 0.45841874730470510979 0.00000000099999999972 0.00000000099999999972 0.00000000099999999972
68 68 (0) 8 : 0.00000000099999999988 0.00000000099999999988 0.00000000099999999988 0.00000000099999999988 0.44353297616350961796 0.00000000099999999988 0.00000000491348047029 0.00000000099999999988 0.07205055831946059752 0.48441645360354917971 0.00000000099999999988
69 69 (0) 8 : 0.00000000099999999999 0.00000000099999999999 0.11921016781308760302 0.10825905791452253291 0.30804198357451534340 0.00000000099999999999 0.13478409782133529693 0.05716494555778640907 0.12599012157998193406 0.09074335520579877856 0.05580626753297211751
70 70 (0) 8 : 0.00000000099999999930 0.00000000099999999930 0.00000000099999999930 0.00000000099999999930 0.00000000099999999930 0.00000000099999999930 0.99999998999999994975 0.00000000099999999930 0.00000000099999999930 0.00000000099999999930 0.00000000099999999930
71 71 (0) 8 : 0.00000000099999999978 0.00000000099999999978 0.00000000099999999978 0.00000000099999999978 0.00003472695803262581 0.00000000099999999978 0.77216496214579377622 0.00000000099999999978 0.00000000099999999978 0.22780030289617370087 0.00000000099999999978
72 72 (0) 8 : 0.00000000099999999973 0.00000000099999999973 0.00000000099999999973 0.00000000099999999973 0.00000000099999999973 0.00000000099999999973 0.99999999000000006077 0.00000000099999999973 0.00000000099999999973 0.00000000099999999973 0.00000000099999999973
73 73 (0) 8 : 0.00000000099999999989 0.00000000099999999989 0.00000000099999999989 0.00000000099999999989 0.00000000099999999989 0.00000000099999999989 0.00000000099999999989 0.00000000099999999989 0.99999998999999994975 0.00000000099999999989 0.00000000099999999989
74 74 (0) 9 : 0.00000000099999999981 0.00000000099999999981 0.00000000099999999981 0.00000000099999999981 0.00000000099999999981 0.00000000099999999981 0.00000000099999999981 0.99999998999999994975 0.00000000099999999981 0.00000000099999999981 0.00000000099999999981
75 75 (0) 9 : 0.00000000099999999961 0.00000000099999999961 0.00000000099999999961 0.00000000099999999961 0.00000000099999999961 0.00000000099999999961 0.00000000099999999961 0.99999999000000006077 0.00000000099999999961 0.00000000099999999961 0.00000000099999999961
76 76 (0) 10 : 0.00000000099999999933 0.00000000099999999933 0.00000000099999999933 0.00000000099999999933 0.00000000099999999933 0.99999999000000017180 0.00000000099999999933 0.00000000099999999933 0.00000000099999999933 0.00000000099999999933 0.00000000099999999933
77 77 (0) 11 : 0.52448205490390154004 0.00000000099999999947 0.00000000099999999947 0.00000000099999999947 0.00000000099999999947 0.47551793609609860347 0.00000000099999999947 0.00000000099999999947 0.00000000099999999947 0.00000000099999999947 0.00000000099999999947
78 78 (0) 12 : 0.00000000099999999940 0.00000000099999999940 0.00000000099999999940 0.00000000099999999940 0.00000000099999999940 0.99999999000000006077 0.00000000099999999940 0.00000000099999999940 0.00000000099999999940 0.00000000099999999940 0.00000000099999999940
79 79 (0) 13 : 0.00000000099999999995 0.00000000099999999995 0.00000000099999999995 0.00000000436444216532 0.00000000099999999995 0.00000000099999999995 0.00000028469565603322 0.00000000099999999995 0.60778328745781295961 0.00000000099999999995 0.39221641648208882547
80 80 (0) 13 : 0.00000000099999999949 0.00000000099999999949 0.00000000099999999949 0.22362730755446144637 0.77636803996819647722 0.00000000099999999949 0.00000000099999999949 0.00000000099999999949 0.00000000099999999949 0.00000464447734226227 0.00000000099999999949
