-------------------------------------------------------------------------------
 L       Percentage of nodes in the largest component
 D       Percentage of nodes in components of size at most 3 [-div option]
 R       Percentage of nodes not in L or D: 100 - L -D
 S       Percentage of nodes that are singletons
 E       Fraction of edges retained (input graph has 2450)
 cce     Expected size of component, nodewise [ sum(sz^2) / sum^2(sz) ]
 EW      Edge weight traits (mean, median and IQR)
 ND      Node degree traits [mean, median and IQR]
 CCF     Clustering coefficient (scale 1-100)
 eff     Induced component efficiency relative to start graph (scale 1-1000)
Total number of nodes: 50
----------------------------------------------------------------------------------------------
  L   D   R   S     E     cce  EWmean   EWmed   EWiqr  NDmean   NDmed  NDiqr CCF  eff  Cutoff 
----------------------------------------------------------------------------------------------
100   0   0   0 1.000      50    0.67    0.66    0.09    49.0    49.5    0.5   -    -     0.50
100   0   0   0 0.999      50    0.67    0.66    0.09    49.0    49.5    0.5   -    -     0.51
100   0   0   0 0.997      50    0.67    0.66    0.09    48.8    49.5    0.5   -    -     0.52
100   0   0   0 0.995      50    0.67    0.66    0.09    48.8    49.5    0.5   -    -     0.53
100   0   0   0 0.993      50    0.67    0.66    0.09    48.6    49.5    0.5   -    -     0.54
100   0   0   0 0.989      50    0.67    0.66    0.09    48.4    49.5    1.5   -    -     0.55
100   0   0   0 0.973      50    0.67    0.66    0.09    47.7    48.5    2.0   -    -     0.56
100   0   0   0 0.960      50    0.67    0.66    0.09    47.0    48.5    2.5   -    -     0.57
100   0   0   0 0.939      50    0.67    0.66    0.08    46.0    47.5    3.5   -    -     0.58
100   0   0   0 0.909      50    0.68    0.67    0.08    44.6    46.5    5.5   -    -     0.59
100   0   0   0 0.870      50    0.68    0.67    0.08    42.6    44.5    8.0   -    -     0.60
100   0   0   0 0.813      50    0.69    0.67    0.08    39.8    42.5    9.0   -    -     0.61
100   0   0   0 0.748      50    0.69    0.68    0.08    36.6    39.5    9.5   -    -     0.62
100   0   0   0 0.689      50    0.70    0.69    0.07    33.8    36.5   13.0   -    -     0.63
100   0   0   0 0.625      50    0.71    0.69    0.07    30.6    33.5   14.5   -    -     0.64
100   0   0   0 0.562      50    0.71    0.70    0.07    27.6    30.5   14.0   -    -     0.65
100   0   0   0 0.496      50    0.72    0.71    0.07    24.3    26.5   14.5   -    -     0.66
100   0   0   0 0.433      50    0.73    0.72    0.06    21.2    23.5   16.0   -    -     0.67
100   0   0   0 0.374      50    0.74    0.73    0.06    18.3    18.5   14.5   -    -     0.68
 96   4   0   0 0.326      46    0.74    0.73    0.06    16.0    14.5   14.0   -    -     0.69
 94   6   0   2 0.289      44    0.75    0.74    0.05    14.2    14.5   14.5   -    -     0.70
 92   8   0   4 0.243      42    0.76    0.75    0.05    11.9    11.5   11.0   -    -     0.71
 88  12   0   8 0.214      39    0.76    0.75    0.05    10.5    10.5   11.0   -    -     0.72
 86  14   0  10 0.170      37    0.77    0.77    0.04     8.3     7.5    9.0   -    -     0.73
 84  16   0  12 0.144      35    0.78    0.77    0.05     7.1     6.5    8.0   -    -     0.74
 84  16   0  12 0.124      35    0.79    0.78    0.05     6.1     5.5    7.0   -    -     0.75
 58  20  22  12 0.091      20    0.80    0.79    0.05     4.4     3.5    6.0   -    -     0.76
 52  26  22  18 0.075      16    0.81    0.80    0.04     3.7     2.5    4.5   -    -     0.77
 46  34  20  26 0.060      13    0.81    0.81    0.04     2.9     2.5    4.0   -    -     0.78
 42  38  20  34 0.047      10    0.82    0.82    0.04     2.3     2.5    3.5   -    -     0.79
 34  54  12  40 0.038       7    0.83    0.82    0.04     1.8     1.5    3.5   -    -     0.80
 34  54  12  48 0.027       7    0.84    0.84    0.02     1.3     1.5    2.5   -    -     0.81
 30  60  10  50 0.022       6    0.84    0.84    0.03     1.1     0.5    2.0   -    -     0.82
 22  68  10  62 0.016       4    0.85    0.84    0.03     0.8     0.5    1.5   -    -     0.83
 12  78  10  64 0.011       2    0.86    0.85    0.04     0.6     0.5    1.5   -    -     0.84
 10  90   0  78 0.006       2    0.88    0.88    0.02     0.3     0.5    0.5   -    -     0.85
 10  90   0  78 0.006       2    0.88    0.88    0.02     0.3     0.5    0.5   -    -     0.86
  0 100   0  86 0.003       1    0.89    0.89    0.01     0.2     0.5    0.5   -    -     0.87
  0 100   0  88 0.002       1    0.89    0.89    0.00     0.1     0.5    0.5   -    -     0.88
  0 100   0  96 0.001       1    0.89    0.89    0.00     0.0     0.5    0.5   -    -     0.89
  0 100   0 100 0.000       1    0.00    0.00    0.00     0.0     0.5    0.5   -    -     0.90
  0 100   0 100 0.000       1    0.00    0.00    0.00     0.0     0.5    0.5   -    -     0.91
  0 100   0 100 0.000       1    0.00    0.00    0.00     0.0     0.5    0.5   -    -     0.92
  0 100   0 100 0.000       1    0.00    0.00    0.00     0.0     0.5    0.5   -    -     0.93
  0 100   0 100 0.000       1    0.00    0.00    0.00     0.0     0.5    0.5   -    -     0.94
  0 100   0 100 0.000       1    0.00    0.00    0.00     0.0     0.5    0.5   -    -     0.95
  0 100   0 100 0.000       1    0.00    0.00    0.00     0.0     0.5    0.5   -    -     0.96
  0 100   0 100 0.000       1    0.00    0.00    0.00     0.0     0.5    0.5   -    -     0.97
  0 100   0 100 0.000       1    0.00    0.00    0.00     0.0     0.5    0.5   -    -     0.98
  0 100   0 100 0.000       1    0.00    0.00    0.00     0.0     0.5    0.5   -    -     0.99
---------------------------------------------------------------------------------------------
