-------------------------------------------------------------------------------
 L       Percentage of nodes in the largest component
 D       Percentage of nodes in components of size at most 3 [-div option]
 R       Percentage of nodes not in L or D: 100 - L -D
 S       Percentage of nodes that are singletons
 E       Fraction of edges retained (input graph has 2450)
 cce     Expected size of component, nodewise [ sum(sz^2) / sum^2(sz) ]
 EW      Edge weight traits (mean, median and IQR)
 ND      Node degree traits [mean, median and IQR]
 CCF     Clustering coefficient (scale 1-100)
 eff     Induced component efficiency relative to start graph (scale 1-1000)
Total number of nodes: 50
----------------------------------------------------------------------------------------------
  L   D   R   S     E     cce  EWmean   EWmed   EWiqr  NDmean   NDmed  NDiqr CCF  eff  Cutoff 
----------------------------------------------------------------------------------------------
100   0   0   0 0.349      50    0.54    0.54    0.05    17.1    18.5   14.0   -    -     0.50
100   0   0   0 0.297      50    0.55    0.54    0.05    14.6    13.5   12.5   -    -     0.51
 96   4   0   0 0.244      46    0.56    0.55    0.04    12.0    11.5   11.5   -    -     0.52
 96   4   0   0 0.198      46    0.57    0.56    0.04     9.7     8.5    8.5   -    -     0.53
 96   4   0   0 0.162      46    0.57    0.57    0.04     8.0     6.5    8.5   -    -     0.54
 92   8   0   8 0.126      42    0.58    0.57    0.03     6.2     5.5    7.0   -    -     0.55
 92   8   0   8 0.100      42    0.59    0.58    0.03     4.9     4.5    6.0   -    -     0.56
 82  18   0  18 0.073      34    0.60    0.59    0.03     3.6     3.5    5.0   -    -     0.57
 70  30   0  30 0.055      25    0.61    0.60    0.03     2.7     2.5    5.0   -    -     0.58
 48  36  16  36 0.040      13    0.61    0.61    0.03     2.0     1.5    3.5   -    -     0.59
 30  48  22  44 0.024       6    0.62    0.62    0.02     1.2     1.5    2.5   -    -     0.60
 20  64  16  46 0.020       4    0.63    0.63    0.02     1.0     1.5    2.0   -    -     0.61
 16  84   0  58 0.014       2    0.64    0.63    0.01     0.7     0.5    1.5   -    -     0.62
  8  92   0  68 0.008       2    0.64    0.64    0.01     0.4     0.5    1.5   -    -     0.63
  0 100   0  90 0.002       1    0.66    0.65    0.02     0.1     0.5    0.5   -    -     0.64
  0 100   0  96 0.001       1    0.68    0.68    0.00     0.0     0.5    0.5   -    -     0.65
  0 100   0  96 0.001       1    0.68    0.68    0.00     0.0     0.5    0.5   -    -     0.66
  0 100   0  96 0.001       1    0.68    0.68    0.00     0.0     0.5    0.5   -    -     0.67
  0 100   0  96 0.001       1    0.68    0.68    0.00     0.0     0.5    0.5   -    -     0.68
  0 100   0 100 0.000       1    0.00    0.00    0.00     0.0     0.5    0.5   -    -     0.69
  0 100   0 100 0.000       1    0.00    0.00    0.00     0.0     0.5    0.5   -    -     0.70
  0 100   0 100 0.000       1    0.00    0.00    0.00     0.0     0.5    0.5   -    -     0.71
  0 100   0 100 0.000       1    0.00    0.00    0.00     0.0     0.5    0.5   -    -     0.72
  0 100   0 100 0.000       1    0.00    0.00    0.00     0.0     0.5    0.5   -    -     0.73
  0 100   0 100 0.000       1    0.00    0.00    0.00     0.0     0.5    0.5   -    -     0.74
  0 100   0 100 0.000       1    0.00    0.00    0.00     0.0     0.5    0.5   -    -     0.75
  0 100   0 100 0.000       1    0.00    0.00    0.00     0.0     0.5    0.5   -    -     0.76
  0 100   0 100 0.000       1    0.00    0.00    0.00     0.0     0.5    0.5   -    -     0.77
  0 100   0 100 0.000       1    0.00    0.00    0.00     0.0     0.5    0.5   -    -     0.78
  0 100   0 100 0.000       1    0.00    0.00    0.00     0.0     0.5    0.5   -    -     0.79
  0 100   0 100 0.000       1    0.00    0.00    0.00     0.0     0.5    0.5   -    -     0.80
  0 100   0 100 0.000       1    0.00    0.00    0.00     0.0     0.5    0.5   -    -     0.81
  0 100   0 100 0.000       1    0.00    0.00    0.00     0.0     0.5    0.5   -    -     0.82
  0 100   0 100 0.000       1    0.00    0.00    0.00     0.0     0.5    0.5   -    -     0.83
  0 100   0 100 0.000       1    0.00    0.00    0.00     0.0     0.5    0.5   -    -     0.84
  0 100   0 100 0.000       1    0.00    0.00    0.00     0.0     0.5    0.5   -    -     0.85
  0 100   0 100 0.000       1    0.00    0.00    0.00     0.0     0.5    0.5   -    -     0.86
  0 100   0 100 0.000       1    0.00    0.00    0.00     0.0     0.5    0.5   -    -     0.87
  0 100   0 100 0.000       1    0.00    0.00    0.00     0.0     0.5    0.5   -    -     0.88
  0 100   0 100 0.000       1    0.00    0.00    0.00     0.0     0.5    0.5   -    -     0.89
  0 100   0 100 0.000       1    0.00    0.00    0.00     0.0     0.5    0.5   -    -     0.90
  0 100   0 100 0.000       1    0.00    0.00    0.00     0.0     0.5    0.5   -    -     0.91
  0 100   0 100 0.000       1    0.00    0.00    0.00     0.0     0.5    0.5   -    -     0.92
  0 100   0 100 0.000       1    0.00    0.00    0.00     0.0     0.5    0.5   -    -     0.93
  0 100   0 100 0.000       1    0.00    0.00    0.00     0.0     0.5    0.5   -    -     0.94
  0 100   0 100 0.000       1    0.00    0.00    0.00     0.0     0.5    0.5   -    -     0.95
  0 100   0 100 0.000       1    0.00    0.00    0.00     0.0     0.5    0.5   -    -     0.96
  0 100   0 100 0.000       1    0.00    0.00    0.00     0.0     0.5    0.5   -    -     0.97
  0 100   0 100 0.000       1    0.00    0.00    0.00     0.0     0.5    0.5   -    -     0.98
  0 100   0 100 0.000       1    0.00    0.00    0.00     0.0     0.5    0.5   -    -     0.99
---------------------------------------------------------------------------------------------
