-------------------------------------------------------------------------------
 L       Percentage of nodes in the largest component
 D       Percentage of nodes in components of size at most 3 [-div option]
 R       Percentage of nodes not in L or D: 100 - L -D
 S       Percentage of nodes that are singletons
 E       Fraction of edges retained (input graph has 2450)
 cce     Expected size of component, nodewise [ sum(sz^2) / sum^2(sz) ]
 EW      Edge weight traits (mean, median and IQR)
 ND      Node degree traits [mean, median and IQR]
 CCF     Clustering coefficient (scale 1-100)
 eff     Induced component efficiency relative to start graph (scale 1-1000)
Total number of nodes: 50
----------------------------------------------------------------------------------------------
  L   D   R   S     E     cce  EWmean   EWmed   EWiqr  NDmean   NDmed  NDiqr CCF  eff  Cutoff 
----------------------------------------------------------------------------------------------
100   0   0   0 1.000      50    0.74    0.72    0.14    49.0    49.5    0.5   -    -     0.50
100   0   0   0 1.000      50    0.74    0.72    0.14    49.0    49.5    0.5   -    -     0.51
100   0   0   0 1.000      50    0.74    0.72    0.14    49.0    49.5    0.5   -    -     0.52
100   0   0   0 1.000      50    0.74    0.72    0.14    49.0    49.5    0.5   -    -     0.53
100   0   0   0 0.999      50    0.74    0.72    0.14    49.0    49.5    0.5   -    -     0.54
100   0   0   0 0.999      50    0.74    0.72    0.14    49.0    49.5    0.5   -    -     0.55
100   0   0   0 0.998      50    0.74    0.72    0.14    48.9    49.5    0.5   -    -     0.56
100   0   0   0 0.996      50    0.74    0.72    0.14    48.8    49.5    0.5   -    -     0.57
100   0   0   0 0.992      50    0.74    0.72    0.14    48.6    49.5    0.5   -    -     0.58
100   0   0   0 0.979      50    0.74    0.73    0.13    48.0    49.5    1.5   -    -     0.59
100   0   0   0 0.958      50    0.74    0.73    0.13    47.0    48.5    2.0   -    -     0.60
100   0   0   0 0.938      50    0.75    0.73    0.13    46.0    48.5    3.0   -    -     0.61
100   0   0   0 0.919      50    0.75    0.73    0.13    45.0    47.5    3.5   -    -     0.62
100   0   0   0 0.900      50    0.75    0.74    0.12    44.1    46.5    5.5   -    -     0.63
100   0   0   0 0.867      50    0.76    0.74    0.12    42.5    46.5    4.5   -    -     0.64
100   0   0   0 0.843      50    0.76    0.75    0.12    41.3    45.5    6.5   -    -     0.65
100   0   0   0 0.800      50    0.76    0.75    0.14    39.2    44.5    7.0   -    -     0.66
100   0   0   0 0.737      50    0.77    0.77    0.13    36.1    42.5   10.0   -    -     0.67
100   0   0   0 0.699      50    0.78    0.77    0.12    34.2    40.5   10.0   -    -     0.68
100   0   0   0 0.635      50    0.79    0.78    0.11    31.1    37.5   11.0   -    -     0.69
 98   2   0   2 0.600      48    0.79    0.80    0.11    29.4    36.5   10.0   -    -     0.70
 92   8   0   2 0.553      43    0.80    0.80    0.09    27.1    34.5   17.5   -    -     0.71
 92   8   0   2 0.512      43    0.81    0.80    0.08    25.1    33.5   23.0   -    -     0.72
 92   8   0   2 0.451      43    0.82    0.81    0.07    22.1    31.5   24.0   -    -     0.73
 92   8   0   2 0.442      43    0.82    0.81    0.07    21.6    30.5   26.0   -    -     0.74
 90  10   0   4 0.404      41    0.83    0.84    0.05    19.8    28.5   25.5   -    -     0.75
 90  10   0   4 0.384      41    0.83    0.84    0.04    18.8    28.5   25.5   -    -     0.76
 72  10  18   4 0.363      28    0.83    0.84    0.04    17.8    26.5   25.5   -    -     0.77
 70  12  18   6 0.308      26    0.84    0.84    0.08    15.1    21.5   23.5   -    -     0.78
 64  18  18   6 0.303      23    0.85    0.84    0.08    14.8    21.5   24.5   -    -     0.79
 64  28   8   6 0.291      21    0.85    0.84    0.08    14.3    19.5   23.5   -    -     0.80
 54  30  16  10 0.210      16    0.86    0.84    0.05    10.3     8.5   19.0   -    -     0.81
 54  30  16  12 0.209      16    0.86    0.84    0.05    10.2     8.5   19.5   -    -     0.82
 54  38   8  20 0.207      16    0.86    0.84    0.05    10.1     8.5   19.5   -    -     0.83
 54  46   0  24 0.174      15    0.87    0.85    0.05     8.5     4.5   16.0   -    -     0.84
 52  48   0  32 0.079      14    0.90    0.89    0.00     3.9     1.5    7.5   -    -     0.85
 52  48   0  32 0.079      14    0.90    0.89    0.00     3.9     1.5    7.5   -    -     0.86
 52  48   0  36 0.078      14    0.90    0.89    0.00     3.8     1.5    7.5   -    -     0.87
 52  48   0  36 0.078      14    0.90    0.89    0.00     3.8     1.5    7.5   -    -     0.88
  8  84   8  58 0.016       2    0.96    1.00    0.10     0.8     0.5    1.5   -    -     0.89
  0 100   0  62 0.011       2    0.99    1.00    0.00     0.6     0.5    1.5   -    -     0.90
  0 100   0  66 0.011       2    1.00    1.00    0.00     0.5     0.5    1.5   -    -     0.91
  0 100   0  66 0.011       2    1.00    1.00    0.00     0.5     0.5    1.5   -    -     0.92
  0 100   0  66 0.011       2    1.00    1.00    0.00     0.5     0.5    1.5   -    -     0.93
  0 100   0  66 0.011       2    1.00    1.00    0.00     0.5     0.5    1.5   -    -     0.94
  0 100   0  66 0.011       2    1.00    1.00    0.00     0.5     0.5    1.5   -    -     0.95
  0 100   0  66 0.011       2    1.00    1.00    0.00     0.5     0.5    1.5   -    -     0.96
  0 100   0  66 0.011       2    1.00    1.00    0.00     0.5     0.5    1.5   -    -     0.97
  0 100   0  66 0.011       2    1.00    1.00    0.00     0.5     0.5    1.5   -    -     0.98
  0 100   0  66 0.011       2    1.00    1.00    0.00     0.5     0.5    1.5   -    -     0.99
---------------------------------------------------------------------------------------------
