-------------------------------------------------------------------------------
 L       Percentage of nodes in the largest component
 D       Percentage of nodes in components of size at most 3 [-div option]
 R       Percentage of nodes not in L or D: 100 - L -D
 S       Percentage of nodes that are singletons
 E       Fraction of edges retained (input graph has 2450)
 cce     Expected size of component, nodewise [ sum(sz^2) / sum^2(sz) ]
 EW      Edge weight traits (mean, median and IQR)
 ND      Node degree traits [mean, median and IQR]
 CCF     Clustering coefficient (scale 1-100)
 eff     Induced component efficiency relative to start graph (scale 1-1000)
Total number of nodes: 50
----------------------------------------------------------------------------------------------
  L   D   R   S     E     cce  EWmean   EWmed   EWiqr  NDmean   NDmed  NDiqr CCF  eff  Cutoff 
----------------------------------------------------------------------------------------------
100   0   0   0 0.887      50    0.59    0.59    0.07    43.5    45.5    4.5   -    -     0.50
100   0   0   0 0.851      50    0.60    0.59    0.07    41.7    45.5    5.5   -    -     0.51
100   0   0   0 0.807      50    0.60    0.60    0.07    39.6    42.5    6.0   -    -     0.52
100   0   0   0 0.774      50    0.61    0.60    0.07    37.9    41.5    7.0   -    -     0.53
100   0   0   0 0.740      50    0.61    0.60    0.06    36.3    40.5    8.5   -    -     0.54
100   0   0   0 0.696      50    0.61    0.60    0.06    34.1    38.5   10.0   -    -     0.55
100   0   0   0 0.633      50    0.62    0.61    0.06    31.0    35.5   12.5   -    -     0.56
100   0   0   0 0.568      50    0.63    0.62    0.06    27.8    31.5   13.0   -    -     0.57
 98   2   0   2 0.509      48    0.63    0.62    0.06    24.9    26.5   13.5   -    -     0.58
 96   4   0   4 0.433      46    0.64    0.63    0.05    21.2    22.5   14.0   -    -     0.59
 94   6   0   6 0.378      44    0.65    0.64    0.05    18.5    20.5   13.5   -    -     0.60
 94   6   0   6 0.321      44    0.65    0.65    0.05    15.7    16.5   15.0   -    -     0.61
 90  10   0  10 0.266      41    0.66    0.66    0.05    13.0    12.5   11.5   -    -     0.62
 90  10   0  10 0.212      41    0.67    0.66    0.04    10.4     9.5   11.0   -    -     0.63
 90  10   0  10 0.176      41    0.68    0.67    0.04     8.6     7.5    9.0   -    -     0.64
 84  16   0  12 0.146      35    0.68    0.68    0.04     7.2     6.5    9.0   -    -     0.65
 82  18   0  14 0.113      34    0.69    0.68    0.03     5.6     4.5    7.0   -    -     0.66
 76  24   0  16 0.091      29    0.70    0.69    0.03     4.4     3.5    6.0   -    -     0.67
 66  34   0  30 0.068      22    0.71    0.70    0.03     3.3     2.5    6.0   -    -     0.68
 60  40   0  36 0.046      18    0.72    0.71    0.04     2.2     1.5    3.5   -    -     0.69
 50  50   0  46 0.034      13    0.73    0.72    0.04     1.7     1.5    3.5   -    -     0.70
 34  56  10  56 0.023       7    0.74    0.74    0.03     1.1     0.5    2.0   -    -     0.71
 26  74   0  64 0.016       4    0.75    0.74    0.04     0.8     0.5    1.5   -    -     0.72
 22  78   0  64 0.015       3    0.76    0.75    0.04     0.7     0.5    1.5   -    -     0.73
 20  80   0  72 0.011       3    0.76    0.77    0.04     0.5     0.5    1.5   -    -     0.74
 14  86   0  78 0.007       2    0.77    0.78    0.01     0.4     0.5    0.5   -    -     0.75
 12  88   0  84 0.006       2    0.78    0.78    0.00     0.3     0.5    0.5   -    -     0.76
 12  88   0  84 0.006       2    0.78    0.78    0.00     0.3     0.5    0.5   -    -     0.77
  0 100   0  86 0.004       1    0.78    0.78    0.00     0.2     0.5    0.5   -    -     0.78
  0 100   0 100 0.000       1    0.00    0.00    0.00     0.0     0.5    0.5   -    -     0.79
  0 100   0 100 0.000       1    0.00    0.00    0.00     0.0     0.5    0.5   -    -     0.80
  0 100   0 100 0.000       1    0.00    0.00    0.00     0.0     0.5    0.5   -    -     0.81
  0 100   0 100 0.000       1    0.00    0.00    0.00     0.0     0.5    0.5   -    -     0.82
  0 100   0 100 0.000       1    0.00    0.00    0.00     0.0     0.5    0.5   -    -     0.83
  0 100   0 100 0.000       1    0.00    0.00    0.00     0.0     0.5    0.5   -    -     0.84
  0 100   0 100 0.000       1    0.00    0.00    0.00     0.0     0.5    0.5   -    -     0.85
  0 100   0 100 0.000       1    0.00    0.00    0.00     0.0     0.5    0.5   -    -     0.86
  0 100   0 100 0.000       1    0.00    0.00    0.00     0.0     0.5    0.5   -    -     0.87
  0 100   0 100 0.000       1    0.00    0.00    0.00     0.0     0.5    0.5   -    -     0.88
  0 100   0 100 0.000       1    0.00    0.00    0.00     0.0     0.5    0.5   -    -     0.89
  0 100   0 100 0.000       1    0.00    0.00    0.00     0.0     0.5    0.5   -    -     0.90
  0 100   0 100 0.000       1    0.00    0.00    0.00     0.0     0.5    0.5   -    -     0.91
  0 100   0 100 0.000       1    0.00    0.00    0.00     0.0     0.5    0.5   -    -     0.92
  0 100   0 100 0.000       1    0.00    0.00    0.00     0.0     0.5    0.5   -    -     0.93
  0 100   0 100 0.000       1    0.00    0.00    0.00     0.0     0.5    0.5   -    -     0.94
  0 100   0 100 0.000       1    0.00    0.00    0.00     0.0     0.5    0.5   -    -     0.95
  0 100   0 100 0.000       1    0.00    0.00    0.00     0.0     0.5    0.5   -    -     0.96
  0 100   0 100 0.000       1    0.00    0.00    0.00     0.0     0.5    0.5   -    -     0.97
  0 100   0 100 0.000       1    0.00    0.00    0.00     0.0     0.5    0.5   -    -     0.98
  0 100   0 100 0.000       1    0.00    0.00    0.00     0.0     0.5    0.5   -    -     0.99
---------------------------------------------------------------------------------------------
