1 1 (0) 1 : 0.00000000099999999957 0.00000000099999999957 0.00000000099999999957 0.99999998900000008906 0.00000000099999999957 0.00000000099999999957 0.00000000099999999957 0.00000000099999999957 0.00000000099999999957 0.00000000099999999957 0.00000000099999999957 0.00000000099999999957
2 2 (0) 1 : 0.00000000099999999995 0.00000000099999999995 0.37861686703269414878 0.00000000099999999995 0.02007896190497705444 0.00000000099999999995 0.00000000099999999995 0.15300364905929850212 0.00000000099999999995 0.41780789524557226944 0.00000000099999999995 0.03049261975745802197
3 3 (0) 1 : 0.99999998900000020008 0.00000000099999999969 0.00000000099999999969 0.00000000099999999969 0.00000000099999999969 0.00000000099999999969 0.00000000099999999969 0.00000000099999999969 0.00000000099999999969 0.00000000099999999969 0.00000000099999999969 0.00000000099999999969
4 4 (0) 1 : 0.00000000099999999956 0.00000000099999999956 0.00000000099999999956 0.00000000099999999956 0.00000000099999999956 0.99999998900000008906 0.00000000099999999956 0.00000000099999999956 0.00000000099999999956 0.00000000099999999956 0.00000000099999999956 0.00000000099999999956
5 5 (0) 1 : 0.00000000099999999955 0.00000000099999999955 0.00000000099999999955 0.00000000099999999955 0.00000000099999999955 0.99999998900000020008 0.00000000099999999955 0.00000000099999999955 0.00000000099999999955 0.00000000099999999955 0.00000000099999999955 0.00000000099999999955
6 6 (0) 1 : 0.00000000099999999973 0.00000000099999999973 0.00000000099999999973 0.00000000099999999973 0.00000000099999999973 0.00000000099999999973 0.00000000099999999973 0.99999998899999997803 0.00000000099999999973 0.00000000099999999973 0.00000000099999999973 0.00000000099999999973
7 7 (0) 1 : 0.00000000099999999977 0.00000000099999999977 0.00000000099999999977 0.00000000099999999977 0.00000000099999999977 0.00000000099999999977 0.00000000099999999977 0.00000000099999999977 0.00000000099999999977 0.00000000099999999977 0.00000000099999999977 0.99999998899999997803
8 8 (0) 1 : 0.00000000099999999994 0.04243183656095270151 0.23460839952932421859 0.00000000099999999994 0.00000000099999999994 0.00000000099999999994 0.00000000099999999994 0.29917256118815438448 0.00000000099999999994 0.19295210705212245683 0.23083508866944596472 0.00000000099999999994
9 9 (0) 1 : 0.31572271385288891432 0.68427727614711131299 0.00000000099999999988 0.00000000099999999988 0.00000000099999999988 0.00000000099999999988 0.00000000099999999988 0.00000000099999999988 0.00000000099999999988 0.00000000099999999988 0.00000000099999999988 0.00000000099999999988
10 10 (0) 2 : 0.99999998900000020008 0.00000000099999999962 0.00000000099999999962 0.00000000099999999962 0.00000000099999999962 0.00000000099999999962 0.00000000099999999962 0.00000000099999999962 0.00000000099999999962 0.00000000099999999962 0.00000000099999999962 0.00000000099999999962
11 11 (0) 2 : 0.00000000099999999975 0.99999998900000031110 0.00000000099999999975 0.00000000099999999975 0.00000000099999999975 0.00000000099999999975 0.00000000099999999975 0.00000000099999999975 0.00000000099999999975 0.00000000099999999975 0.00000000099999999975 0.00000000099999999975
12 12 (0) 2 : 0.00000000099999999970 0.00000000099999999970 0.00000000099999999970 0.00000000099999999970 0.00000000099999999970 0.00000000099999999970 0.00000000099999999970 0.00000000099999999970 0.00000000099999999970 0.00000000099999999970 0.99999998899999997803 0.00000000099999999970
13 13 (0) 3 : 0.21647311646338013302 0.41740879037719819111 0.00000000099999999996 0.05851355468518204539 0.00000000099999999996 0.06907572893058315511 0.00000000099999999996 0.00000000099999999996 0.08194874630443198249 0.01196050828113226321 0.00000000099999999996 0.14461954995809245261
14 14 (0) 3 : 0.00000000099999999925 0.00000000099999999925 0.00000000099999999925 0.00000000099999999925 0.99999998900000008906 0.00000000099999999925 0.00000000099999999925 0.00000000099999999925 0.00000000099999999925 0.00000000099999999925 0.00000000099999999925 0.00000000099999999925
15 15 (0) 3 : 0.00000000099999999993 0.00000000099999999993 0.00000000099999999993 0.00000000099999999993 0.00000000099999999993 0.00000000099999999993 0.00000000099999999993 0.59924257373139000471 0.00000000099999999993 0.00000000099999999993 0.40075741626860988953 0.00000000099999999993
16 16 (0) 3 : 0.00000000099999999973 0.00000000099999999973 0.00000000099999999973 0.00000000099999999973 0.00000000099999999973 0.00000000099999999973 0.99999998900000008906 0.00000000099999999973 0.00000000099999999973 0.00000000099999999973 0.00000000099999999973 0.00000000099999999973
17 17 (0) 4 : 0.00000000099999999997 0.00000000099999999997 0.00000000099999999997 0.00000000099999999997 0.40450140776728504832 0.00000000099999999997 0.59549858223271512347 0.00000000099999999997 0.00000000099999999997 0.00000000099999999997 0.00000000099999999997 0.00000000099999999997
18 18 (0) 4 : 0.00000000099999999997 0.00000000099999999997 0.12942183050686498214 0.00000000099999999997 0.02083834946458953258 0.00000000099999999997 0.00000000099999999997 0.37475845537288227094 0.05160553319334865857 0.24743682578012349271 0.17593899968219112173 0.00000000099999999997
19 19 (0) 5 : 0.00000000099999999989 0.00000000099999999989 0.37436338184035816701 0.00000000099999999989 0.00000000099999999989 0.00000000099999999989 0.00000000099999999989 0.37140719539421396256 0.00000000099999999989 0.25422941376542768088 0.00000000099999999989 0.00000000099999999989
20 20 (0) 5 : 0.00000000099999999922 0.00000000099999999922 0.00000000099999999922 0.00000000099999999922 0.00000000099999999922 0.00000000099999999922 0.00000000099999999922 0.00000000099999999922 0.99999998900000008906 0.00000000099999999922 0.00000000099999999922 0.00000000099999999922
21 21 (0) 5 : 0.99999998900000020008 0.00000000099999999967 0.00000000099999999967 0.00000000099999999967 0.00000000099999999967 0.00000000099999999967 0.00000000099999999967 0.00000000099999999967 0.00000000099999999967 0.00000000099999999967 0.00000000099999999967 0.00000000099999999967
22 22 (0) 5 : 0.99999998900000020008 0.00000000099999999973 0.00000000099999999973 0.00000000099999999973 0.00000000099999999973 0.00000000099999999973 0.00000000099999999973 0.00000000099999999973 0.00000000099999999973 0.00000000099999999973 0.00000000099999999973 0.00000000099999999973
23 23 (0) 5 : 0.00000000099999999971 0.99999998900000031110 0.00000000099999999971 0.00000000099999999971 0.00000000099999999971 0.00000000099999999971 0.00000000099999999971 0.00000000099999999971 0.00000000099999999971 0.00000000099999999971 0.00000000099999999971 0.00000000099999999971
24 24 (0) 5 : 0.54228000975389556437 0.00000000099999999991 0.00000000099999999991 0.00000000099999999991 0.00000000099999999991 0.00000000099999999991 0.00000000099999999991 0.00000000099999999991 0.00000000099999999991 0.00000000099999999991 0.00000000099999999991 0.45771998024610471845
25 25 (0) 5 : 0.26732792842353136908 0.00000000099999999994 0.00000000099999999994 0.24269379615577452158 0.00000000099999999994 0.00000000099999999994 0.00000000099999999994 0.00000000099999999994 0.07619278065585705084 0.00000000099999999994 0.00000000099999999994 0.41378548676483711821
26 26 (0) 5 : 0.13130156189075797846 0.17769223497599304085 0.11834807052694648610 0.02381293162197981733 0.00000000099999999998 0.05018257932029662055 0.00000000099999999998 0.06162764543256958605 0.00000000099999999998 0.17113474979106294005 0.14949631253777698192 0.11640391090261666129
27 27 (0) 5 : 0.00000000099999999995 0.00000000099999999995 0.00000000099999999995 0.00000000099999999995 0.00000000099999999995 0.00000000099999999995 0.99999998899999997803 0.00000000099999999995 0.00000000099999999995 0.00000000099999999995 0.00000000099999999995 0.00000000099999999995
28 28 (0) 5 : 0.00000000099999999975 0.00000000099999999975 0.00000000099999999975 0.00000000099999999975 0.00000000099999999975 0.00000000099999999975 0.99999998900000008906 0.00000000099999999975 0.00000000099999999975 0.00000000099999999975 0.00000000099999999975 0.00000000099999999975
29 29 (0) 5 : 0.00000000099999999995 0.00000000099999999995 0.32047139945675068295 0.00000000099999999995 0.03548869877424561114 0.00000000099999999995 0.04118519971586893230 0.22692422499785253054 0.00000000099999999995 0.22484774023346637550 0.15108273082181597480 0.00000000099999999995
30 30 (0) 5 : 0.00000000099999999995 0.00000000099999999995 0.42120948791138096423 0.00000000099999999995 0.00000000099999999995 0.00000000099999999995 0.00000000099999999995 0.31535705358505261575 0.00000000099999999995 0.00000000099999999995 0.26343344950356639700 0.00000000099999999995
31 31 (0) 5 : 0.00000000099999999994 0.26936291842889298342 0.18314875175013664577 0.00000000099999999994 0.00000000099999999994 0.00000000099999999994 0.00000000099999999994 0.00000000099999999994 0.05056226417399839468 0.19646177120860483511 0.12236514677521961869 0.17809914166314733119
32 32 (0) 5 : 0.25525215241952853296 0.00000000099999999994 0.00000000099999999994 0.00000000099999999994 0.00000000099999999994 0.27167947234022671310 0.00000000099999999994 0.00000000099999999994 0.12060547148795248973 0.00000000099999999994 0.00000000099999999994 0.35246289575229233781
33 33 (0) 5 : 0.00000000099999999974 0.00000000099999999974 0.99999998900000008906 0.00000000099999999974 0.00000000099999999974 0.00000000099999999974 0.00000000099999999974 0.00000000099999999974 0.00000000099999999974 0.00000000099999999974 0.00000000099999999974 0.00000000099999999974
34 34 (0) 5 : 0.00000000099999999971 0.00000000099999999971 0.00000000099999999971 0.00000000099999999971 0.00000000099999999971 0.00000000099999999971 0.00000000099999999971 0.00000000099999999971 0.00000000099999999971 0.99999998900000008906 0.00000000099999999971 0.00000000099999999971
35 35 (0) 5 : 0.00000000099999999973 0.00000000099999999973 0.00000000099999999973 0.00000000099999999973 0.00000000099999999973 0.00000000099999999973 0.00000000099999999973 0.00000000099999999973 0.00000000099999999973 0.99999998899999997803 0.00000000099999999973 0.00000000099999999973
36 36 (0) 6 : 0.00269814249749732128 0.00000000099999999996 0.00000000099999999996 0.00000000099999999996 0.00000000099999999996 0.00000000099999999996 0.04150633488801340476 0.35351079005364510754 0.00000000099999999996 0.11954186111373250878 0.48274286444711156374 0.00000000099999999996
37 37 (0) 6 : 0.00000000099999999959 0.00000000099999999959 0.00000000099999999959 0.00000000099999999959 0.00000000099999999959 0.00000000099999999959 0.99999998900000008906 0.00000000099999999959 0.00000000099999999959 0.00000000099999999959 0.00000000099999999959 0.00000000099999999959
38 38 (0) 6 : 0.00000000099999999972 0.00000000099999999972 0.99999998900000008906 0.00000000099999999972 0.00000000099999999972 0.00000000099999999972 0.00000000099999999972 0.00000000099999999972 0.00000000099999999972 0.00000000099999999972 0.00000000099999999972 0.00000000099999999972
39 39 (0) 6 : 0.12711932000945114218 0.31683946125380468839 0.00000000099999999995 0.00000000099999999995 0.00000000099999999995 0.00000000099999999995 0.00000000099999999995 0.12324663896760892912 0.03092099095293363367 0.14487354950106071105 0.25700003331514076343 0.00000000099999999995
40 40 (0) 6 : 0.00000000099999999976 0.00000000099999999976 0.00000000099999999976 0.00000000099999999976 0.00000000099999999976 0.00000000099999999976 0.00000000099999999976 0.00000000099999999976 0.00000000099999999976 0.99999998899999997803 0.00000000099999999976 0.00000000099999999976
41 41 (0) 6 : 0.00000000099999999991 0.00000000099999999991 0.00000000099999999991 0.00000000099999999991 0.02523029038913252031 0.00000000099999999991 0.00000000099999999991 0.58072895110187972012 0.00000000099999999991 0.00000000099999999991 0.39404074950898776430 0.00000000099999999991
42 42 (0) 6 : 0.00000000099999999979 0.00000000099999999979 0.00000000099999999979 0.00000000099999999979 0.00000000099999999979 0.00000000099999999979 0.00000000099999999979 0.00000000099999999979 0.00000000099999999979 0.99999998899999997803 0.00000000099999999979 0.00000000099999999979
43 43 (0) 6 : 0.00000000099999999980 0.00000000099999999980 0.00000000099999999980 0.00000000099999999980 0.00000000099999999980 0.00000000099999999980 0.00000000099999999980 0.00000000099999999980 0.00000000099999999980 0.99999998900000008906 0.00000000099999999980 0.00000000099999999980
44 44 (0) 6 : 0.00000000099999999994 0.00000000099999999994 0.27382915085511266851 0.00000000099999999994 0.02307258122805349795 0.00000000099999999994 0.00000000099999999994 0.18441795563507509814 0.01516653605238206699 0.18101415365753467657 0.32249961657184189612 0.00000000099999999994
45 45 (0) 6 : 0.00000000099999999974 0.00000000099999999974 0.00000000099999999974 0.00000000099999999974 0.00000000099999999974 0.00000000099999999974 0.00000000099999999974 0.00000000099999999974 0.00000000099999999974 0.00000000099999999974 0.99999998899999997803 0.00000000099999999974
46 46 (0) 6 : 0.00000000099999999930 0.00000000099999999930 0.00000000099999999930 0.00000000099999999930 0.00000000099999999930 0.00000000099999999930 0.00000000099999999930 0.00000000099999999930 0.99999998899999997803 0.00000000099999999930 0.00000000099999999930 0.00000000099999999930
47 47 (0) 6 : 0.00000000099999999976 0.00000000099999999976 0.99999998900000020008 0.00000000099999999976 0.00000000099999999976 0.00000000099999999976 0.00000000099999999976 0.00000000099999999976 0.00000000099999999976 0.00000000099999999976 0.00000000099999999976 0.00000000099999999976
48 48 (0) 7 : 0.00000000099999999976 0.00000000099999999976 0.00000000099999999976 0.00000000099999999976 0.00000000099999999976 0.00000000099999999976 0.00000000099999999976 0.00000000099999999976 0.00000000099999999976 0.00000000099999999976 0.99999998899999997803 0.00000000099999999976
49 49 (0) 7 : 0.11117279103646764138 0.08222214727080331964 0.24468143611783157998 0.03772220251561340248 0.00000000099999999997 0.15428819314086428260 0.00000000099999999997 0.00000000099999999997 0.06195159524934247541 0.15840678604020988485 0.00000000099999999997 0.14955484462886731167
50 50 (0) 7 : 0.00000000099999999989 0.02223132278823311894 0.00000000099999999989 0.00000000099999999989 0.00000000099999999989 0.00000000099999999989 0.00000000099999999989 0.66176239082655319290 0.00000000099999999989 0.00000000099999999989 0.31600627738521358534 0.00000000099999999989
51 51 (0) 8 : 0.00000000099999999987 0.00000000099999999987 0.00000000099999999987 0.00000000099999999987 0.00000000099999999987 0.00000000099999999987 0.00000000099999999987 0.00000000099999999987 0.00000000099999999987 0.00000000099999999987 0.99999998899999986701 0.00000000099999999987
52 52 (0) 8 : 0.00000000099999999992 0.00000000099999999992 0.00000000099999999992 0.00000000099999999992 0.00000000099999999992 0.00000000099999999992 0.16981748082991293680 0.00000000099999999992 0.00000000099999999992 0.00000000099999999992 0.83018250917008706846 0.00000000099999999992
53 53 (0) 9 : 0.00000000099999999970 0.00000000099999999970 0.00000000099999999970 0.00000000099999999970 0.00000000099999999970 0.00000000099999999970 0.00000000099999999970 0.99999998899999997803 0.00000000099999999970 0.00000000099999999970 0.00000000099999999970 0.00000000099999999970
54 54 (0) 10 : 0.00000000099999999993 0.00000000099999999993 0.20735489978657334342 0.00000000099999999993 0.00000000099999999993 0.00000000099999999993 0.00000000099999999993 0.37952830856261199344 0.00000000099999999993 0.24863306931461179317 0.16448371433620292970 0.00000000099999999993
55 55 (0) 10 : 0.00000000099999999969 0.99999998900000031110 0.00000000099999999969 0.00000000099999999969 0.00000000099999999969 0.00000000099999999969 0.00000000099999999969 0.00000000099999999969 0.00000000099999999969 0.00000000099999999969 0.00000000099999999969 0.00000000099999999969
56 56 (0) 10 : 0.00000000099999999964 0.00000000099999999964 0.00000000099999999964 0.00000000099999999964 0.00000000099999999964 0.00000000099999999964 0.99999998900000008906 0.00000000099999999964 0.00000000099999999964 0.00000000099999999964 0.00000000099999999964 0.00000000099999999964
57 57 (0) 10 : 0.00000000099999999967 0.00000000099999999967 0.00000000099999999967 0.00000000099999999967 0.00000000099999999967 0.00000000099999999967 0.00000000099999999967 0.99999998899999997803 0.00000000099999999967 0.00000000099999999967 0.00000000099999999967 0.00000000099999999967
58 58 (0) 11 : 0.00323986972764973846 0.00000000099999999998 0.00000000099999999998 0.00000000099999999998 0.00000000099999999998 0.00000000099999999998 0.11343417680669970471 0.00000019903621446379 0.00000000099999999998 0.35733026483467467127 0.52599548259476147649 0.00000000099999999998
59 59 (0) 11 : 0.23481310281547493335 0.26201039614169252534 0.00000000099999999997 0.04990377258354558587 0.00000000099999999997 0.01719083247688218269 0.06897457168540688244 0.00000000099999999997 0.00000000099999999997 0.00000000099999999997 0.00812726107191274506 0.35898005822508533003
60 60 (0) 11 : 0.00000000099999999997 0.00000000099999999997 0.00000000099999999997 0.00000000099999999997 0.00000000099999999997 0.00000000099999999997 0.90242277706338391852 0.00000000099999999997 0.00000000099999999997 0.00000000099999999997 0.09757721293661594797 0.00000000099999999997
61 61 (0) 11 : 0.00000000099999999970 0.00000000099999999970 0.00000000099999999970 0.00000000099999999970 0.00000000099999999970 0.00000000099999999970 0.00000000099999999970 0.00000000099999999970 0.00000000099999999970 0.00000000099999999970 0.99999998899999997803 0.00000000099999999970
62 62 (0) 11 : 0.00000000099999999977 0.00000000099999999977 0.00000000099999999977 0.00000000099999999977 0.00000000099999999977 0.00000000099999999977 0.00000000099999999977 0.00000000099999999977 0.00000000099999999977 0.99999998899999997803 0.00000000099999999977 0.00000000099999999977
63 63 (0) 11 : 0.00000000099999999993 0.00000000099999999993 0.00000000099999999993 0.00000000099999999993 0.00000000099999999993 0.00000000099999999993 0.27645618663770371581 0.26238547392358635424 0.00000000099999999993 0.00000000099999999993 0.46115833043870985142 0.00000000099999999993
64 64 (0) 11 : 0.00000000099999999971 0.00000000099999999971 0.00000000099999999971 0.00000000099999999971 0.00000000099999999971 0.00000000099999999971 0.00000000099999999971 0.99999998899999997803 0.00000000099999999971 0.00000000099999999971 0.00000000099999999971 0.00000000099999999971
65 65 (0) 11 : 0.00000000099999999957 0.00000000099999999957 0.00000000099999999957 0.00000000099999999957 0.00000000099999999957 0.00000000099999999957 0.99999998900000008906 0.00000000099999999957 0.00000000099999999957 0.00000000099999999957 0.00000000099999999957 0.00000000099999999957
66 66 (0) 11 : 0.00000000099999999973 0.00000000099999999973 0.00000000099999999973 0.00000000099999999973 0.00000000099999999973 0.00000000099999999973 0.00000000099999999973 0.00000000099999999973 0.00000000099999999973 0.00000000099999999973 0.99999998899999997803 0.00000000099999999973
67 67 (0) 11 : 0.00000000099999999971 0.00000000099999999971 0.00000000099999999971 0.00000000099999999971 0.00000000099999999971 0.00000000099999999971 0.00000000099999999971 0.00000000099999999971 0.00000000099999999971 0.00000000099999999971 0.00000000099999999971 0.99999998899999997803
68 68 (0) 11 : 0.00000000099999999987 0.00000000099999999987 0.00000000099999999987 0.99999998900000008906 0.00000000099999999987 0.00000000099999999987 0.00000000099999999987 0.00000000099999999987 0.00000000099999999987 0.00000000099999999987 0.00000000099999999987 0.00000000099999999987
69 69 (0) 11 : 0.00000000099999999996 0.00000000099999999996 0.46542617119789386759 0.00000000099999999996 0.00000000099999999996 0.00000000099999999996 0.53457381880210619318 0.00000000099999999996 0.00000000099999999996 0.00000000099999999996 0.00000000099999999996 0.00000000099999999996
70 70 (0) 11 : 0.00000000099999999971 0.00000000099999999971 0.99999998900000020008 0.00000000099999999971 0.00000000099999999971 0.00000000099999999971 0.00000000099999999971 0.00000000099999999971 0.00000000099999999971 0.00000000099999999971 0.00000000099999999971 0.00000000099999999971
71 71 (0) 11 : 0.00000000099999999974 0.00000000099999999974 0.00000000099999999974 0.99999998900000020008 0.00000000099999999974 0.00000000099999999974 0.00000000099999999974 0.00000000099999999974 0.00000000099999999974 0.00000000099999999974 0.00000000099999999974 0.00000000099999999974
72 72 (0) 12 : 0.00000000099999999959 0.00000000099999999959 0.00000000099999999959 0.00000000099999999959 0.00000000099999999959 0.99999998900000008906 0.00000000099999999959 0.00000000099999999959 0.00000000099999999959 0.00000000099999999959 0.00000000099999999959 0.00000000099999999959
73 73 (0) 12 : 0.00000000099999999951 0.00000000099999999951 0.00000000099999999951 0.00000000099999999951 0.00000000099999999951 0.99999998900000020008 0.00000000099999999951 0.00000000099999999951 0.00000000099999999951 0.00000000099999999951 0.00000000099999999951 0.00000000099999999951
74 74 (0) 12 : 0.00000000099999999985 0.00000000099999999985 0.00000000099999999985 0.00000000099999999985 0.00000000099999999985 0.48439289231926258017 0.00000000099999999985 0.00000000099999999985 0.00000000099999999985 0.00000000099999999985 0.00000000099999999985 0.51560709768073720305
75 75 (0) 12 : 0.00000000099999999999 0.00000288425683835726 0.13608841799044621435 0.05520035032779955358 0.00000000099999999999 0.20373789193629704419 0.12265654703300647721 0.00000000800575500315 0.00000009384169800851 0.25175359189624429979 0.00000000099999999999 0.23056021171191534713
76 76 (0) 12 : 0.27162270619907008529 0.00000000099999999992 0.00000000099999999992 0.10050454707085104689 0.00000000099999999992 0.22578823684908827518 0.00000000099999999992 0.00000000099999999992 0.11434416906813937853 0.00000000099999999992 0.00000000099999999992 0.28774033381285119004
77 77 (0) 12 : 0.00000000099999999973 0.00000000099999999973 0.99999998900000008906 0.00000000099999999973 0.00000000099999999973 0.00000000099999999973 0.00000000099999999973 0.00000000099999999973 0.00000000099999999973 0.00000000099999999973 0.00000000099999999973 0.00000000099999999973
78 78 (0) 12 : 0.00000000099999999997 0.00000000099999999997 0.00000002902295243377 0.00000000099999999997 0.00000000099999999997 0.11117419897884321667 0.01683798658312301091 0.32340856488209140940 0.00000000099999999997 0.00007758552993467296 0.54850162900305532432 0.00000000099999999997
79 79 (0) 12 : 0.99999998900000031110 0.00000000099999999965 0.00000000099999999965 0.00000000099999999965 0.00000000099999999965 0.00000000099999999965 0.00000000099999999965 0.00000000099999999965 0.00000000099999999965 0.00000000099999999965 0.00000000099999999965 0.00000000099999999965
80 80 (0) 12 : 0.00000000099999999998 0.00000000099999999998 0.00000000099999999998 0.00000000099999999998 0.00000000099999999998 0.00000000099999999998 0.12854599997816820722 0.11307863200106219037 0.02649960463895006252 0.35078700426993908446 0.37343901943171381452 0.00764973368016661978
81 81 (0) 13 : 0.00000000099999999956 0.00000000099999999956 0.00000000099999999956 0.00000000099999999956 0.00000000099999999956 0.00000000099999999956 0.99999998899999997803 0.00000000099999999956 0.00000000099999999956 0.00000000099999999956 0.00000000099999999956 0.00000000099999999956
82 82 (0) 13 : 0.00000000099999999975 0.00000000099999999975 0.00000000099999999975 0.00000000099999999975 0.00000000099999999975 0.00000000099999999975 0.00000000099999999975 0.00000000099999999975 0.00000000099999999975 0.00000000099999999975 0.00000000099999999975 0.99999998900000008906
83 83 (0) 13 : 0.00000000099999999977 0.00000000099999999977 0.00000000099999999977 0.00000000099999999977 0.00000000099999999977 0.00000000099999999977 0.00000000099999999977 0.00000000099999999977 0.00000000099999999977 0.00000000099999999977 0.00000000099999999977 0.99999998900000008906
84 84 (0) 13 : 0.00000000099999999960 0.00000000099999999960 0.00000000099999999960 0.00000000099999999960 0.00000000099999999960 0.00000000099999999960 0.00000000099999999960 0.00000000099999999960 0.99999998899999997803 0.00000000099999999960 0.00000000099999999960 0.00000000099999999960
85 85 (0) 13 : 0.00000000099999999991 0.54582079622578039135 0.00000000099999999991 0.00000000099999999991 0.00000000099999999991 0.00000000099999999991 0.00000000099999999991 0.00000000099999999991 0.00000000099999999991 0.00000000099999999991 0.00000000099999999991 0.45417919377421989147
86 86 (0) 13 : 0.00000000099999999977 0.00000000099999999977 0.00000000099999999977 0.00000000099999999977 0.00000000099999999977 0.00000000099999999977 0.00000000099999999977 0.00000000099999999977 0.00000000099999999977 0.00000000099999999977 0.00000000099999999977 0.99999998899999997803
87 87 (0) 13 : 0.00000000099999999995 0.04813090868046097232 0.44103661508134811564 0.00000000099999999995 0.00000000099999999995 0.00000000099999999995 0.00000000099999999995 0.00000000099999999995 0.00000000099999999995 0.16636962093878357449 0.34446284729940718217 0.00000000099999999995
88 88 (0) 13 : 0.00000000099999999989 0.30180709389038551382 0.00000000099999999989 0.00000000099999999989 0.00000000099999999989 0.00000000099999999989 0.00000000099999999989 0.00000000099999999989 0.10382003746392964860 0.00000000099999999989 0.00000000099999999989 0.59437285964568453700
89 89 (0) 13 : 0.00000000099999999969 0.99999998900000031110 0.00000000099999999969 0.00000000099999999969 0.00000000099999999969 0.00000000099999999969 0.00000000099999999969 0.00000000099999999969 0.00000000099999999969 0.00000000099999999969 0.00000000099999999969 0.00000000099999999969
90 90 (0) 13 : 0.55050890797253282383 0.44949108202746740348 0.00000000099999999986 0.00000000099999999986 0.00000000099999999986 0.00000000099999999986 0.00000000099999999986 0.00000000099999999986 0.00000000099999999986 0.00000000099999999986 0.00000000099999999986 0.00000000099999999986
91 91 (0) 13 : 0.00000000099999999934 0.00000000099999999934 0.00000000099999999934 0.99999998900000020008 0.00000000099999999934 0.00000000099999999934 0.00000000099999999934 0.00000000099999999934 0.00000000099999999934 0.00000000099999999934 0.00000000099999999934 0.00000000099999999934
92 92 (0) 13 : 0.00000000099999999976 0.99999998900000020008 0.00000000099999999976 0.00000000099999999976 0.00000000099999999976 0.00000000099999999976 0.00000000099999999976 0.00000000099999999976 0.00000000099999999976 0.00000000099999999976 0.00000000099999999976 0.00000000099999999976
93 93 (0) 13 : 0.00000000099999999992 0.00000000099999999992 0.28519707178962827587 0.00000000099999999992 0.00000000099999999992 0.07944399099826394972 0.00000000099999999992 0.29348842463023155913 0.00000000099999999992 0.17682353282434321029 0.16504697275753293928 0.00000000099999999992
94 94 (0) 13 : 0.00000000099999999972 0.00000000099999999972 0.00000000099999999972 0.00000000099999999972 0.00000000099999999972 0.00000000099999999972 0.00000000099999999972 0.00000000099999999972 0.00000000099999999972 0.00000000099999999972 0.00000000099999999972 0.99999998900000008906
95 95 (0) 14 : 0.00000000099999999971 0.00000000099999999971 0.00000000099999999971 0.00000000099999999971 0.00000000099999999971 0.00000000099999999971 0.00000000099999999971 0.99999998900000008906 0.00000000099999999971 0.00000000099999999971 0.00000000099999999971 0.00000000099999999971
96 96 (0) 14 : 0.00000000099999999974 0.99999998900000020008 0.00000000099999999974 0.00000000099999999974 0.00000000099999999974 0.00000000099999999974 0.00000000099999999974 0.00000000099999999974 0.00000000099999999974 0.00000000099999999974 0.00000000099999999974 0.00000000099999999974
97 97 (0) 15 : 0.00000000099999999953 0.00000000099999999953 0.00000000099999999953 0.00000000099999999953 0.00000000099999999953 0.00000000099999999953 0.99999998899999997803 0.00000000099999999953 0.00000000099999999953 0.00000000099999999953 0.00000000099999999953 0.00000000099999999953
98 98 (0) 15 : 0.00000000099999999968 0.00000000099999999968 0.00000000099999999968 0.00000000099999999968 0.00000000099999999968 0.00000000099999999968 0.00000000099999999968 0.00000000099999999968 0.00000000099999999968 0.99999998900000008906 0.00000000099999999968 0.00000000099999999968
99 99 (0) 15 : 0.46059783669623360902 0.00000000099999999987 0.00000000099999999987 0.00000000099999999987 0.53940215330376639624 0.00000000099999999987 0.00000000099999999987 0.00000000099999999987 0.00000000099999999987 0.00000000099999999987 0.00000000099999999987 0.00000000099999999987
100 100 (0) 15 : 0.00000000099999999992 0.00000000099999999992 0.00000000099999999992 0.00000000099999999992 0.00956413810255954920 0.00000000099999999992 0.00000000099999999992 0.37029302526526891581 0.00000000099999999992 0.00000000099999999992 0.62014282763217143390 0.00000000099999999992
101 101 (0) 15 : 0.00000000099999999929 0.00000000099999999929 0.00000000099999999929 0.00000000099999999929 0.99999998900000008906 0.00000000099999999929 0.00000000099999999929 0.00000000099999999929 0.00000000099999999929 0.00000000099999999929 0.00000000099999999929 0.00000000099999999929
102 102 (0) 15 : 0.00000000099999999972 0.00000000099999999972 0.99999998900000008906 0.00000000099999999972 0.00000000099999999972 0.00000000099999999972 0.00000000099999999972 0.00000000099999999972 0.00000000099999999972 0.00000000099999999972 0.00000000099999999972 0.00000000099999999972
103 103 (0) 15 : 0.00000000099999999979 0.00000000099999999979 0.99999998900000008906 0.00000000099999999979 0.00000000099999999979 0.00000000099999999979 0.00000000099999999979 0.00000000099999999979 0.00000000099999999979 0.00000000099999999979 0.00000000099999999979 0.00000000099999999979
104 104 (0) 15 : 0.00000000099999999959 0.00000000099999999959 0.00000000099999999959 0.00000000099999999959 0.99999998900000020008 0.00000000099999999959 0.00000000099999999959 0.00000000099999999959 0.00000000099999999959 0.00000000099999999959 0.00000000099999999959 0.00000000099999999959
105 105 (0) 15 : 0.00000000099999999938 0.00000000099999999938 0.00000000099999999938 0.00000000099999999938 0.99999998900000008906 0.00000000099999999938 0.00000000099999999938 0.00000000099999999938 0.00000000099999999938 0.00000000099999999938 0.00000000099999999938 0.00000000099999999938
1 1 (0) 1 : 0.00000000099999999989 0.13475754068662781915 0.00000000099999999989 0.39413952278961295050 0.00000000099999999989 0.00000000099999999989 0.00000007893434161792 0.00000000099999999989 0.00000000099999999989 0.47110284958941772704 0.00000000099999999989 0.00000000099999999989
2 2 (0) 1 : 0.00000000099999999973 0.00000000099999999973 0.00000000099999999973 0.00000000099999999973 0.00000000099999999973 0.00000000099999999973 0.00000000099999999973 0.00000000099999999973 0.00000000099999999973 0.00000000099999999973 0.99999998899999997803 0.00000000099999999973
3 3 (0) 1 : 0.00000000099999999959 0.00000000099999999959 0.99999998900000008906 0.00000000099999999959 0.00000000099999999959 0.00000000099999999959 0.00000000099999999959 0.00000000099999999959 0.00000000099999999959 0.00000000099999999959 0.00000000099999999959 0.00000000099999999959
4 4 (0) 1 : 0.00000000099999999963 0.00000000099999999963 0.00000000099999999963 0.00000000099999999963 0.00000000099999999963 0.00000000099999999963 0.99999998899999997803 0.00000000099999999963 0.00000000099999999963 0.00000000099999999963 0.00000000099999999963 0.00000000099999999963
5 5 (0) 1 : 0.00000000099999999961 0.00000000099999999961 0.99999998900000008906 0.00000000099999999961 0.00000000099999999961 0.00000000099999999961 0.00000000099999999961 0.00000000099999999961 0.00000000099999999961 0.00000000099999999961 0.00000000099999999961 0.00000000099999999961
6 6 (0) 1 : 0.00000000099999999975 0.00000000099999999975 0.00000000099999999975 0.00000000099999999975 0.00000000099999999975 0.00000000099999999975 0.00000000099999999975 0.00000000099999999975 0.99999998899999997803 0.00000000099999999975 0.00000000099999999975 0.00000000099999999975
7 7 (0) 1 : 0.00000000099999999981 0.00000000099999999981 0.00000000099999999981 0.99999998900000008906 0.00000000099999999981 0.00000000099999999981 0.00000000099999999981 0.00000000099999999981 0.00000000099999999981 0.00000000099999999981 0.00000000099999999981 0.00000000099999999981
8 8 (0) 1 : 0.00000000099999999980 0.00000000099999999980 0.00000000099999999980 0.00000000099999999980 0.99999998900000020008 0.00000000099999999980 0.00000000099999999980 0.00000000099999999980 0.00000000099999999980 0.00000000099999999980 0.00000000099999999980 0.00000000099999999980
9 9 (0) 1 : 0.00000000099999999982 0.00000000099999999982 0.00000000099999999982 0.99999998900000008906 0.00000000099999999982 0.00000000099999999982 0.00000000099999999982 0.00000000099999999982 0.00000000099999999982 0.00000000099999999982 0.00000000099999999982 0.00000000099999999982
10 10 (0) 2 : 0.00000000099999999962 0.00000000099999999962 0.00000000099999999962 0.00000000099999999962 0.00000000099999999962 0.00000000099999999962 0.99999998900000008906 0.00000000099999999962 0.00000000099999999962 0.00000000099999999962 0.00000000099999999962 0.00000000099999999962
11 11 (0) 2 : 0.00000000099999999980 0.00000000099999999980 0.00000000099999999980 0.99999998900000020008 0.00000000099999999980 0.00000000099999999980 0.00000000099999999980 0.00000000099999999980 0.00000000099999999980 0.00000000099999999980 0.00000000099999999980 0.00000000099999999980
12 12 (0) 2 : 0.99999998900000020008 0.00000000099999999967 0.00000000099999999967 0.00000000099999999967 0.00000000099999999967 0.00000000099999999967 0.00000000099999999967 0.00000000099999999967 0.00000000099999999967 0.00000000099999999967 0.00000000099999999967 0.00000000099999999967
13 13 (0) 3 : 0.00000000099999999983 0.00000000099999999983 0.00000000099999999983 0.99999998900000008906 0.00000000099999999983 0.00000000099999999983 0.00000000099999999983 0.00000000099999999983 0.00000000099999999983 0.00000000099999999983 0.00000000099999999983 0.00000000099999999983
14 14 (0) 3 : 0.00000000099999999928 0.00000000099999999928 0.00000000099999999928 0.00000000099999999928 0.00000000099999999928 0.99999998900000008906 0.00000000099999999928 0.00000000099999999928 0.00000000099999999928 0.00000000099999999928 0.00000000099999999928 0.00000000099999999928
15 15 (0) 3 : 0.00000000099999999991 0.00000000099999999991 0.00000000099999999991 0.00000000099999999991 0.38266604216795468973 0.00000000099999999991 0.00000000099999999991 0.00000000099999999991 0.61733394783204531553 0.00000000099999999991 0.00000000099999999991 0.00000000099999999991
16 16 (0) 3 : 0.00000000099999999975 0.99999998900000031110 0.00000000099999999975 0.00000000099999999975 0.00000000099999999975 0.00000000099999999975 0.00000000099999999975 0.00000000099999999975 0.00000000099999999975 0.00000000099999999975 0.00000000099999999975 0.00000000099999999975
17 17 (0) 4 : 0.00000000099999999995 0.50969202664172053030 0.00000000099999999995 0.00000000099999999995 0.00000000099999999995 0.23781077355220930913 0.00000000099999999995 0.00000000099999999995 0.00000000099999999995 0.00000000099999999995 0.00000000099999999995 0.25249719080607052613
18 18 (0) 4 : 0.36170769242606098937 0.00000000099999999993 0.00000000099999999993 0.00000000099999999993 0.00000000099999999993 0.00000000099999999993 0.00000000099999999993 0.00000000099999999993 0.63829229757393879385 0.00000000099999999993 0.00000000099999999993 0.00000000099999999993
19 19 (0) 5 : 0.00000000099999999986 0.00000000099999999986 0.00000000099999999986 0.00000000099999999986 0.00000000099999999986 0.00000000099999999986 0.00000000099999999986 0.00000000099999999986 0.47300921518274163802 0.00000000099999999986 0.52699077481725831174 0.00000000099999999986
20 20 (0) 5 : 0.00000000099999999895 0.00000000099999999895 0.00000000099999999895 0.00000000099999999895 0.00000000099999999895 0.00000000099999999895 0.00000000099999999895 0.99999998899999986701 0.00000000099999999895 0.00000000099999999895 0.00000000099999999895 0.00000000099999999895
21 21 (0) 5 : 0.00000000099999999958 0.00000000099999999958 0.99999998900000020008 0.00000000099999999958 0.00000000099999999958 0.00000000099999999958 0.00000000099999999958 0.00000000099999999958 0.00000000099999999958 0.00000000099999999958 0.00000000099999999958 0.00000000099999999958
22 22 (0) 5 : 0.00000000099999999995 0.00000000099999999995 0.29429547374347714284 0.45559981749508704496 0.00000000099999999995 0.00000000099999999995 0.25010469976143590021 0.00000000099999999995 0.00000000099999999995 0.00000000099999999995 0.00000000099999999995 0.00000000099999999995
23 23 (0) 5 : 0.00000000099999999979 0.00000000099999999979 0.00000000099999999979 0.99999998900000020008 0.00000000099999999979 0.00000000099999999979 0.00000000099999999979 0.00000000099999999979 0.00000000099999999979 0.00000000099999999979 0.00000000099999999979 0.00000000099999999979
24 24 (0) 5 : 0.00000000099999999994 0.00000000099999999994 0.00000000100692897637 0.33533355725371677414 0.00000000099999999994 0.02368430815985521354 0.16481376974014447234 0.00000000099999999994 0.00000000099999999994 0.47616835683935465617 0.00000000099999999994 0.00000000099999999994
25 25 (0) 5 : 0.00000000099999999987 0.00000000099999999987 0.00000000099999999987 0.00000000099999999987 0.00000000099999999987 0.00000000099999999987 0.00000000099999999987 0.00000000099999999987 0.00000000099999999987 0.99999998900000008906 0.00000000099999999987 0.00000000099999999987
26 26 (0) 5 : 0.00000000099999999994 0.00000000099999999994 0.15435535357479945873 0.00000002377791281772 0.00000002616374631159 0.00000000099999999994 0.00000000099999999994 0.00000000099999999994 0.49308753967499774351 0.35255697416962811230 0.00000000099999999994 0.00000007663891564839
27 27 (0) 5 : 0.00000000099999999998 0.99997542378945791786 0.00000000099999999998 0.00000000099999999998 0.00000000099999999998 0.00000000099999999998 0.00000000099999999998 0.00000000099999999998 0.00000055397054681102 0.00000000099999999998 0.00002401323999547504 0.00000000099999999998
28 28 (0) 5 : 0.00000000099999999977 0.99999998900000031110 0.00000000099999999977 0.00000000099999999977 0.00000000099999999977 0.00000000099999999977 0.00000000099999999977 0.00000000099999999977 0.00000000099999999977 0.00000000099999999977 0.00000000099999999977 0.00000000099999999977
29 29 (0) 5 : 0.00000000099999999967 0.00000000099999999967 0.00000000099999999967 0.00000000099999999967 0.00000000099999999967 0.00000000099999999967 0.00000000099999999967 0.00000000099999999967 0.00000000099999999967 0.00000000099999999967 0.99999998899999986701 0.00000000099999999967
30 30 (0) 5 : 0.99999998900000020008 0.00000000099999999972 0.00000000099999999972 0.00000000099999999972 0.00000000099999999972 0.00000000099999999972 0.00000000099999999972 0.00000000099999999972 0.00000000099999999972 0.00000000099999999972 0.00000000099999999972 0.00000000099999999972
31 31 (0) 5 : 0.00000000099999999990 0.00000000099999999990 0.00000000099999999990 0.00000000099999999990 0.00000000099999999990 0.00000000099999999990 0.48757044040250113737 0.00000000099999999990 0.00000000099999999990 0.00000000099999999990 0.00000000099999999990 0.51242954959749886790
32 32 (0) 5 : 0.00000000099999999983 0.00000000099999999983 0.00000000099999999983 0.00000000099999999983 0.00000000099999999983 0.00000000099999999983 0.00000000099999999983 0.00000000099999999983 0.00000000099999999983 0.99999998900000008906 0.00000000099999999983 0.00000000099999999983
33 33 (0) 5 : 0.00000000099999999974 0.00000000099999999974 0.00000000099999999974 0.00000000099999999974 0.00000000099999999974 0.00000000099999999974 0.00000000099999999974 0.00000000099999999974 0.00000000099999999974 0.00000000099999999974 0.00000000099999999974 0.99999998900000008906
34 34 (0) 5 : 0.00000000099999999973 0.00000000099999999973 0.00000000099999999973 0.00000000099999999973 0.00000000099999999973 0.00000000099999999973 0.00000000099999999973 0.00000000099999999973 0.00000000099999999973 0.00000000099999999973 0.00000000099999999973 0.99999998900000008906
35 35 (0) 5 : 0.00000000099999999973 0.00000000099999999973 0.00000000099999999973 0.00000000099999999973 0.00000000099999999973 0.00000000099999999973 0.00000000099999999973 0.00000000099999999973 0.00000000099999999973 0.00000000099999999973 0.00000000099999999973 0.99999998900000008906
36 36 (0) 6 : 0.58272026734916115842 0.00000000099999999992 0.00000000099999999992 0.00000000099999999992 0.00000000099999999992 0.00000000099999999992 0.00000000099999999992 0.00000000099999999992 0.41727972265083901338 0.00000000099999999992 0.00000000099999999992 0.00000000099999999992
37 37 (0) 6 : 0.00000000099999999960 0.99999998900000020008 0.00000000099999999960 0.00000000099999999960 0.00000000099999999960 0.00000000099999999960 0.00000000099999999960 0.00000000099999999960 0.00000000099999999960 0.00000000099999999960 0.00000000099999999960 0.00000000099999999960
38 38 (0) 6 : 0.00000000099999999974 0.00000000099999999974 0.00000000099999999974 0.00000000099999999974 0.99999998900000020008 0.00000000099999999974 0.00000000099999999974 0.00000000099999999974 0.00000000099999999974 0.00000000099999999974 0.00000000099999999974 0.00000000099999999974
39 39 (0) 6 : 0.12267341880111264085 0.00000000099999999994 0.00000000099999999994 0.44215954705771215449 0.00000000099999999994 0.00000000099999999994 0.00000000099999999994 0.00000000099999999994 0.19507919128636722061 0.00000000099999999994 0.00000000099999999994 0.24008783485480822417
40 40 (0) 6 : 0.39285516043392754160 0.00000000099999999990 0.00000000099999999990 0.00000000099999999990 0.00000000099999999990 0.00000000099999999990 0.00000000099999999990 0.00000000099999999990 0.00000000099999999990 0.00000000099999999990 0.00000000099999999990 0.60714482956607207509
41 41 (0) 6 : 0.00000000099999999975 0.00000000099999999975 0.00000000099999999975 0.00000000099999999975 0.00000000099999999975 0.00000000099999999975 0.00000000099999999975 0.00000000099999999975 0.99999998899999997803 0.00000000099999999975 0.00000000099999999975 0.00000000099999999975
42 42 (0) 6 : 0.00000000099999999976 0.00000000099999999976 0.00000000099999999976 0.00000000099999999976 0.00000000099999999976 0.00000000099999999976 0.00000000099999999976 0.00000000099999999976 0.00000000099999999976 0.00000000099999999976 0.00000000099999999976 0.99999998900000008906
43 43 (0) 6 : 0.00000000099999999979 0.00000000099999999979 0.00000000099999999979 0.00000000099999999979 0.00000000099999999979 0.00000000099999999979 0.00000000099999999979 0.00000000099999999979 0.99999998899999997803 0.00000000099999999979 0.00000000099999999979 0.00000000099999999979
44 44 (0) 6 : 0.99999998900000020008 0.00000000099999999973 0.00000000099999999973 0.00000000099999999973 0.00000000099999999973 0.00000000099999999973 0.00000000099999999973 0.00000000099999999973 0.00000000099999999973 0.00000000099999999973 0.00000000099999999973 0.00000000099999999973
45 45 (0) 6 : 0.56516476977971419338 0.00000000099999999987 0.00000000099999999987 0.00000000099999999987 0.00000000099999999987 0.00000000099999999987 0.00000000099999999987 0.00000000099999999987 0.00000000099999999987 0.00000000099999999987 0.00000000099999999987 0.43483522022028592291
46 46 (0) 6 : 0.00000000099999999906 0.00000000099999999906 0.00000000099999999906 0.00000000099999999906 0.00000000099999999906 0.00000000099999999906 0.00000000099999999906 0.99999998900000008906 0.00000000099999999906 0.00000000099999999906 0.00000000099999999906 0.00000000099999999906
47 47 (0) 6 : 0.00000000099999999978 0.00000000099999999978 0.00000000099999999978 0.00000000099999999978 0.99999998900000008906 0.00000000099999999978 0.00000000099999999978 0.00000000099999999978 0.00000000099999999978 0.00000000099999999978 0.00000000099999999978 0.00000000099999999978
48 48 (0) 7 : 0.29305879068322671088 0.00000000099999999994 0.00000000099999999994 0.00000000099999999994 0.28690589405447064486 0.00253633252516191360 0.00000000099999999994 0.00000000099999999994 0.13935499573442453047 0.00000000099999999994 0.14372404921882794837 0.13441993178388819685
49 49 (0) 7 : 0.00000000214042635537 0.00000000099999999998 0.13733750138215011782 0.00000215647199493420 0.00000000099999999998 0.00000000099999999998 0.15274732013259459396 0.03580372390502538360 0.00000000099999999998 0.27847973939955283917 0.19106524462930127295 0.20456430793895438724
50 50 (0) 7 : 0.00000000099999999977 0.00000000099999999977 0.00000000099999999977 0.00000000099999999977 0.00000000099999999977 0.00000000099999999977 0.00000000099999999977 0.00000000099999999977 0.99999998899999997803 0.00000000099999999977 0.00000000099999999977 0.00000000099999999977
51 51 (0) 8 : 0.30112727014281820415 0.05952083997790826725 0.00000000099999999997 0.00000000099999999997 0.38496290387611814543 0.00000000099999999997 0.00000000099999999997 0.00693737260851007547 0.00000443893333224833 0.00000000099999999997 0.24417899258480413316 0.00326817687650891560
52 52 (0) 8 : 0.24623602993779536430 0.14957115313313187888 0.00000000099999999997 0.00000000099999999997 0.41640820093121699852 0.00000000099999999997 0.00000000099999999997 0.00000000099999999997 0.00000000099999999997 0.00000000099999999997 0.18778460799785573476 0.00000000099999999997
53 53 (0) 9 : 0.00000000099999999975 0.00000000099999999975 0.00000000099999999975 0.00000000099999999975 0.00000000099999999975 0.00000000099999999975 0.00000000099999999975 0.00000000099999999975 0.99999998899999997803 0.00000000099999999975 0.00000000099999999975 0.00000000099999999975
54 54 (0) 10 : 0.99999998900000031110 0.00000000099999999971 0.00000000099999999971 0.00000000099999999971 0.00000000099999999971 0.00000000099999999971 0.00000000099999999971 0.00000000099999999971 0.00000000099999999971 0.00000000099999999971 0.00000000099999999971 0.00000000099999999971
55 55 (0) 10 : 0.00000000099999999975 0.00000000099999999975 0.00000000099999999975 0.99999998900000008906 0.00000000099999999975 0.00000000099999999975 0.00000000099999999975 0.00000000099999999975 0.00000000099999999975 0.00000000099999999975 0.00000000099999999975 0.00000000099999999975
56 56 (0) 10 : 0.00000000099999999969 0.99999998900000020008 0.00000000099999999969 0.00000000099999999969 0.00000000099999999969 0.00000000099999999969 0.00000000099999999969 0.00000000099999999969 0.00000000099999999969 0.00000000099999999969 0.00000000099999999969 0.00000000099999999969
57 57 (0) 10 : 0.00000000099999999970 0.00000000099999999970 0.00000000099999999970 0.00000000099999999970 0.00000000099999999970 0.00000000099999999970 0.00000000099999999970 0.00000000099999999970 0.99999998900000008906 0.00000000099999999970 0.00000000099999999970 0.00000000099999999970
58 58 (0) 11 : 0.38349193210315157820 0.09498865121631325237 0.02572737734167857351 0.00000000099999999999 0.27930115119050158423 0.00000000099999999999 0.00000000099999999999 0.00000000099999999999 0.00000000099999999999 0.00000000099999999999 0.13940688700331158034 0.07708399514504378491
59 59 (0) 11 : 0.02884312815720182707 0.06933466934831591932 0.12790058064401388371 0.32110151347470422545 0.00000000099999999997 0.00000000099999999997 0.11710585659441379025 0.00000000099999999997 0.00000000099999999997 0.33571422387293969880 0.00000002290841069391 0.00000000099999999997
60 60 (0) 11 : 0.00000038219511580847 0.90270467554621092177 0.00000000099999999998 0.00000000099999999998 0.09729493325867341613 0.00000000099999999998 0.00000000099999999998 0.00000000099999999998 0.00000000099999999998 0.00000000099999999998 0.00000000099999999998 0.00000000099999999998
61 61 (0) 11 : 0.00000000099999999971 0.00000000099999999971 0.00000000099999999971 0.00000000099999999971 0.99999998900000020008 0.00000000099999999971 0.00000000099999999971 0.00000000099999999971 0.00000000099999999971 0.00000000099999999971 0.00000000099999999971 0.00000000099999999971
62 62 (0) 11 : 0.00000000099999999968 0.00000000099999999968 0.00000000099999999968 0.00000000099999999968 0.00000000099999999968 0.00000000099999999968 0.00000000099999999968 0.00000000099999999968 0.00000000099999999968 0.00000000099999999968 0.99999998899999986701 0.00000000099999999968
63 63 (0) 11 : 0.42413408105649963442 0.26897981500359358087 0.00000000099999999993 0.00000000099999999993 0.00000000099999999993 0.00000000099999999993 0.00000000099999999993 0.00000000099999999993 0.01403434840147586155 0.00000000099999999993 0.29285174753843112860 0.00000000099999999993
64 64 (0) 11 : 0.00000000099999999967 0.00000000099999999967 0.00000000099999999967 0.00000000099999999967 0.00000000099999999967 0.00000000099999999967 0.00000000099999999967 0.00000000099999999967 0.00000000099999999967 0.00000000099999999967 0.99999998899999986701 0.00000000099999999967
65 65 (0) 11 : 0.00000000099999999958 0.99999998900000031110 0.00000000099999999958 0.00000000099999999958 0.00000000099999999958 0.00000000099999999958 0.00000000099999999958 0.00000000099999999958 0.00000000099999999958 0.00000000099999999958 0.00000000099999999958 0.00000000099999999958
66 66 (0) 11 : 0.99999998900000031110 0.00000000099999999970 0.00000000099999999970 0.00000000099999999970 0.00000000099999999970 0.00000000099999999970 0.00000000099999999970 0.00000000099999999970 0.00000000099999999970 0.00000000099999999970 0.00000000099999999970 0.00000000099999999970
67 67 (0) 11 : 0.00000000099999999975 0.00000000099999999975 0.00000000099999999975 0.00000000099999999975 0.00000000099999999975 0.00000000099999999975 0.00000000099999999975 0.00000000099999999975 0.00000000099999999975 0.99999998900000008906 0.00000000099999999975 0.00000000099999999975
68 68 (0) 11 : 0.00000000099999999997 0.45164825124887436614 0.22492049727575644247 0.00000000937442268566 0.00000000099999999997 0.00000000099999999997 0.00000070574031056330 0.00000000099999999997 0.00000000099999999997 0.32343052936063609870 0.00000000099999999997 0.00000000099999999997
69 69 (0) 11 : 0.00000000099999999996 0.51241290851532694806 0.00000000099999999996 0.00000000099999999996 0.00000000099999999996 0.00000000099999999996 0.00000000099999999996 0.00000000099999999996 0.00000000099999999996 0.00000000099999999996 0.00000000099999999996 0.48758708148467333476
70 70 (0) 11 : 0.32405248270786268794 0.00000000099999999994 0.00000000099999999994 0.00000000099999999994 0.00000000099999999994 0.00000000099999999994 0.00000000099999999994 0.00000000099999999994 0.43922338520676063034 0.00000000099999999994 0.00000000099999999994 0.23672412308537649217
71 71 (0) 11 : 0.00000000099999999994 0.14955205489811337904 0.24801045528216739133 0.00000000099999999994 0.00000000099999999994 0.00000000099999999994 0.00000000099999999994 0.00000000099999999994 0.00000000099999999994 0.60243748081971915109 0.00000000099999999994 0.00000000099999999994
72 72 (0) 12 : 0.00000000099999999970 0.00000000099999999970 0.00000000099999999970 0.00000000099999999970 0.00000000099999999970 0.00000000099999999970 0.99999998899999997803 0.00000000099999999970 0.00000000099999999970 0.00000000099999999970 0.00000000099999999970 0.00000000099999999970
73 73 (0) 12 : 0.00000000099999999962 0.00000000099999999962 0.00000000099999999962 0.00000000099999999962 0.00000000099999999962 0.00000000099999999962 0.99999998899999997803 0.00000000099999999962 0.00000000099999999962 0.00000000099999999962 0.00000000099999999962 0.00000000099999999962
74 74 (0) 12 : 0.00000000099999999967 0.00000000099999999967 0.00000000099999999967 0.00000000099999999967 0.00000000099999999967 0.00000000099999999967 0.99999998900000008906 0.00000000099999999967 0.00000000099999999967 0.00000000099999999967 0.00000000099999999967 0.00000000099999999967
75 75 (0) 12 : 0.00000000099999999998 0.10369271199476198797 0.00000000099999999998 0.00000000099999999998 0.16758017491929169673 0.00000000099999999998 0.23053632984249675109 0.00000000099999999998 0.00000000099999999998 0.24700923738878433067 0.25118153885466515396 0.00000000099999999998
76 76 (0) 12 : 0.00000000099999999988 0.00000000099999999988 0.00000000099999999988 0.00000000099999999988 0.00000000099999999988 0.00000000099999999988 0.49672084194760335318 0.00000000099999999988 0.00000000099999999988 0.50327914805239670759 0.00000000099999999988 0.00000000099999999988
77 77 (0) 12 : 0.00000000099999999990 0.00000000099999999990 0.00000000099999999990 0.00000000099999999990 0.67406800117129517247 0.00000000099999999990 0.00000000099999999990 0.00000000099999999990 0.00000000099999999990 0.00000000099999999990 0.32593198882870483279 0.00000000099999999990
78 78 (0) 12 : 0.00000000099999999985 0.00000000099999999985 0.00000000099999999985 0.00000000099999999985 0.99999998900000020008 0.00000000099999999985 0.00000000099999999985 0.00000000099999999985 0.00000000099999999985 0.00000000099999999985 0.00000000099999999985 0.00000000099999999985
79 79 (0) 12 : 0.00000000099999999955 0.00000000099999999955 0.99999998900000020008 0.00000000099999999955 0.00000000099999999955 0.00000000099999999955 0.00000000099999999955 0.00000000099999999955 0.00000000099999999955 0.00000000099999999955 0.00000000099999999955 0.00000000099999999955
80 80 (0) 12 : 0.29135549286110629108 0.09773728197066978984 0.00000000099999999997 0.00000000099999999997 0.21589607765499055358 0.00000000099999999997 0.00000000099999999997 0.00000000099999999997 0.00000000099999999997 0.03710450155729352884 0.35789530667972424549 0.00001133327621575925
81 81 (0) 13 : 0.00000000099999999957 0.99999998900000031110 0.00000000099999999957 0.00000000099999999957 0.00000000099999999957 0.00000000099999999957 0.00000000099999999957 0.00000000099999999957 0.00000000099999999957 0.00000000099999999957 0.00000000099999999957 0.00000000099999999957
82 82 (0) 13 : 0.00000000099999999979 0.00000000099999999979 0.00000000099999999979 0.00000000099999999979 0.00000000099999999979 0.00000000099999999979 0.00000000099999999979 0.00000000099999999979 0.00000000099999999979 0.99999998900000008906 0.00000000099999999979 0.00000000099999999979
83 83 (0) 13 : 0.00000000099999999982 0.00000000099999999982 0.00000000099999999982 0.00000000099999999982 0.00000000099999999982 0.00000000099999999982 0.00000000099999999982 0.00000000099999999982 0.00000000099999999982 0.99999998900000008906 0.00000000099999999982 0.00000000099999999982
84 84 (0) 13 : 0.00000000099999999977 0.00000000099999999977 0.00000000099999999977 0.00000000099999999977 0.00000000099999999977 0.00000000099999999977 0.00000000099999999977 0.00000000099999999977 0.00000000099999999977 0.99999998900000008906 0.00000000099999999977 0.00000000099999999977
85 85 (0) 13 : 0.00000000099999999993 0.00000000099999999993 0.00000000099999999993 0.46311683623095112328 0.00000000099999999993 0.00000000099999999993 0.00000000099999999993 0.00000000099999999993 0.00000000099999999993 0.53688315376904871545 0.00000000099999999993 0.00000000099999999993
86 86 (0) 13 : 0.00000000099999999982 0.00000000099999999982 0.00000000099999999982 0.00000000099999999982 0.00000000099999999982 0.00000000099999999982 0.00000000099999999982 0.00000000099999999982 0.00000000099999999982 0.99999998899999997803 0.00000000099999999982 0.00000000099999999982
87 87 (0) 13 : 0.00000000099999999992 0.00000000099999999992 0.00000000099999999992 0.00000000099999999992 0.64661659516262370850 0.00000000099999999992 0.00000000099999999992 0.00000000099999999992 0.00000000099999999992 0.00000000099999999992 0.00000000099999999992 0.35338339483737651880
88 88 (0) 13 : 0.00000000099999999991 0.00000000099999999991 0.00000000099999999991 0.45942040578212883783 0.00000000099999999991 0.00000000099999999991 0.00000000099999999991 0.00000000825256631132 0.00000000099999999991 0.54057957696530478664 0.00000000099999999991 0.00000000099999999991
89 89 (0) 13 : 0.00000000099999999982 0.00000000099999999982 0.46019182121487850479 0.53980816878512183354 0.00000000099999999982 0.00000000099999999982 0.00000000099999999982 0.00000000099999999982 0.00000000099999999982 0.00000000099999999982 0.00000000099999999982 0.00000000099999999982
90 90 (0) 13 : 0.00000000099999999986 0.00000000099999999986 0.46950376544693145364 0.49570480681470691087 0.00000000099999999986 0.00000000099999999986 0.00000000099999999986 0.03479141873836182758 0.00000000099999999986 0.00000000099999999986 0.00000000099999999986 0.00000000099999999986
91 91 (0) 13 : 0.00000000099999999973 0.37370985694315811410 0.00000000099999999973 0.00000000099999999973 0.00000000099999999973 0.00000000099999999973 0.00000000099999999973 0.00000000099999999973 0.00000000099999999973 0.62629013305684166912 0.00000000099999999973 0.00000000099999999973
92 92 (0) 13 : 0.00000000099999999983 0.00000000099999999983 0.00000000099999999983 0.99999998900000008906 0.00000000099999999983 0.00000000099999999983 0.00000000099999999983 0.00000000099999999983 0.00000000099999999983 0.00000000099999999983 0.00000000099999999983 0.00000000099999999983
93 93 (0) 13 : 0.00000000099999999971 0.00000000099999999971 0.00000000099999999971 0.00000000099999999971 0.00000000099999999971 0.00000000099999999971 0.00000000099999999971 0.00000000099999999971 0.00000000099999999971 0.00000000099999999971 0.99999998899999986701 0.00000000099999999971
94 94 (0) 13 : 0.00000000099999999991 0.00000000099999999991 0.00000000099999999991 0.39535778014591727025 0.00000000099999999991 0.00000000099999999991 0.30547153373734353687 0.00000000099999999991 0.00000000099999999991 0.29917067711673922537 0.00000000099999999991 0.00000000099999999991
95 95 (0) 14 : 0.00000000099999999976 0.00000000099999999976 0.00000000099999999976 0.00000000099999999976 0.99999998900000020008 0.00000000099999999976 0.00000000099999999976 0.00000000099999999976 0.00000000099999999976 0.00000000099999999976 0.00000000099999999976 0.00000000099999999976
96 96 (0) 14 : 0.00000000099999999980 0.00000000099999999980 0.00000000099999999980 0.99999998900000008906 0.00000000099999999980 0.00000000099999999980 0.00000000099999999980 0.00000000099999999980 0.00000000099999999980 0.00000000099999999980 0.00000000099999999980 0.00000000099999999980
97 97 (0) 15 : 0.00000000099999999955 0.99999998900000031110 0.00000000099999999955 0.00000000099999999955 0.00000000099999999955 0.00000000099999999955 0.00000000099999999955 0.00000000099999999955 0.00000000099999999955 0.00000000099999999955 0.00000000099999999955 0.00000000099999999955
98 98 (0) 15 : 0.00000000099999999969 0.00000000099999999969 0.00000000099999999969 0.00000000099999999969 0.00000000099999999969 0.00000000099999999969 0.00000000099999999969 0.00000000099999999969 0.00000000099999999969 0.00000000099999999969 0.00000000099999999969 0.99999998899999997803
99 99 (0) 15 : 0.00000000099999999988 0.00000000099999999988 0.00000000099999999988 0.47278408996917398177 0.00000000099999999988 0.52721590003082607900 0.00000000099999999988 0.00000000099999999988 0.00000000099999999988 0.00000000099999999988 0.00000000099999999988 0.00000000099999999988
100 100 (0) 15 : 0.00000000099999999976 0.00000000099999999976 0.00000000099999999976 0.00000000099999999976 0.00000000099999999976 0.00000000099999999976 0.00000000099999999976 0.00000000099999999976 0.00000000099999999976 0.00000000099999999976 0.00000000099999999976 0.99999998900000008906
101 101 (0) 15 : 0.00000000099999999932 0.00000000099999999932 0.00000000099999999932 0.00000000099999999932 0.00000000099999999932 0.99999998900000020008 0.00000000099999999932 0.00000000099999999932 0.00000000099999999932 0.00000000099999999932 0.00000000099999999932 0.00000000099999999932
102 102 (0) 15 : 0.00000000099999999988 0.00000000099999999988 0.00000000099999999988 0.00000000099999999988 0.63771753405116227142 0.00000000099999999988 0.00000000099999999988 0.00000000099999999988 0.00000000099999999988 0.00000000099999999988 0.00000000099999999988 0.36228245594883795588
103 103 (0) 15 : 0.00000000099999999993 0.00000000099999999993 0.00000000099999999993 0.00000000099999999993 0.60810619147396427486 0.00000000099999999993 0.00000000099999999993 0.00000000099999999993 0.00000000099999999993 0.00000000099999999993 0.00000000099999999993 0.39189379852603584142
104 104 (0) 15 : 0.00000000099999999960 0.00000000099999999960 0.00000000099999999960 0.00000000099999999960 0.00000000099999999960 0.99999998900000020008 0.00000000099999999960 0.00000000099999999960 0.00000000099999999960 0.00000000099999999960 0.00000000099999999960 0.00000000099999999960
105 105 (0) 15 : 0.00000000099999999941 0.00000000099999999941 0.00000000099999999941 0.00000000099999999941 0.00000000099999999941 0.99999998900000008906 0.00000000099999999941 0.00000000099999999941 0.00000000099999999941 0.00000000099999999941 0.00000000099999999941 0.00000000099999999941
