1.0000 0.5526 0.6761 0.5321 0.4551 0.5015 0.6552 0.4603 0.5141 0.5931 0.5752 0.5401 0.4962 0.5638 0.6170 0.5387 0.5796 0.5113 0.5280 0.5532 0.5424 0.5249 0.5290 0.6382 0.5181 0.5501 0.4506 0.4801 0.4808 0.4650 0.4589 0.5670 0.5831 0.5579 0.5536 0.5611 0.5602 0.4985 0.6216 0.6094 0.5056 0.5328 0.5090 0.4989 0.5285 0.5067 0.5123 0.5559 0.6071 0.6281
0.5526 1.0000 0.6030 0.5941 0.5835 0.5718 0.5552 0.5993 0.6019 0.7071 0.5803 0.5100 0.6469 0.5344 0.6241 0.7131 0.5097 0.6468 0.6159 0.5293 0.5480 0.5892 0.5383 0.6562 0.5905 0.6190 0.5056 0.6276 0.5769 0.5568 0.5205 0.5629 0.5498 0.5523 0.5523 0.6588 0.5693 0.5168 0.5120 0.6157 0.4750 0.5720 0.4963 0.5128 0.5978 0.5348 0.5137 0.5195 0.5060 0.5203
0.6761 0.6030 1.0000 0.6726 0.5626 0.6027 0.6525 0.5736 0.6293 0.6935 0.7045 0.6511 0.6160 0.6307 0.7191 0.6153 0.6411 0.6414 0.6564 0.6540 0.6717 0.6536 0.6488 0.6881 0.6223 0.6563 0.4922 0.6126 0.5932 0.5812 0.5035 0.7120 0.6569 0.6146 0.6371 0.6021 0.6114 0.6474 0.6102 0.6630 0.5792 0.6268 0.6266 0.5739 0.6358 0.6131 0.5946 0.6754 0.5192 0.6455
0.5321 0.5941 0.6726 1.0000 0.6269 0.6044 0.5604 0.6403 0.5777 0.5788 0.7046 0.7064 0.6520 0.6557 0.6429 0.6201 0.6515 0.7434 0.8159 0.6100 0.6186 0.8734 0.7082 0.5760 0.7067 0.7199 0.5015 0.6882 0.6582 0.6710 0.5176 0.6543 0.6663 0.7683 0.6180 0.5851 0.5822 0.6319 0.5683 0.5603 0.5090 0.7123 0.6353 0.5224 0.5563 0.5837 0.6170 0.6601 0.5386 0.6578
0.4551 0.5835 0.5626 0.6269 1.0000 0.6197 0.5004 0.6396 0.5957 0.5750 0.6329 0.5807 0.6956 0.6082 0.5918 0.6657 0.5355 0.6735 0.6624 0.5988 0.6365 0.6593 0.5849 0.5932 0.6593 0.6186 0.4909 0.7687 0.5979 0.6613 0.5069 0.6422 0.5550 0.5776 0.5762 0.4903 0.5281 0.5397 0.4802 0.5168 0.5163 0.6474 0.5628 0.4746 0.5724 0.6680 0.5813 0.5838 0.4217 0.5459
0.5015 0.5718 0.6027 0.6044 0.6197 1.0000 0.5434 0.6064 0.6329 0.5859 0.6584 0.6782 0.5603 0.7080 0.6334 0.5402 0.5947 0.6162 0.6201 0.6738 0.6547 0.6280 0.6206 0.5922 0.6809 0.5653 0.4507 0.6075 0.5589 0.5856 0.4408 0.6489 0.6179 0.5707 0.6465 0.4672 0.6052 0.6146 0.5079 0.5283 0.4987 0.5857 0.6627 0.5002 0.5716 0.6423 0.6474 0.6930 0.4116 0.6374
0.6552 0.5552 0.6525 0.5604 0.5004 0.5434 1.0000 0.4719 0.5236 0.6131 0.5824 0.5708 0.5658 0.6078 0.5751 0.5515 0.6048 0.5215 0.5858 0.5759 0.5566 0.5323 0.5270 0.6561 0.5287 0.5654 0.4595 0.5262 0.4932 0.4731 0.4625 0.5660 0.6624 0.5770 0.6027 0.5434 0.5695 0.5166 0.6326 0.5316 0.5608 0.5253 0.5227 0.5209 0.5623 0.5305 0.5617 0.5618 0.5455 0.6001
0.4603 0.5993 0.5736 0.6403 0.6396 0.6064 0.4719 1.0000 0.5954 0.5342 0.6217 0.5617 0.6136 0.5513 0.5900 0.6215 0.5381 0.6785 0.6198 0.6417 0.5750 0.6577 0.5902 0.5461 0.6537 0.5844 0.4740 0.6549 0.6489 0.6815 0.4892 0.6059 0.5499 0.6174 0.6286 0.5032 0.5197 0.5482 0.4553 0.5052 0.4728 0.6347 0.5326 0.4776 0.5578 0.5988 0.5256 0.5939 0.4424 0.5332
0.5141 0.6019 0.6293 0.5777 0.5957 0.6329 0.5236 0.5954 1.0000 0.6648 0.6653 0.5955 0.5701 0.6161 0.6875 0.5808 0.5651 0.6222 0.5714 0.6044 0.6089 0.6047 0.5796 0.6135 0.5958 0.5875 0.4576 0.6219 0.5597 0.5675 0.4689 0.6514 0.5867 0.5327 0.5918 0.5439 0.6053 0.5658 0.5359 0.6300 0.5525 0.5663 0.5949 0.5440 0.6699 0.5974 0.5836 0.6138 0.4052 0.5596
0.5931 0.7071 0.6935 0.5788 0.5750 0.5859 0.6131 0.5342 0.6648 1.0000 0.6580 0.5819 0.6152 0.6186 0.7294 0.6558 0.5701 0.6172 0.6096 0.5965 0.6400 0.5737 0.5724 0.7216 0.5579 0.6215 0.5107 0.6297 0.5397 0.5446 0.5218 0.6430 0.6254 0.5237 0.6011 0.6302 0.6476 0.5736 0.5599 0.7077 0.5610 0.5578 0.5742 0.5933 0.6783 0.6062 0.5873 0.6045 0.4609 0.5821
0.5752 0.5803 0.7045 0.7046 0.6329 0.6584 0.5824 0.6217 0.6653 0.6580 1.0000 0.7094 0.6068 0.7397 0.7273 0.6049 0.7007 0.7302 0.6712 0.6906 0.7078 0.7229 0.6912 0.6786 0.6204 0.6387 0.4941 0.7006 0.6210 0.6414 0.5063 0.7594 0.6882 0.6544 0.6993 0.5342 0.6252 0.6520 0.5718 0.6309 0.5894 0.6398 0.6652 0.5402 0.6541 0.6937 0.6822 0.7122 0.4709 0.6627
0.5401 0.5100 0.6511 0.7064 0.5807 0.6782 0.5708 0.5617 0.5955 0.5819 0.7094 1.0000 0.5543 0.7653 0.6735 0.5376 0.6783 0.6400 0.6751 0.6481 0.6454 0.7219 0.6594 0.5907 0.6341 0.6010 0.4820 0.6249 0.5993 0.6052 0.4714 0.6646 0.6664 0.6781 0.6328 0.4887 0.6049 0.6541 0.5754 0.5606 0.5186 0.6655 0.7085 0.5460 0.5642 0.6083 0.6753 0.6952 0.4823 0.7245
0.4962 0.6469 0.6160 0.6520 0.6956 0.5603 0.5658 0.6136 0.5701 0.6152 0.6068 0.5543 1.0000 0.5691 0.5769 0.7074 0.5583 0.6736 0.7025 0.5668 0.6019 0.6406 0.5890 0.6447 0.6431 0.6548 0.5178 0.7153 0.6295 0.6375 0.5344 0.6311 0.5677 0.6049 0.6060 0.5551 0.5244 0.5895 0.5286 0.5484 0.5121 0.6630 0.5444 0.5078 0.6048 0.6105 0.5571 0.5642 0.4457 0.5453
0.5638 0.5344 0.6307 0.6557 0.6082 0.7080 0.6078 0.5513 0.6161 0.6186 0.7397 0.7653 0.5691 1.0000 0.6641 0.5422 0.6756 0.6499 0.6613 0.6429 0.6437 0.6720 0.6462 0.6200 0.6150 0.6184 0.5088 0.6615 0.5456 0.5987 0.4976 0.6530 0.6934 0.6380 0.6488 0.4861 0.6137 0.6140 0.5424 0.5532 0.5599 0.6291 0.6993 0.5097 0.5803 0.6387 0.7278 0.6920 0.4618 0.7207
0.6170 0.6241 0.7191 0.6429 0.5918 0.6334 0.5751 0.5900 0.6875 0.7294 0.7273 0.6735 0.5769 0.6641 1.0000 0.6324 0.6207 0.6667 0.6295 0.6783 0.6800 0.6740 0.6538 0.6949 0.6269 0.6258 0.5008 0.6425 0.5902 0.6158 0.5123 0.6973 0.6550 0.5986 0.6204 0.5893 0.6875 0.6280 0.6179 0.6903 0.5618 0.6403 0.6403 0.5941 0.6548 0.6311 0.5984 0.7052 0.4843 0.6801
0.5387 0.7131 0.6153 0.6201 0.6657 0.5402 0.5515 0.6215 0.5808 0.6558 0.6049 0.5376 0.7074 0.5422 0.6324 1.0000 0.5155 0.6564 0.6434 0.5582 0.5769 0.6146 0.5611 0.6368 0.5890 0.6589 0.5158 0.6843 0.5936 0.6036 0.5280 0.5961 0.5738 0.5767 0.5621 0.6168 0.5705 0.5583 0.5314 0.6056 0.5152 0.6253 0.5136 0.5589 0.6139 0.5999 0.5294 0.5411 0.4913 0.5455
0.5796 0.5097 0.6411 0.6515 0.5355 0.5947 0.6048 0.5381 0.5651 0.5701 0.7007 0.6783 0.5583 0.6756 0.6207 0.5155 1.0000 0.5987 0.6256 0.6342 0.6313 0.6499 0.6393 0.6144 0.6085 0.6013 0.4854 0.5764 0.5756 0.5587 0.4976 0.6789 0.6741 0.6821 0.6576 0.4960 0.5711 0.6286 0.5530 0.5666 0.5354 0.6355 0.6707 0.4989 0.5860 0.6070 0.6691 0.6565 0.5324 0.6551
0.5113 0.6468 0.6414 0.7434 0.6735 0.6162 0.5215 0.6785 0.6222 0.6172 0.7302 0.6400 0.6736 0.6499 0.6667 0.6564 0.5987 1.0000 0.7150 0.6101 0.6320 0.7674 0.6622 0.6159 0.6831 0.6416 0.5120 0.7548 0.6787 0.6789 0.5283 0.6554 0.5884 0.6910 0.6197 0.5517 0.5997 0.6012 0.4987 0.5639 0.5104 0.6932 0.6099 0.4951 0.5790 0.6149 0.6143 0.6423 0.4835 0.5832
0.5280 0.6159 0.6564 0.8159 0.6624 0.6201 0.5858 0.6198 0.5714 0.6096 0.6712 0.6751 0.7025 0.6613 0.6295 0.6434 0.6256 0.7150 1.0000 0.5972 0.6382 0.7731 0.6890 0.6170 0.7025 0.7236 0.5089 0.6909 0.6378 0.6779 0.5251 0.6594 0.6734 0.7085 0.6235 0.5729 0.5978 0.6188 0.5580 0.5613 0.5251 0.6813 0.6117 0.5229 0.5659 0.6182 0.6235 0.6435 0.5188 0.6597
0.5532 0.5293 0.6540 0.6100 0.5988 0.6738 0.5759 0.6417 0.6044 0.5965 0.6906 0.6481 0.5668 0.6429 0.6783 0.5582 0.6342 0.6101 0.5972 1.0000 0.6738 0.6433 0.6212 0.6050 0.6602 0.6037 0.4614 0.6002 0.5968 0.6338 0.4733 0.7016 0.6698 0.6365 0.7171 0.4979 0.5907 0.6095 0.5478 0.5614 0.5132 0.6297 0.6333 0.5361 0.5959 0.6345 0.5775 0.7336 0.4577 0.6269
0.5424 0.5480 0.6717 0.6186 0.6365 0.6547 0.5566 0.5750 0.6089 0.6400 0.7078 0.6454 0.6019 0.6437 0.6800 0.5769 0.6313 0.6320 0.6382 0.6738 1.0000 0.6318 0.6598 0.6505 0.6497 0.5904 0.4714 0.6239 0.5968 0.6070 0.4834 0.7114 0.6299 0.5813 0.6537 0.5005 0.5983 0.5980 0.5087 0.5867 0.5434 0.6252 0.6328 0.5240 0.6213 0.7446 0.6058 0.7263 0.4182 0.6172
0.5249 0.5892 0.6536 0.8734 0.6593 0.6280 0.5323 0.6577 0.6047 0.5737 0.7229 0.7219 0.6406 0.6720 0.6740 0.6146 0.6499 0.7674 0.7731 0.6433 0.6318 1.0000 0.7134 0.5809 0.7300 0.6996 0.5058 0.7286 0.6717 0.7068 0.5222 0.6674 0.6421 0.7604 0.6174 0.5684 0.5870 0.6282 0.5704 0.5647 0.5115 0.7458 0.6615 0.5119 0.5656 0.5962 0.6144 0.6839 0.5250 0.6505
0.5290 0.5383 0.6488 0.7082 0.5849 0.6206 0.5270 0.5902 0.5796 0.5724 0.6912 0.6594 0.5890 0.6462 0.6538 0.5611 0.6393 0.6622 0.6890 0.6212 0.6598 0.7134 1.0000 0.5990 0.6684 0.6626 0.4776 0.6226 0.5837 0.6122 0.4911 0.6810 0.6208 0.6533 0.6399 0.5319 0.6201 0.6098 0.5312 0.5768 0.5315 0.6766 0.6388 0.5204 0.5774 0.6072 0.5800 0.6668 0.4792 0.6604
0.6382 0.6562 0.6881 0.5760 0.5932 0.5922 0.6561 0.5461 0.6135 0.7216 0.6786 0.5907 0.6447 0.6200 0.6949 0.6368 0.6144 0.6159 0.6170 0.6050 0.6505 0.5809 0.5990 1.0000 0.5794 0.5880 0.5074 0.6251 0.5578 0.5602 0.5179 0.7008 0.5808 0.5525 0.6485 0.5721 0.6214 0.5805 0.6211 0.6834 0.5816 0.5816 0.5754 0.5428 0.6580 0.6458 0.5891 0.5991 0.4902 0.6356
0.5181 0.5905 0.6223 0.7067 0.6593 0.6809 0.5287 0.6537 0.5958 0.5579 0.6204 0.6341 0.6431 0.6150 0.6269 0.5890 0.6085 0.6831 0.7025 0.6602 0.6497 0.7300 0.6684 0.5794 1.0000 0.6636 0.4977 0.6451 0.6557 0.6409 0.5140 0.6615 0.5838 0.6918 0.6398 0.5714 0.5709 0.5784 0.5168 0.5396 0.4727 0.7299 0.6267 0.4974 0.5648 0.6034 0.5644 0.6826 0.4829 0.6110
0.5501 0.6190 0.6563 0.7199 0.6186 0.5653 0.5654 0.5844 0.5875 0.6215 0.6387 0.6010 0.6548 0.6184 0.6258 0.6589 0.6013 0.6416 0.7236 0.6037 0.5904 0.6996 0.6626 0.5880 0.6636 1.0000 0.5208 0.6421 0.5913 0.6194 0.5369 0.6563 0.6651 0.6811 0.5953 0.6581 0.5865 0.5963 0.5609 0.6128 0.5300 0.6718 0.5993 0.5610 0.5861 0.5734 0.5560 0.6095 0.5212 0.6428
0.4506 0.5056 0.4922 0.5015 0.4909 0.4507 0.4595 0.4740 0.4576 0.5107 0.4941 0.4820 0.5178 0.5088 0.5008 0.5158 0.4854 0.5120 0.5089 0.4614 0.4714 0.5058 0.4776 0.5074 0.4977 0.5208 1.0000 0.5473 0.4904 0.4671 0.8607 0.4891 0.4769 0.5154 0.4483 0.5163 0.4497 0.4312 0.4168 0.4907 0.4991 0.5749 0.4623 0.4419 0.5248 0.4753 0.4529 0.4570 0.4226 0.4909
0.4801 0.6276 0.6126 0.6882 0.7687 0.6075 0.5262 0.6549 0.6219 0.6297 0.7006 0.6249 0.7153 0.6615 0.6425 0.6843 0.5764 0.7548 0.6909 0.6002 0.6239 0.7286 0.6226 0.6251 0.6451 0.6421 0.5473 1.0000 0.6390 0.6722 0.5652 0.6339 0.5782 0.6132 0.5881 0.5304 0.5642 0.5602 0.5011 0.5507 0.5488 0.7092 0.6051 0.4858 0.6225 0.6457 0.6170 0.6173 0.4436 0.5571
0.4808 0.5769 0.5932 0.6582 0.5979 0.5589 0.4932 0.6489 0.5597 0.5397 0.6210 0.5993 0.6295 0.5456 0.5902 0.5936 0.5756 0.6787 0.6378 0.5968 0.5968 0.6717 0.5837 0.5578 0.6557 0.5913 0.4904 0.6390 1.0000 0.6393 0.5058 0.6126 0.5563 0.6701 0.5793 0.5223 0.5201 0.5631 0.4930 0.5180 0.4670 0.6467 0.5356 0.4810 0.5569 0.5804 0.5228 0.6331 0.4848 0.5388
0.4650 0.5568 0.5812 0.6710 0.6613 0.5856 0.4731 0.6815 0.5675 0.5446 0.6414 0.6052 0.6375 0.5987 0.6158 0.6036 0.5587 0.6789 0.6779 0.6338 0.6070 0.7068 0.6122 0.5602 0.6409 0.6194 0.4671 0.6722 0.6393 1.0000 0.4824 0.6467 0.5631 0.6194 0.6225 0.4991 0.5374 0.6000 0.5139 0.5232 0.4876 0.6374 0.5648 0.5048 0.5308 0.6217 0.5519 0.6283 0.4447 0.5712
0.4589 0.5205 0.5035 0.5176 0.5069 0.4408 0.4625 0.4892 0.4689 0.5218 0.5063 0.4714 0.5344 0.4976 0.5123 0.5280 0.4976 0.5283 0.5251 0.4733 0.4834 0.5222 0.4911 0.5179 0.5140 0.5369 0.8607 0.5652 0.5058 0.4824 1.0000 0.5013 0.4886 0.5320 0.4598 0.5271 0.4578 0.4213 0.4213 0.5022 0.5078 0.5942 0.4522 0.4494 0.5366 0.4873 0.4428 0.4689 0.4317 0.4794
0.5670 0.5629 0.7120 0.6543 0.6422 0.6489 0.5660 0.6059 0.6514 0.6430 0.7594 0.6646 0.6311 0.6530 0.6973 0.5961 0.6789 0.6554 0.6594 0.7016 0.7114 0.6674 0.6810 0.7008 0.6615 0.6563 0.4891 0.6339 0.6126 0.6467 0.5013 1.0000 0.6275 0.6318 0.6990 0.5450 0.6037 0.6562 0.5705 0.6554 0.5696 0.6426 0.6459 0.5499 0.6546 0.6789 0.6194 0.6826 0.4509 0.6632
0.5831 0.5498 0.6569 0.6663 0.5550 0.6179 0.6624 0.5499 0.5867 0.6254 0.6882 0.6664 0.5677 0.6934 0.6550 0.5738 0.6741 0.5884 0.6734 0.6698 0.6299 0.6421 0.6208 0.5808 0.5838 0.6651 0.4769 0.5782 0.5563 0.5631 0.4886 0.6275 1.0000 0.6689 0.6423 0.5206 0.6079 0.5937 0.5739 0.5585 0.5455 0.5930 0.5954 0.5473 0.5962 0.6051 0.6213 0.6646 0.5172 0.6738
0.5579 0.5523 0.6146 0.7683 0.5776 0.5707 0.5770 0.6174 0.5327 0.5237 0.6544 0.6781 0.6049 0.6380 0.5986 0.5767 0.6821 0.6910 0.7085 0.6365 0.5813 0.7604 0.6533 0.5525 0.6918 0.6811 0.5154 0.6132 0.6701 0.6194 0.5320 0.6318 0.6689 1.0000 0.6255 0.5554 0.5569 0.5788 0.5501 0.5295 0.4861 0.7261 0.5930 0.4988 0.5376 0.5560 0.5706 0.6315 0.5953 0.6555
0.5536 0.5523 0.6371 0.6180 0.5762 0.6465 0.6027 0.6286 0.5918 0.6011 0.6993 0.6328 0.6060 0.6488 0.6204 0.5621 0.6576 0.6197 0.6235 0.7171 0.6537 0.6174 0.6399 0.6485 0.6398 0.5953 0.4483 0.5881 0.5793 0.6225 0.4598 0.6990 0.6423 0.6255 1.0000 0.5013 0.5959 0.5879 0.5393 0.5693 0.5093 0.5895 0.5965 0.4995 0.6001 0.6512 0.6179 0.6827 0.4598 0.6175
0.5611 0.6588 0.6021 0.5851 0.4903 0.4672 0.5434 0.5032 0.5439 0.6302 0.5342 0.4887 0.5551 0.4861 0.5893 0.6168 0.4960 0.5517 0.5729 0.4979 0.5005 0.5684 0.5319 0.5721 0.5714 0.6581 0.5163 0.5304 0.5223 0.4991 0.5271 0.5450 0.5206 0.5554 0.5013 1.0000 0.5363 0.4925 0.5634 0.6539 0.5233 0.5616 0.4844 0.5680 0.5772 0.4581 0.4539 0.4953 0.5344 0.5325
0.5602 0.5693 0.6114 0.5822 0.5281 0.6052 0.5695 0.5197 0.6053 0.6476 0.6252 0.6049 0.5244 0.6137 0.6875 0.5705 0.5711 0.5997 0.5978 0.5907 0.5983 0.5870 0.6201 0.6214 0.5709 0.5865 0.4497 0.5642 0.5201 0.5374 0.4578 0.6037 0.6079 0.5569 0.5959 0.5363 1.0000 0.5577 0.5758 0.5940 0.5059 0.5594 0.5972 0.6152 0.5723 0.5696 0.5653 0.6134 0.4900 0.6318
0.4985 0.5168 0.6474 0.6319 0.5397 0.6146 0.5166 0.5482 0.5658 0.5736 0.6520 0.6541 0.5895 0.6140 0.6280 0.5583 0.6286 0.6012 0.6188 0.6095 0.5980 0.6282 0.6098 0.5805 0.5784 0.5963 0.4312 0.5602 0.5631 0.6000 0.4213 0.6562 0.5937 0.5788 0.5879 0.4925 0.5577 1.0000 0.5587 0.5641 0.4894 0.5694 0.6857 0.5510 0.5499 0.5768 0.6379 0.6177 0.4868 0.6377
0.6216 0.5120 0.6102 0.5683 0.4802 0.5079 0.6326 0.4553 0.5359 0.5599 0.5718 0.5754 0.5286 0.5424 0.6179 0.5314 0.5530 0.4987 0.5580 0.5478 0.5087 0.5704 0.5312 0.6211 0.5168 0.5609 0.4168 0.5011 0.4930 0.5139 0.4213 0.5705 0.5739 0.5501 0.5393 0.5634 0.5758 0.5587 1.0000 0.6111 0.5283 0.5124 0.5311 0.5657 0.5484 0.4917 0.5099 0.5482 0.5604 0.6243
0.6094 0.6157 0.6630 0.5603 0.5168 0.5283 0.5316 0.5052 0.6300 0.7077 0.6309 0.5606 0.5484 0.5532 0.6903 0.6056 0.5666 0.5639 0.5613 0.5614 0.5867 0.5647 0.5768 0.6834 0.5396 0.6128 0.4907 0.5507 0.5180 0.5232 0.5022 0.6554 0.5585 0.5295 0.5693 0.6539 0.5940 0.5641 0.6111 1.0000 0.6044 0.5476 0.5494 0.6014 0.6835 0.5696 0.5207 0.5656 0.4936 0.5958
0.5056 0.4750 0.5792 0.5090 0.5163 0.4987 0.5608 0.4728 0.5525 0.5610 0.5894 0.5186 0.5121 0.5599 0.5618 0.5152 0.5354 0.5104 0.5251 0.5132 0.5434 0.5115 0.5315 0.5816 0.4727 0.5300 0.4991 0.5488 0.4670 0.4876 0.5078 0.5696 0.5455 0.4861 0.5093 0.5233 0.5059 0.4894 0.5283 0.6044 1.0000 0.5285 0.5024 0.5799 0.6561 0.5712 0.5011 0.5229 0.4296 0.5450
0.5328 0.5720 0.6268 0.7123 0.6474 0.5857 0.5253 0.6347 0.5663 0.5578 0.6398 0.6655 0.6630 0.6291 0.6403 0.6253 0.6355 0.6932 0.6813 0.6297 0.6252 0.7458 0.6766 0.5816 0.7299 0.6718 0.5749 0.7092 0.6467 0.6374 0.5942 0.6426 0.5930 0.7261 0.5895 0.5616 0.5594 0.5694 0.5124 0.5476 0.5285 1.0000 0.6257 0.5265 0.5893 0.5958 0.5429 0.6476 0.5062 0.6234
0.5090 0.4963 0.6266 0.6353 0.5628 0.6627 0.5227 0.5326 0.5949 0.5742 0.6652 0.7085 0.5444 0.6993 0.6403 0.5136 0.6707 0.6099 0.6117 0.6333 0.6328 0.6615 0.6388 0.5754 0.6267 0.5993 0.4623 0.6051 0.5356 0.5648 0.4522 0.6459 0.5954 0.5930 0.5965 0.4844 0.5972 0.6857 0.5311 0.5494 0.5024 0.6257 1.0000 0.5101 0.5542 0.5899 0.7017 0.6693 0.4560 0.6612
0.4989 0.5128 0.5739 0.5224 0.4746 0.5002 0.5209 0.4776 0.5440 0.5933 0.5402 0.5460 0.5078 0.5097 0.5941 0.5589 0.4989 0.4951 0.5229 0.5361 0.5240 0.5119 0.5204 0.5428 0.4974 0.5610 0.4419 0.4858 0.4810 0.5048 0.4494 0.5499 0.5473 0.4988 0.4995 0.5680 0.6152 0.5510 0.5657 0.6014 0.5799 0.5265 0.5101 1.0000 0.5867 0.5109 0.4662 0.5282 0.4451 0.5570
0.5285 0.5978 0.6358 0.5563 0.5724 0.5716 0.5623 0.5578 0.6699 0.6783 0.6541 0.5642 0.6048 0.5803 0.6548 0.6139 0.5860 0.5790 0.5659 0.5959 0.6213 0.5656 0.5774 0.6580 0.5648 0.5861 0.5248 0.6225 0.5569 0.5308 0.5366 0.6546 0.5962 0.5376 0.6001 0.5772 0.5723 0.5499 0.5484 0.6835 0.6561 0.5893 0.5542 0.5867 1.0000 0.6218 0.5492 0.5783 0.4236 0.5513
0.5067 0.5348 0.6131 0.5837 0.6680 0.6423 0.5305 0.5988 0.5974 0.6062 0.6937 0.6083 0.6105 0.6387 0.6311 0.5999 0.6070 0.6149 0.6182 0.6345 0.7446 0.5962 0.6072 0.6458 0.6034 0.5734 0.4753 0.6457 0.5804 0.6217 0.4873 0.6789 0.6051 0.5560 0.6512 0.4581 0.5696 0.5768 0.4917 0.5696 0.5712 0.5958 0.5899 0.5109 0.6218 1.0000 0.5966 0.6824 0.4048 0.6002
0.5123 0.5137 0.5946 0.6170 0.5813 0.6474 0.5617 0.5256 0.5836 0.5873 0.6822 0.6753 0.5571 0.7278 0.5984 0.5294 0.6691 0.6143 0.6235 0.5775 0.6058 0.6144 0.5800 0.5891 0.5644 0.5560 0.4529 0.6170 0.5228 0.5519 0.4428 0.6194 0.6213 0.5706 0.6179 0.4539 0.5653 0.6379 0.5099 0.5207 0.5011 0.5429 0.7017 0.4662 0.5492 0.5966 1.0000 0.6111 0.4477 0.6425
0.5559 0.5195 0.6754 0.6601 0.5838 0.6930 0.5618 0.5939 0.6138 0.6045 0.7122 0.6952 0.5642 0.6920 0.7052 0.5411 0.6565 0.6423 0.6435 0.7336 0.7263 0.6839 0.6668 0.5991 0.6826 0.6095 0.4570 0.6173 0.6331 0.6283 0.4689 0.6826 0.6646 0.6315 0.6827 0.4953 0.6134 0.6177 0.5482 0.5656 0.5229 0.6476 0.6693 0.5282 0.5783 0.6824 0.6111 1.0000 0.4524 0.6626
0.6071 0.5060 0.5192 0.5386 0.4217 0.4116 0.5455 0.4424 0.4052 0.4609 0.4709 0.4823 0.4457 0.4618 0.4843 0.4913 0.5324 0.4835 0.5188 0.4577 0.4182 0.5250 0.4792 0.4902 0.4829 0.5212 0.4226 0.4436 0.4848 0.4447 0.4317 0.4509 0.5172 0.5953 0.4598 0.5344 0.4900 0.4868 0.5604 0.4936 0.4296 0.5062 0.4560 0.4451 0.4236 0.4048 0.4477 0.4524 1.0000 0.5316
0.6281 0.5203 0.6455 0.6578 0.5459 0.6374 0.6001 0.5332 0.5596 0.5821 0.6627 0.7245 0.5453 0.7207 0.6801 0.5455 0.6551 0.5832 0.6597 0.6269 0.6172 0.6505 0.6604 0.6356 0.6110 0.6428 0.4909 0.5571 0.5388 0.5712 0.4794 0.6632 0.6738 0.6555 0.6175 0.5325 0.6318 0.6377 0.6243 0.5958 0.5450 0.6234 0.6612 0.5570 0.5513 0.6002 0.6425 0.6626 0.5316 1.0000
