1.0000 0.4285 1.0000 0.4285 0.4285 0.4285 0.9999 0.4285 0.4285 0.4285 0.4285 0.4285 0.4285 0.4285 0.4285 0.4285 1.0000 0.4285 0.4285 1.0000 0.4285 1.0000 1.0000 1.0000 0.4285 0.4286 0.4285 0.9999 0.4285 1.0000 0.4285 0.4285 0.9999 0.4286 0.4285 0.4285 0.4285 0.4286 0.4286 0.4285 0.4285 0.4285 0.4285 0.9999 0.4285 1.0000 1.0000 1.0000 0.4285 0.4285
0.4285 1.0000 0.4285 1.0000 0.9999 0.9999 0.4285 0.9998 0.9999 0.9998 0.9999 0.9998 0.9998 0.9998 0.9999 0.9999 0.4285 0.9999 0.9999 0.4285 0.9999 0.4285 0.4285 0.4285 0.9999 0.9998 0.9998 0.4285 0.9999 0.4285 0.9998 0.9998 0.4285 0.9999 0.9999 0.9999 0.9998 0.9998 0.9998 0.9998 0.9998 0.9999 0.9998 0.4285 0.9999 0.4285 0.4285 0.4285 0.9999 0.9998
1.0000 0.4285 1.0000 0.4285 0.4285 0.4285 1.0000 0.4285 0.4285 0.4285 0.4285 0.4285 0.4285 0.4285 0.4285 0.4285 1.0000 0.4285 0.4285 1.0000 0.4285 1.0000 1.0000 1.0000 0.4285 0.4286 0.4285 0.9999 0.4285 1.0000 0.4285 0.4285 0.9999 0.4286 0.4285 0.4285 0.4285 0.4286 0.4286 0.4285 0.4285 0.4285 0.4285 1.0000 0.4285 1.0000 1.0000 0.9999 0.4285 0.4285
0.4285 1.0000 0.4285 1.0000 0.9999 1.0000 0.4285 0.9999 0.9999 0.9999 0.9999 0.9998 0.9999 0.9999 0.9999 0.9999 0.4285 0.9999 0.9999 0.4285 0.9999 0.4285 0.4285 0.4285 0.9999 0.9998 0.9998 0.4285 0.9999 0.4285 0.9998 0.9998 0.4285 0.9999 0.9999 0.9999 0.9998 0.9999 0.9998 0.9998 0.9998 0.9999 0.9998 0.4285 0.9999 0.4285 0.4285 0.4285 0.9999 0.9999
0.4285 0.9999 0.4285 0.9999 1.0000 0.9999 0.4285 0.9998 0.9999 0.9999 0.9999 0.9999 0.9999 0.9999 0.9998 0.9999 0.4285 0.9999 0.9999 0.4285 0.9999 0.4285 0.4285 0.4285 0.9999 0.9999 0.9998 0.4285 0.9999 0.4285 0.9998 0.9999 0.4285 0.9999 0.9999 0.9999 0.9999 0.9999 0.9999 0.9999 0.9999 0.9999 0.9999 0.4285 0.9999 0.4285 0.4285 0.4285 0.9998 0.9999
0.4285 0.9999 0.4285 1.0000 0.9999 1.0000 0.4285 0.9999 0.9999 0.9999 0.9999 0.9999 0.9999 0.9999 0.9998 0.9999 0.4285 0.9999 0.9999 0.4285 0.9998 0.4285 0.4285 0.4285 0.9999 0.9999 0.9998 0.4285 0.9999 0.4285 0.9998 0.9998 0.4285 0.9998 0.9999 0.9999 0.9999 0.9999 0.9999 0.9998 0.9999 0.9999 0.9998 0.4285 0.9999 0.4285 0.4285 0.4285 0.9999 0.9999
0.9999 0.4285 1.0000 0.4285 0.4285 0.4285 1.0000 0.4285 0.4285 0.4285 0.4285 0.4285 0.4285 0.4285 0.4285 0.4285 1.0000 0.4285 0.4286 1.0000 0.4285 0.9999 1.0000 1.0000 0.4285 0.4286 0.4285 0.9999 0.4285 0.9999 0.4285 0.4285 0.9999 0.4286 0.4285 0.4286 0.4285 0.4286 0.4286 0.4285 0.4285 0.4285 0.4286 1.0000 0.4285 0.9999 1.0000 0.9999 0.4285 0.4285
0.4285 0.9998 0.4285 0.9999 0.9998 0.9999 0.4285 1.0000 0.9999 0.9998 0.9998 0.9998 0.9998 0.9998 0.9998 0.9999 0.4285 0.9999 0.9998 0.4285 0.9997 0.4285 0.4285 0.4285 0.9998 0.9998 0.9999 0.4285 0.9999 0.4285 0.9999 0.9998 0.4285 0.9998 0.9999 0.9999 0.9998 0.9998 0.9998 0.9998 0.9999 0.9998 0.9998 0.4285 0.9998 0.4285 0.4285 0.4285 0.9998 0.9998
0.4285 0.9999 0.4285 0.9999 0.9999 0.9999 0.4285 0.9999 1.0000 0.9999 1.0000 0.9999 0.9999 0.9999 0.9998 0.9999 0.4285 0.9998 0.9999 0.4285 0.9998 0.4285 0.4285 0.4285 0.9998 0.9999 0.9998 0.4285 0.9999 0.4285 0.9998 0.9999 0.4285 0.9999 1.0000 0.9999 0.9999 1.0000 0.9999 0.9999 0.9999 0.9999 0.9999 0.4285 0.9999 0.4285 0.4285 0.4285 0.9998 0.9999
0.4285 0.9998 0.4285 0.9999 0.9999 0.9999 0.4285 0.9998 0.9999 1.0000 1.0000 1.0000 1.0000 1.0000 0.9997 0.9999 0.4285 0.9998 0.9999 0.4285 0.9998 0.4285 0.4285 0.4285 0.9998 0.9999 0.9998 0.4285 0.9999 0.4285 0.9998 0.9999 0.4285 0.9999 0.9999 0.9999 1.0000 0.9999 0.9999 1.0000 0.9999 1.0000 0.9999 0.4285 0.9999 0.4285 0.4285 0.4285 0.9998 1.0000
0.4285 0.9999 0.4285 0.9999 0.9999 0.9999 0.4285 0.9998 1.0000 1.0000 1.0000 0.9999 1.0000 1.0000 0.9997 0.9999 0.4285 0.9998 0.9999 0.4285 0.9998 0.4285 0.4285 0.4285 0.9998 0.9999 0.9998 0.4285 0.9999 0.4285 0.9998 0.9999 0.4285 0.9999 1.0000 0.9999 1.0000 1.0000 0.9999 0.9999 0.9999 1.0000 0.9999 0.4285 0.9999 0.4285 0.4285 0.4285 0.9998 0.9999
0.4285 0.9998 0.4285 0.9998 0.9999 0.9999 0.4285 0.9998 0.9999 1.0000 0.9999 1.0000 1.0000 1.0000 0.9997 0.9999 0.4285 0.9998 0.9999 0.4285 0.9999 0.4285 0.4285 0.4285 0.9998 1.0000 0.9998 0.4285 0.9998 0.4285 0.9998 1.0000 0.4285 0.9999 0.9999 0.9999 0.9999 0.9999 0.9999 1.0000 0.9999 0.9999 1.0000 0.4285 0.9999 0.4285 0.4285 0.4285 0.9997 1.0000
0.4285 0.9998 0.4285 0.9999 0.9999 0.9999 0.4285 0.9998 0.9999 1.0000 1.0000 1.0000 1.0000 1.0000 0.9997 0.9999 0.4285 0.9998 0.9999 0.4285 0.9998 0.4285 0.4285 0.4285 0.9998 1.0000 0.9998 0.4285 0.9999 0.4285 0.9998 1.0000 0.4285 0.9999 0.9999 0.9999 1.0000 1.0000 0.9999 1.0000 0.9999 1.0000 0.9999 0.4285 0.9999 0.4285 0.4285 0.4285 0.9997 1.0000
0.4285 0.9998 0.4285 0.9999 0.9999 0.9999 0.4285 0.9998 0.9999 1.0000 1.0000 1.0000 1.0000 1.0000 0.9997 0.9999 0.4285 0.9998 0.9999 0.4285 0.9998 0.4285 0.4285 0.4285 0.9998 0.9999 0.9998 0.4285 0.9999 0.4285 0.9998 0.9999 0.4285 0.9999 0.9999 0.9999 1.0000 0.9999 0.9999 1.0000 1.0000 1.0000 0.9999 0.4285 0.9999 0.4285 0.4285 0.4285 0.9998 1.0000
0.4285 0.9999 0.4285 0.9999 0.9998 0.9998 0.4285 0.9998 0.9998 0.9997 0.9997 0.9997 0.9997 0.9997 1.0000 0.9998 0.4285 0.9999 0.9998 0.4285 0.9998 0.4285 0.4285 0.4285 0.9998 0.9997 0.9997 0.4285 0.9999 0.4285 0.9997 0.9997 0.4285 0.9998 0.9998 0.9998 0.9997 0.9997 0.9997 0.9997 0.9997 0.9997 0.9997 0.4285 0.9997 0.4285 0.4285 0.4285 1.0000 0.9997
0.4285 0.9999 0.4285 0.9999 0.9999 0.9999 0.4285 0.9999 0.9999 0.9999 0.9999 0.9999 0.9999 0.9999 0.9998 1.0000 0.4285 0.9999 0.9999 0.4285 0.9998 0.4285 0.4285 0.4285 0.9999 0.9999 0.9998 0.4285 1.0000 0.4285 0.9998 0.9999 0.4285 0.9999 0.9999 0.9999 0.9999 0.9999 0.9999 0.9999 0.9999 0.9999 0.9999 0.4285 0.9999 0.4285 0.4285 0.4285 0.9999 0.9999
1.0000 0.4285 1.0000 0.4285 0.4285 0.4285 1.0000 0.4285 0.4285 0.4285 0.4285 0.4285 0.4285 0.4285 0.4285 0.4285 1.0000 0.4285 0.4285 1.0000 0.4285 1.0000 1.0000 1.0000 0.4285 0.4286 0.4285 0.9999 0.4285 1.0000 0.4285 0.4285 0.9999 0.4286 0.4285 0.4285 0.4285 0.4286 0.4286 0.4285 0.4285 0.4285 0.4285 1.0000 0.4285 1.0000 1.0000 0.9999 0.4285 0.4285
0.4285 0.9999 0.4285 0.9999 0.9999 0.9999 0.4285 0.9999 0.9998 0.9998 0.9998 0.9998 0.9998 0.9998 0.9999 0.9999 0.4285 1.0000 0.9999 0.4285 0.9998 0.4285 0.4285 0.4285 0.9999 0.9998 0.9998 0.4285 0.9999 0.4285 0.9998 0.9998 0.4285 0.9998 0.9998 0.9999 0.9998 0.9998 0.9998 0.9998 0.9998 0.9998 0.9998 0.4285 0.9998 0.4285 0.4285 0.4285 0.9999 0.9998
0.4285 0.9999 0.4285 0.9999 0.9999 0.9999 0.4286 0.9998 0.9999 0.9999 0.9999 0.9999 0.9999 0.9999 0.9998 0.9999 0.4285 0.9999 1.0000 0.4286 0.9999 0.4285 0.4285 0.4285 0.9999 0.9999 0.9997 0.4286 0.9999 0.4286 0.9998 0.9999 0.4286 0.9999 0.9999 0.9999 0.9998 0.9999 0.9999 0.9998 0.9998 0.9999 0.9999 0.4286 0.9999 0.4285 0.4286 0.4286 0.9998 0.9999
1.0000 0.4285 1.0000 0.4285 0.4285 0.4285 1.0000 0.4285 0.4285 0.4285 0.4285 0.4285 0.4285 0.4285 0.4285 0.4285 1.0000 0.4285 0.4286 1.0000 0.4285 0.9999 1.0000 1.0000 0.4285 0.4286 0.4285 0.9999 0.4285 1.0000 0.4285 0.4285 0.9999 0.4286 0.4285 0.4285 0.4285 0.4286 0.4286 0.4285 0.4285 0.4285 0.4286 1.0000 0.4285 1.0000 1.0000 0.9999 0.4285 0.4285
0.4285 0.9999 0.4285 0.9999 0.9999 0.9998 0.4285 0.9997 0.9998 0.9998 0.9998 0.9999 0.9998 0.9998 0.9998 0.9998 0.4285 0.9998 0.9999 0.4285 1.0000 0.4285 0.4285 0.4285 0.9999 0.9998 0.9997 0.4285 0.9998 0.4285 0.9997 0.9999 0.4286 0.9999 0.9998 0.9998 0.9998 0.9998 0.9998 0.9998 0.9998 0.9998 0.9999 0.4285 0.9999 0.4285 0.4285 0.4285 0.9998 0.9999
1.0000 0.4285 1.0000 0.4285 0.4285 0.4285 0.9999 0.4285 0.4285 0.4285 0.4285 0.4285 0.4285 0.4285 0.4285 0.4285 1.0000 0.4285 0.4285 0.9999 0.4285 1.0000 1.0000 1.0000 0.4285 0.4286 0.4285 1.0000 0.4285 1.0000 0.4285 0.4285 0.9999 0.4286 0.4285 0.4285 0.4285 0.4286 0.4286 0.4285 0.4285 0.4285 0.4285 0.9999 0.4285 1.0000 1.0000 1.0000 0.4285 0.4285
1.0000 0.4285 1.0000 0.4285 0.4285 0.4285 1.0000 0.4285 0.4285 0.4285 0.4285 0.4285 0.4285 0.4285 0.4285 0.4285 1.0000 0.4285 0.4285 1.0000 0.4285 1.0000 1.0000 1.0000 0.4285 0.4286 0.4285 0.9999 0.4285 1.0000 0.4285 0.4285 0.9999 0.4286 0.4285 0.4285 0.4285 0.4286 0.4286 0.4285 0.4285 0.4285 0.4285 1.0000 0.4285 1.0000 1.0000 0.9999 0.4285 0.4285
1.0000 0.4285 1.0000 0.4285 0.4285 0.4285 1.0000 0.4285 0.4285 0.4285 0.4285 0.4285 0.4285 0.4285 0.4285 0.4285 1.0000 0.4285 0.4285 1.0000 0.4285 1.0000 1.0000 1.0000 0.4285 0.4286 0.4285 0.9999 0.4285 1.0000 0.4285 0.4285 0.9999 0.4286 0.4285 0.4285 0.4285 0.4286 0.4286 0.4285 0.4285 0.4285 0.4285 1.0000 0.4285 1.0000 1.0000 1.0000 0.4285 0.4285
0.4285 0.9999 0.4285 0.9999 0.9999 0.9999 0.4285 0.9998 0.9998 0.9998 0.9998 0.9998 0.9998 0.9998 0.9998 0.9999 0.4285 0.9999 0.9999 0.4285 0.9999 0.4285 0.4285 0.4285 1.0000 0.9998 0.9997 0.4285 0.9998 0.4285 0.9997 0.9998 0.4286 0.9999 0.9998 0.9999 0.9998 0.9998 0.9998 0.9998 0.9998 0.9998 0.9998 0.4285 0.9999 0.4285 0.4285 0.4285 0.9998 0.9998
0.4286 0.9998 0.4286 0.9998 0.9999 0.9999 0.4286 0.9998 0.9999 0.9999 0.9999 1.0000 1.0000 0.9999 0.9997 0.9999 0.4286 0.9998 0.9999 0.4286 0.9998 0.4286 0.4286 0.4286 0.9998 1.0000 0.9998 0.4286 0.9998 0.4286 0.9998 1.0000 0.4286 0.9999 0.9999 0.9999 0.9999 1.0000 1.0000 1.0000 0.9999 0.9999 1.0000 0.4286 0.9999 0.4286 0.4286 0.4286 0.9997 1.0000
0.4285 0.9998 0.4285 0.9998 0.9998 0.9998 0.4285 0.9999 0.9998 0.9998 0.9998 0.9998 0.9998 0.9998 0.9997 0.9998 0.4285 0.9998 0.9997 0.4285 0.9997 0.4285 0.4285 0.4285 0.9997 0.9998 1.0000 0.4285 0.9998 0.4285 0.9999 0.9998 0.4285 0.9997 0.9998 0.9998 0.9998 0.9998 0.9998 0.9998 0.9998 0.9998 0.9997 0.4285 0.9998 0.4285 0.4285 0.4285 0.9998 0.9998
0.9999 0.4285 0.9999 0.4285 0.4285 0.4285 0.9999 0.4285 0.4285 0.4285 0.4285 0.4285 0.4285 0.4285 0.4285 0.4285 0.9999 0.4285 0.4286 0.9999 0.4285 1.0000 0.9999 0.9999 0.4285 0.4286 0.4285 1.0000 0.4285 0.9999 0.4285 0.4285 1.0000 0.4286 0.4285 0.4286 0.4285 0.4286 0.4286 0.4285 0.4285 0.4285 0.4286 0.9999 0.4285 0.9999 0.9999 1.0000 0.4285 0.4285
0.4285 0.9999 0.4285 0.9999 0.9999 0.9999 0.4285 0.9999 0.9999 0.9999 0.9999 0.9998 0.9999 0.9999 0.9999 1.0000 0.4285 0.9999 0.9999 0.4285 0.9998 0.4285 0.4285 0.4285 0.9998 0.9998 0.9998 0.4285 1.0000 0.4285 0.9998 0.9998 0.4285 0.9998 0.9999 0.9999 0.9999 0.9999 0.9998 0.9998 0.9999 0.9999 0.9998 0.4285 0.9999 0.4285 0.4285 0.4285 0.9999 0.9998
1.0000 0.4285 1.0000 0.4285 0.4285 0.4285 0.9999 0.4285 0.4285 0.4285 0.4285 0.4285 0.4285 0.4285 0.4285 0.4285 1.0000 0.4285 0.4286 1.0000 0.4285 1.0000 1.0000 1.0000 0.4285 0.4286 0.4285 0.9999 0.4285 1.0000 0.4285 0.4285 0.9999 0.4286 0.4285 0.4285 0.4285 0.4286 0.4286 0.4285 0.4285 0.4285 0.4285 1.0000 0.4285 1.0000 1.0000 1.0000 0.4285 0.4285
0.4285 0.9998 0.4285 0.9998 0.9998 0.9998 0.4285 0.9999 0.9998 0.9998 0.9998 0.9998 0.9998 0.9998 0.9997 0.9998 0.4285 0.9998 0.9998 0.4285 0.9997 0.4285 0.4285 0.4285 0.9997 0.9998 0.9999 0.4285 0.9998 0.4285 1.0000 0.9998 0.4286 0.9997 0.9999 0.9998 0.9999 0.9998 0.9998 0.9998 0.9999 0.9998 0.9998 0.4285 0.9998 0.4285 0.4285 0.4285 0.9997 0.9998
0.4285 0.9998 0.4285 0.9998 0.9999 0.9998 0.4285 0.9998 0.9999 0.9999 0.9999 1.0000 1.0000 0.9999 0.9997 0.9999 0.4285 0.9998 0.9999 0.4285 0.9999 0.4285 0.4285 0.4285 0.9998 1.0000 0.9998 0.4285 0.9998 0.4285 0.9998 1.0000 0.4286 0.9999 0.9999 0.9999 0.9999 0.9999 0.9999 1.0000 0.9999 0.9999 1.0000 0.4285 0.9999 0.4285 0.4285 0.4285 0.9997 1.0000
0.9999 0.4285 0.9999 0.4285 0.4285 0.4285 0.9999 0.4285 0.4285 0.4285 0.4285 0.4285 0.4285 0.4285 0.4285 0.4285 0.9999 0.4285 0.4286 0.9999 0.4286 0.9999 0.9999 0.9999 0.4286 0.4286 0.4285 1.0000 0.4285 0.9999 0.4286 0.4286 1.0000 0.4286 0.4285 0.4286 0.4285 0.4286 0.4286 0.4285 0.4285 0.4286 0.4286 0.9999 0.4285 0.9999 0.9999 1.0000 0.4285 0.4285
0.4286 0.9999 0.4286 0.9999 0.9999 0.9998 0.4286 0.9998 0.9999 0.9999 0.9999 0.9999 0.9999 0.9999 0.9998 0.9999 0.4286 0.9998 0.9999 0.4286 0.9999 0.4286 0.4286 0.4286 0.9999 0.9999 0.9997 0.4286 0.9998 0.4286 0.9997 0.9999 0.4286 1.0000 0.9999 0.9999 0.9998 0.9999 0.9999 0.9999 0.9998 0.9999 0.9999 0.4286 0.9999 0.4286 0.4286 0.4286 0.9998 0.9999
0.4285 0.9999 0.4285 0.9999 0.9999 0.9999 0.4285 0.9999 1.0000 0.9999 1.0000 0.9999 0.9999 0.9999 0.9998 0.9999 0.4285 0.9998 0.9999 0.4285 0.9998 0.4285 0.4285 0.4285 0.9998 0.9999 0.9998 0.4285 0.9999 0.4285 0.9999 0.9999 0.4285 0.9999 1.0000 0.9999 0.9999 1.0000 0.9999 0.9999 0.9999 0.9999 0.9999 0.4285 0.9999 0.4285 0.4285 0.4285 0.9998 0.9999
0.4285 0.9999 0.4285 0.9999 0.9999 0.9999 0.4286 0.9999 0.9999 0.9999 0.9999 0.9999 0.9999 0.9999 0.9998 0.9999 0.4285 0.9999 0.9999 0.4285 0.9998 0.4285 0.4285 0.4285 0.9999 0.9999 0.9998 0.4286 0.9999 0.4285 0.9998 0.9999 0.4286 0.9999 0.9999 1.0000 0.9999 0.9999 0.9999 0.9999 0.9999 0.9999 0.9998 0.4286 0.9999 0.4285 0.4285 0.4285 0.9998 0.9999
0.4285 0.9998 0.4285 0.9998 0.9999 0.9999 0.4285 0.9998 0.9999 1.0000 1.0000 0.9999 1.0000 1.0000 0.9997 0.9999 0.4285 0.9998 0.9998 0.4285 0.9998 0.4285 0.4285 0.4285 0.9998 0.9999 0.9998 0.4285 0.9999 0.4285 0.9999 0.9999 0.4285 0.9998 0.9999 0.9999 1.0000 0.9999 0.9999 0.9999 1.0000 0.9999 0.9999 0.4285 0.9999 0.4285 0.4285 0.4285 0.9997 0.9999
0.4286 0.9998 0.4286 0.9999 0.9999 0.9999 0.4286 0.9998 1.0000 0.9999 1.0000 0.9999 1.0000 0.9999 0.9997 0.9999 0.4286 0.9998 0.9999 0.4286 0.9998 0.4286 0.4286 0.4286 0.9998 1.0000 0.9998 0.4286 0.9999 0.4286 0.9998 0.9999 0.4286 0.9999 1.0000 0.9999 0.9999 1.0000 1.0000 0.9999 0.9999 0.9999 0.9999 0.4286 0.9999 0.4286 0.4286 0.4286 0.9998 0.9999
0.4286 0.9998 0.4286 0.9998 0.9999 0.9999 0.4286 0.9998 0.9999 0.9999 0.9999 0.9999 0.9999 0.9999 0.9997 0.9999 0.4286 0.9998 0.9999 0.4286 0.9998 0.4286 0.4286 0.4286 0.9998 1.0000 0.9998 0.4286 0.9998 0.4286 0.9998 0.9999 0.4286 0.9999 0.9999 0.9999 0.9999 1.0000 1.0000 0.9999 0.9999 0.9999 0.9999 0.4286 0.9999 0.4286 0.4286 0.4286 0.9997 0.9999
0.4285 0.9998 0.4285 0.9998 0.9999 0.9998 0.4285 0.9998 0.9999 1.0000 0.9999 1.0000 1.0000 1.0000 0.9997 0.9999 0.4285 0.9998 0.9998 0.4285 0.9998 0.4285 0.4285 0.4285 0.9998 1.0000 0.9998 0.4285 0.9998 0.4285 0.9998 1.0000 0.4285 0.9999 0.9999 0.9999 0.9999 0.9999 0.9999 1.0000 0.9999 0.9999 1.0000 0.4285 0.9999 0.4285 0.4285 0.4285 0.9997 1.0000
0.4285 0.9998 0.4285 0.9998 0.9999 0.9999 0.4285 0.9999 0.9999 0.9999 0.9999 0.9999 0.9999 1.0000 0.9997 0.9999 0.4285 0.9998 0.9998 0.4285 0.9998 0.4285 0.4285 0.4285 0.9998 0.9999 0.9998 0.4285 0.9999 0.4285 0.9999 0.9999 0.4285 0.9998 0.9999 0.9999 1.0000 0.9999 0.9999 0.9999 1.0000 0.9999 0.9999 0.4285 0.9999 0.4285 0.4285 0.4285 0.9998 0.9999
0.4285 0.9999 0.4285 0.9999 0.9999 0.9999 0.4285 0.9998 0.9999 1.0000 1.0000 0.9999 1.0000 1.0000 0.9997 0.9999 0.4285 0.9998 0.9999 0.4285 0.9998 0.4285 0.4285 0.4285 0.9998 0.9999 0.9998 0.4285 0.9999 0.4285 0.9998 0.9999 0.4286 0.9999 0.9999 0.9999 0.9999 0.9999 0.9999 0.9999 0.9999 1.0000 0.9999 0.4285 0.9999 0.4285 0.4285 0.4285 0.9998 0.9999
0.4285 0.9998 0.4285 0.9998 0.9999 0.9998 0.4286 0.9998 0.9999 0.9999 0.9999 1.0000 0.9999 0.9999 0.9997 0.9999 0.4285 0.9998 0.9999 0.4286 0.9999 0.4285 0.4285 0.4285 0.9998 1.0000 0.9997 0.4286 0.9998 0.4285 0.9998 1.0000 0.4286 0.9999 0.9999 0.9998 0.9999 0.9999 0.9999 1.0000 0.9999 0.9999 1.0000 0.4286 0.9999 0.4285 0.4285 0.4285 0.9997 1.0000
0.9999 0.4285 1.0000 0.4285 0.4285 0.4285 1.0000 0.4285 0.4285 0.4285 0.4285 0.4285 0.4285 0.4285 0.4285 0.4285 1.0000 0.4285 0.4286 1.0000 0.4285 0.9999 1.0000 1.0000 0.4285 0.4286 0.4285 0.9999 0.4285 1.0000 0.4285 0.4285 0.9999 0.4286 0.4285 0.4286 0.4285 0.4286 0.4286 0.4285 0.4285 0.4285 0.4286 1.0000 0.4285 0.9999 1.0000 0.9999 0.4285 0.4285
0.4285 0.9999 0.4285 0.9999 0.9999 0.9999 0.4285 0.9998 0.9999 0.9999 0.9999 0.9999 0.9999 0.9999 0.9997 0.9999 0.4285 0.9998 0.9999 0.4285 0.9999 0.4285 0.4285 0.4285 0.9999 0.9999 0.9998 0.4285 0.9999 0.4285 0.9998 0.9999 0.4285 0.9999 0.9999 0.9999 0.9999 0.9999 0.9999 0.9999 0.9999 0.9999 0.9999 0.4285 1.0000 0.4285 0.4285 0.4285 0.9998 0.9999
1.0000 0.4285 1.0000 0.4285 0.4285 0.4285 0.9999 0.4285 0.4285 0.4285 0.4285 0.4285 0.4285 0.4285 0.4285 0.4285 1.0000 0.4285 0.4285 1.0000 0.4285 1.0000 1.0000 1.0000 0.4285 0.4286 0.4285 0.9999 0.4285 1.0000 0.4285 0.4285 0.9999 0.4286 0.4285 0.4285 0.4285 0.4286 0.4286 0.4285 0.4285 0.4285 0.4285 0.9999 0.4285 1.0000 1.0000 1.0000 0.4285 0.4285
1.0000 0.4285 1.0000 0.4285 0.4285 0.4285 1.0000 0.4285 0.4285 0.4285 0.4285 0.4285 0.4285 0.4285 0.4285 0.4285 1.0000 0.4285 0.4286 1.0000 0.4285 1.0000 1.0000 1.0000 0.4285 0.4286 0.4285 0.9999 0.4285 1.0000 0.4285 0.4285 0.9999 0.4286 0.4285 0.4285 0.4285 0.4286 0.4286 0.4285 0.4285 0.4285 0.4285 1.0000 0.4285 1.0000 1.0000 1.0000 0.4285 0.4285
1.0000 0.4285 0.9999 0.4285 0.4285 0.4285 0.9999 0.4285 0.4285 0.4285 0.4285 0.4285 0.4285 0.4285 0.4285 0.4285 0.9999 0.4285 0.4286 0.9999 0.4285 1.0000 0.9999 1.0000 0.4285 0.4286 0.4285 1.0000 0.4285 1.0000 0.4285 0.4285 1.0000 0.4286 0.4285 0.4285 0.4285 0.4286 0.4286 0.4285 0.4285 0.4285 0.4285 0.9999 0.4285 1.0000 1.0000 1.0000 0.4285 0.4285
0.4285 0.9999 0.4285 0.9999 0.9998 0.9999 0.4285 0.9998 0.9998 0.9998 0.9998 0.9997 0.9997 0.9998 1.0000 0.9999 0.4285 0.9999 0.9998 0.4285 0.9998 0.4285 0.4285 0.4285 0.9998 0.9997 0.9998 0.4285 0.9999 0.4285 0.9997 0.9997 0.4285 0.9998 0.9998 0.9998 0.9997 0.9998 0.9997 0.9997 0.9998 0.9998 0.9997 0.4285 0.9998 0.4285 0.4285 0.4285 1.0000 0.9997
0.4285 0.9998 0.4285 0.9999 0.9999 0.9999 0.4285 0.9998 0.9999 1.0000 0.9999 1.0000 1.0000 1.0000 0.9997 0.9999 0.4285 0.9998 0.9999 0.4285 0.9999 0.4285 0.4285 0.4285 0.9998 1.0000 0.9998 0.4285 0.9998 0.4285 0.9998 1.0000 0.4285 0.9999 0.9999 0.9999 0.9999 0.9999 0.9999 1.0000 0.9999 0.9999 1.0000 0.4285 0.9999 0.4285 0.4285 0.4285 0.9997 1.0000
