1 1 (0) 1 : 0.26627265300754482391 0.00000000099999999987 0.00000000099999999987 0.00000000099999999987 0.00000000099999999987 0.00000000099999999987 0.00000000099999999987 0.00000000099999999987 0.29863483917698613324 0.00000000099999999987 0.00000000099999999987 0.32470725036556019605 0.11038524844990871276
2 2 (0) 1 : 0.00000000099999999995 0.03285816554624410024 0.00000000099999999995 0.00000000099999999995 0.21846337788977396310 0.23994563695790488422 0.08146071973922645870 0.04200409156185778980 0.04827579823716693364 0.31481439222243789988 0.02217781284538785508 0.00000000099999999995 0.00000000099999999995
3 3 (0) 1 : 0.00000000099999999984 0.00000000099999999984 0.55145480351676057218 0.00000000099999999984 0.00000000099999999984 0.00000000099999999984 0.00000000099999999984 0.00000000099999999984 0.00000000099999999984 0.00000000099999999984 0.00000000099999999984 0.44854518548323962790 0.00000000099999999984
4 4 (0) 1 : 0.52018107151445991398 0.00000000099999999986 0.00000000099999999986 0.00000000099999999986 0.00000000099999999986 0.00000000099999999986 0.00000000099999999986 0.00000000099999999986 0.00000000099999999986 0.00000000099999999986 0.00000000099999999986 0.47981891748554034161 0.00000000099999999986
5 5 (0) 1 : 0.99999998800000022836 0.00000000099999999982 0.00000000099999999982 0.00000000099999999982 0.00000000099999999982 0.00000000099999999982 0.00000000099999999982 0.00000000099999999982 0.00000000099999999982 0.00000000099999999982 0.00000000099999999982 0.00000000099999999982 0.00000000099999999982
6 6 (0) 1 : 0.00000000099999999940 0.99999998800000033938 0.00000000099999999940 0.00000000099999999940 0.00000000099999999940 0.00000000099999999940 0.00000000099999999940 0.00000000099999999940 0.00000000099999999940 0.00000000099999999940 0.00000000099999999940 0.00000000099999999940 0.00000000099999999940
7 7 (0) 1 : 0.00000000099999999973 0.00000000099999999973 0.00000000099999999973 0.00000000099999999973 0.00000000099999999973 0.00000000099999999973 0.00000000099999999973 0.00000000099999999973 0.00000000099999999973 0.00000000099999999973 0.00000000099999999973 0.99999998800000000632 0.00000000099999999973
8 8 (0) 1 : 0.00000000099999999968 0.00000000099999999968 0.00000000099999999968 0.00000000099999999968 0.00000000099999999968 0.00000000099999999968 0.99999998800000011734 0.00000000099999999968 0.00000000099999999968 0.00000000099999999968 0.00000000099999999968 0.00000000099999999968 0.00000000099999999968
9 9 (0) 1 : 0.00000000099999999970 0.00000000099999999970 0.00000000099999999970 0.00000000099999999970 0.00000000099999999970 0.00000000099999999970 0.00000000099999999970 0.00000000099999999970 0.00000000099999999970 0.00000000099999999970 0.00000000099999999970 0.99999998799999989529 0.00000000099999999970
10 10 (0) 2 : 0.99999998800000033938 0.00000000099999999971 0.00000000099999999971 0.00000000099999999971 0.00000000099999999971 0.00000000099999999971 0.00000000099999999971 0.00000000099999999971 0.00000000099999999971 0.00000000099999999971 0.00000000099999999971 0.00000000099999999971 0.00000000099999999971
11 11 (0) 2 : 0.00000000099999999975 0.00000000099999999975 0.00000000099999999975 0.00000000099999999975 0.00000000099999999975 0.00000000099999999975 0.00000000099999999975 0.00000000099999999975 0.00000000099999999975 0.00000000099999999975 0.00000000099999999975 0.99999998800000000632 0.00000000099999999975
12 12 (0) 2 : 0.00000000099999999960 0.00000000099999999960 0.00000000099999999960 0.00000000099999999960 0.00000000099999999960 0.00000000099999999960 0.00000000099999999960 0.00000000099999999960 0.00000000099999999960 0.99999998800000011734 0.00000000099999999960 0.00000000099999999960 0.00000000099999999960
13 13 (0) 3 : 0.69778180025718772317 0.00000000099999999993 0.30221818874281258793 0.00000000099999999993 0.00000000099999999993 0.00000000099999999993 0.00000000099999999993 0.00000000099999999993 0.00000000099999999993 0.00000000099999999993 0.00000000099999999993 0.00000000099999999993 0.00000000099999999993
14 14 (0) 3 : 0.00000000099999999922 0.00000000099999999922 0.00000000099999999922 0.00000000099999999922 0.00000000099999999922 0.00000000099999999922 0.00000000099999999922 0.00000000099999999922 0.00000000099999999922 0.00000000099999999922 0.99999998799999989529 0.00000000099999999922 0.00000000099999999922
15 15 (0) 3 : 0.00000000099999999963 0.00000000099999999963 0.00000000099999999963 0.00000000099999999963 0.00000000099999999963 0.00000000099999999963 0.99999998800000011734 0.00000000099999999963 0.00000000099999999963 0.00000000099999999963 0.00000000099999999963 0.00000000099999999963 0.00000000099999999963
16 16 (0) 3 : 0.00000000099999999973 0.00000000099999999973 0.00000000099999999973 0.00000000099999999973 0.00000000099999999973 0.00000000099999999973 0.00000000099999999973 0.00000000099999999973 0.00000000099999999973 0.00000000099999999973 0.00000000099999999973 0.00000000099999999973 0.99999998800000000632
17 17 (0) 4 : 0.00000000099999999996 0.00000000099999999996 0.00000000099999999996 0.14597204936380817064 0.00000000099999999996 0.00000000099999999996 0.00000000099999999996 0.00000000099999999996 0.00000000099999999996 0.00000000099999999996 0.31338252376257047516 0.00000000099999999996 0.54064541687362133171
18 18 (0) 4 : 0.00000000099999999983 0.00000000099999999983 0.00000000099999999983 0.00000000099999999983 0.99999998800000011734 0.00000000099999999983 0.00000000099999999983 0.00000000099999999983 0.00000000099999999983 0.00000000099999999983 0.00000000099999999983 0.00000000099999999983 0.00000000099999999983
19 19 (0) 5 : 0.00000000099999999937 0.99999998800000033938 0.00000000099999999937 0.00000000099999999937 0.00000000099999999937 0.00000000099999999937 0.00000000099999999937 0.00000000099999999937 0.00000000099999999937 0.00000000099999999937 0.00000000099999999937 0.00000000099999999937 0.00000000099999999937
20 20 (0) 5 : 0.00000000099999999977 0.00000000099999999977 0.70134786584029951140 0.00000000099999999977 0.00000000099999999977 0.00000000099999999977 0.00000000099999999977 0.00000000099999999977 0.00000000099999999977 0.00000000099999999977 0.29865212315970063317 0.00000000099999999977 0.00000000099999999977
21 21 (0) 5 : 0.00000000099999999973 0.00000000099999999973 0.00000000099999999973 0.00000000099999999973 0.00000000099999999973 0.00000000099999999973 0.00000000099999999973 0.00000000099999999973 0.00000000099999999973 0.00000000099999999973 0.00000000099999999973 0.99999998799999989529 0.00000000099999999973
22 22 (0) 5 : 0.65607120874422863999 0.00000000099999999991 0.00000000099999999991 0.00000000099999999991 0.00000000099999999991 0.00000000099999999991 0.00000000099999999991 0.00000000099999999991 0.00000000099999999991 0.00000000099999999991 0.00000000099999999991 0.34392878025577150458 0.00000000099999999991
23 23 (0) 5 : 0.25853241291934830892 0.00000000099999999988 0.24753271645228755449 0.00000000099999999988 0.00000000099999999988 0.00000000099999999988 0.00000000099999999988 0.00000000099999999988 0.23324565453066681275 0.00000000099999999988 0.00000000099999999988 0.26068920709769743960 0.00000000099999999988
24 24 (0) 5 : 0.00000000099999999977 0.00000000099999999977 0.00000000099999999977 0.00000000099999999977 0.00000000099999999977 0.00000000099999999977 0.00000000099999999977 0.00000000099999999977 0.00000000099999999977 0.00000000099999999977 0.00000000099999999977 0.99999998799999989529 0.00000000099999999977
25 25 (0) 5 : 0.00000000099999999956 0.00000000099999999956 0.00000000099999999956 0.00000000099999999956 0.00000000099999999956 0.00000000099999999956 0.00000000099999999956 0.00000000099999999956 0.99999998800000011734 0.00000000099999999956 0.00000000099999999956 0.00000000099999999956 0.00000000099999999956
26 26 (0) 5 : 0.00000000099999999997 0.00029981737772724983 0.08037455323163279763 0.02764546549414847315 0.11827227180734482814 0.23828249026904790853 0.11091538963466066048 0.00000000099999999997 0.07587455789936875528 0.00000000099999999997 0.00000000099999999997 0.34833544928606924307 0.00000000099999999997
27 27 (0) 5 : 0.00000000099999999997 0.00000000099999999997 0.00000000099999999997 0.00000000099999999997 0.00000000099999999997 0.00000000099999999997 0.00958156573665851566 0.00000000099999999997 0.00000000099999999997 0.00000000099999999997 0.00000000099999999997 0.00000000099999999997 0.99041842326334150748
28 28 (0) 5 : 0.00000000099999999975 0.00000000099999999975 0.00000000099999999975 0.00000000099999999975 0.00000000099999999975 0.00000000099999999975 0.00000000099999999975 0.00000000099999999975 0.00000000099999999975 0.00000000099999999975 0.00000000099999999975 0.00000000099999999975 0.99999998799999989529
29 29 (0) 5 : 0.00000000099999999996 0.04547119841863905138 0.00000000099999999996 0.13395066341548081401 0.22157489436626615076 0.17313081527478779709 0.16012883682608505809 0.10315908010493131386 0.00000000099999999996 0.08984872814099489902 0.04273209654747503472 0.00000000099999999996 0.03000368290533995258
30 30 (0) 5 : 0.00000000099999999975 0.00000000099999999975 0.00000000099999999975 0.00000000099999999975 0.99999998800000022836 0.00000000099999999975 0.00000000099999999975 0.00000000099999999975 0.00000000099999999975 0.00000000099999999975 0.00000000099999999975 0.00000000099999999975 0.00000000099999999975
31 31 (0) 5 : 0.50215427460039474550 0.00000000099999999993 0.00000958194197253040 0.00000000099999999993 0.39011205623845790491 0.00000000099999999993 0.00000000099999999993 0.10772407821917499848 0.00000000099999999993 0.00000000099999999993 0.00000000099999999993 0.00000000099999999993 0.00000000099999999993
32 32 (0) 5 : 0.99999998800000033938 0.00000000099999999983 0.00000000099999999983 0.00000000099999999983 0.00000000099999999983 0.00000000099999999983 0.00000000099999999983 0.00000000099999999983 0.00000000099999999983 0.00000000099999999983 0.00000000099999999983 0.00000000099999999983 0.00000000099999999983
33 33 (0) 5 : 0.00000000099999999986 0.00000000099999999986 0.00000000099999999986 0.00000000099999999986 0.00000000099999999986 0.40769311961417398216 0.00000000099999999986 0.00000000099999999986 0.00000000099999999986 0.59230686938582599588 0.00000000099999999986 0.00000000099999999986 0.00000000099999999986
34 34 (0) 5 : 0.00000000099999999973 0.00000000099999999973 0.00000000099999999973 0.00000000099999999973 0.99999998800000022836 0.00000000099999999973 0.00000000099999999973 0.00000000099999999973 0.00000000099999999973 0.00000000099999999973 0.00000000099999999973 0.00000000099999999973 0.00000000099999999973
35 35 (0) 5 : 0.00000000099999999967 0.00000000099999999967 0.00000000099999999967 0.00000000099999999967 0.00000000099999999967 0.00000000099999999967 0.00000000099999999967 0.00000000099999999967 0.00000000099999999967 0.99999998800000011734 0.00000000099999999967 0.00000000099999999967 0.00000000099999999967
36 36 (0) 6 : 0.00000000099999999992 0.00000000099999999992 0.00000000099999999992 0.00000000099999999992 0.68646855969694631217 0.00000000099999999992 0.31353142930305399894 0.00000000099999999992 0.00000000099999999992 0.00000000099999999992 0.00000000099999999992 0.00000000099999999992 0.00000000099999999992
37 37 (0) 6 : 0.00000000099999999957 0.00000000099999999957 0.00000000099999999957 0.00000000099999999957 0.00000000099999999957 0.00000000099999999957 0.00000000099999999957 0.00000000099999999957 0.00000000099999999957 0.00000000099999999957 0.00000000099999999957 0.00000000099999999957 0.99999998800000000632
38 38 (0) 6 : 0.00000000099999999972 0.00000000099999999972 0.00000000099999999972 0.00000000099999999972 0.00000000099999999972 0.99999998800000022836 0.00000000099999999972 0.00000000099999999972 0.00000000099999999972 0.00000000099999999972 0.00000000099999999972 0.00000000099999999972 0.00000000099999999972
39 39 (0) 6 : 0.00000000099999999994 0.00000000099999999994 0.00000000099999999994 0.00000000099999999994 0.00000000099999999994 0.00000000099999999994 0.18764214679615451309 0.00000000099999999994 0.00000000099999999994 0.35514799248853018421 0.00000000099999999994 0.45720985071531511368 0.00000000099999999994
40 40 (0) 6 : 0.00000000099999999987 0.00000000099999999987 0.00000000099999999987 0.00000000099999999987 0.70572371990263249586 0.00000000099999999987 0.29427626909736753769 0.00000000099999999987 0.00000000099999999987 0.00000000099999999987 0.00000000099999999987 0.00000000099999999987 0.00000000099999999987
41 41 (0) 6 : 0.00000000099999999961 0.00000000099999999961 0.00000000099999999961 0.00000000099999999961 0.00000000099999999961 0.00000000099999999961 0.99999998800000011734 0.00000000099999999961 0.00000000099999999961 0.00000000099999999961 0.00000000099999999961 0.00000000099999999961 0.00000000099999999961
42 42 (0) 6 : 0.00000000099999999974 0.00000000099999999974 0.00000000099999999974 0.00000000099999999974 0.99999998800000022836 0.00000000099999999974 0.00000000099999999974 0.00000000099999999974 0.00000000099999999974 0.00000000099999999974 0.00000000099999999974 0.00000000099999999974 0.00000000099999999974
43 43 (0) 6 : 0.00000000099999999970 0.00000000099999999970 0.00000000099999999970 0.00000000099999999970 0.00000000099999999970 0.00000000099999999970 0.99999998800000011734 0.00000000099999999970 0.00000000099999999970 0.00000000099999999970 0.00000000099999999970 0.00000000099999999970 0.00000000099999999970
44 44 (0) 6 : 0.00000000099999999991 0.00000000099999999991 0.00000000099999999991 0.24838841291900515262 0.48449153962384650107 0.26711811829565834664 0.00000000099999999991 0.00000000099999999991 0.00000000099999999991 0.00000000099999999991 0.00000192016149020590 0.00000000099999999991 0.00000000099999999991
45 45 (0) 6 : 0.00000000099999999989 0.00000000099999999989 0.00000000099999999989 0.00000000099999999989 0.00000000099999999989 0.22612173548955502578 0.26798352221982219001 0.00000000099999999989 0.00000000099999999989 0.50589473229062276172 0.00000000099999999989 0.00000000099999999989 0.00000000099999999989
46 46 (0) 6 : 0.00000000099999999976 0.00000000099999999976 0.66423841000011107916 0.00000000099999999976 0.00000000099999999976 0.00000000099999999976 0.00000000099999999976 0.00000000099999999976 0.00000000099999999976 0.00000000099999999976 0.33576157899988906541 0.00000000099999999976 0.00000000099999999976
47 47 (0) 6 : 0.00000000099999999974 0.00000000099999999974 0.00000000099999999974 0.00000000099999999974 0.00000000099999999974 0.99999998800000011734 0.00000000099999999974 0.00000000099999999974 0.00000000099999999974 0.00000000099999999974 0.00000000099999999974 0.00000000099999999974 0.00000000099999999974
48 48 (0) 7 : 0.00000000099999999964 0.00000000099999999964 0.00000000099999999964 0.99999998800000011734 0.00000000099999999964 0.00000000099999999964 0.00000000099999999964 0.00000000099999999964 0.00000000099999999964 0.00000000099999999964 0.00000000099999999964 0.00000000099999999964 0.00000000099999999964
49 49 (0) 7 : 0.36619964048179481919 0.00000000099999999998 0.09533809440495800980 0.00000000099999999998 0.10361411661828917596 0.21187250763030798795 0.00000000099999999998 0.03396895501577771453 0.03898680030738983782 0.04871368722842567278 0.00000000099999999998 0.10130619331305684705 0.00000000099999999998
50 50 (0) 7 : 0.00000000099999999962 0.00000000099999999962 0.00000000099999999962 0.99999998800000011734 0.00000000099999999962 0.00000000099999999962 0.00000000099999999962 0.00000000099999999962 0.00000000099999999962 0.00000000099999999962 0.00000000099999999962 0.00000000099999999962 0.00000000099999999962
51 51 (0) 8 : 0.00000000099999999982 0.00000000099999999982 0.00000000099999999982 0.00000000099999999982 0.00000000099999999982 0.00000000099999999982 0.00000000099999999982 0.00000000099999999982 0.00000000099999999982 0.99999998800000011734 0.00000000099999999982 0.00000000099999999982 0.00000000099999999982
52 52 (0) 8 : 0.00000000099999999998 0.00000000099999999998 0.00000000099999999998 0.04205075574596729010 0.23730772894174986809 0.12186984339491578611 0.29348495181026901246 0.03804177933515588000 0.00000000099999999998 0.11977712567851414582 0.00000000099999999998 0.00000000099999999998 0.14746780909342807608
53 53 (0) 9 : 0.00000000099999999970 0.00000000099999999970 0.00000000099999999970 0.00000000099999999970 0.00000000099999999970 0.00000000099999999970 0.00000000099999999970 0.00000000099999999970 0.00000000099999999970 0.99999998800000011734 0.00000000099999999970 0.00000000099999999970 0.00000000099999999970
54 54 (0) 10 : 0.00000000099999999957 0.00000000099999999957 0.00000000099999999957 0.99999998800000011734 0.00000000099999999957 0.00000000099999999957 0.00000000099999999957 0.00000000099999999957 0.00000000099999999957 0.00000000099999999957 0.00000000099999999957 0.00000000099999999957 0.00000000099999999957
55 55 (0) 10 : 0.00000000099999999964 0.00000000099999999964 0.99999998800000011734 0.00000000099999999964 0.00000000099999999964 0.00000000099999999964 0.00000000099999999964 0.00000000099999999964 0.00000000099999999964 0.00000000099999999964 0.00000000099999999964 0.00000000099999999964 0.00000000099999999964
56 56 (0) 10 : 0.00000000099999999967 0.00000000099999999967 0.00000000099999999967 0.00000000099999999967 0.00000000099999999967 0.00000000099999999967 0.00000000099999999967 0.00000000099999999967 0.00000000099999999967 0.00000000099999999967 0.00000000099999999967 0.00000000099999999967 0.99999998799999989529
57 57 (0) 10 : 0.00000000099999999931 0.99999998800000022836 0.00000000099999999931 0.00000000099999999931 0.00000000099999999931 0.00000000099999999931 0.00000000099999999931 0.00000000099999999931 0.00000000099999999931 0.00000000099999999931 0.00000000099999999931 0.00000000099999999931 0.00000000099999999931
58 58 (0) 11 : 0.00000000099999999999 0.00000000099999999999 0.00000082399816562691 0.16571878901060191347 0.35518368557580665135 0.20270806882296565909 0.00000000099999999999 0.00065862007555792489 0.00000000099999999999 0.17402032450403162600 0.00000000099999999999 0.00000000099999999999 0.10170968201287063082
59 59 (0) 11 : 0.00000000099999999962 0.00000000099999999962 0.00000000099999999962 0.00000000099999999962 0.00000000099999999962 0.00000000099999999962 0.00000000099999999962 0.00000000099999999962 0.99999998800000011734 0.00000000099999999962 0.00000000099999999962 0.00000000099999999962 0.00000000099999999962
60 60 (0) 11 : 0.00000000099999999998 0.00000000099999999998 0.00000000099999999998 0.00000000099999999998 0.00000000099999999998 0.00000107256182920846 0.00000000099999999998 0.00000000099999999998 0.00000000099999999998 0.09572114299603300125 0.00000000099999999998 0.00000000099999999998 0.90427777444213774949
61 61 (0) 11 : 0.00000000099999999971 0.00000000099999999971 0.00000000099999999971 0.00000000099999999971 0.00000000099999999971 0.99999998800000022836 0.00000000099999999971 0.00000000099999999971 0.00000000099999999971 0.00000000099999999971 0.00000000099999999971 0.00000000099999999971 0.00000000099999999971
62 62 (0) 11 : 0.00000000099999999970 0.00000000099999999970 0.00000000099999999970 0.00000000099999999970 0.00000000099999999970 0.00000000099999999970 0.00000000099999999970 0.00000000099999999970 0.00000000099999999970 0.99999998800000000632 0.00000000099999999970 0.00000000099999999970 0.00000000099999999970
63 63 (0) 11 : 0.00000000099999999994 0.08116908626815995398 0.00000000099999999994 0.00000000099999999994 0.21639668412605603254 0.00000000099999999994 0.00001084880138514575 0.00000000099999999994 0.00000000099999999994 0.42292816611110251035 0.00000000099999999994 0.00000000099999999994 0.27949520669329636080
64 64 (0) 11 : 0.00000000099999999907 0.00000000099999999907 0.00000000099999999907 0.00000000099999999907 0.00000000099999999907 0.00000000099999999907 0.00000000099999999907 0.99999998800000011734 0.00000000099999999907 0.00000000099999999907 0.00000000099999999907 0.00000000099999999907 0.00000000099999999907
65 65 (0) 11 : 0.00000000099999999955 0.00000000099999999955 0.00000000099999999955 0.00000000099999999955 0.00000000099999999955 0.00000000099999999955 0.00000000099999999955 0.00000000099999999955 0.00000000099999999955 0.00000000099999999955 0.00000000099999999955 0.00000000099999999955 0.99999998800000000632
66 66 (0) 11 : 0.00000000099999999972 0.00000000099999999972 0.00000000099999999972 0.00000000099999999972 0.99999998800000022836 0.00000000099999999972 0.00000000099999999972 0.00000000099999999972 0.00000000099999999972 0.00000000099999999972 0.00000000099999999972 0.00000000099999999972 0.00000000099999999972
67 67 (0) 11 : 0.00000000099999999970 0.00000000099999999970 0.00000000099999999970 0.00000000099999999970 0.00000000099999999970 0.00000000099999999970 0.00000000099999999970 0.00000000099999999970 0.00000000099999999970 0.00000000099999999970 0.00000000099999999970 0.99999998799999989529 0.00000000099999999970
68 68 (0) 11 : 0.00000000099999999995 0.00000000099999999995 0.09859046117288604305 0.00000000099999999995 0.00000000099999999995 0.00000000099999999995 0.00000000099999999995 0.00000000099999999995 0.00000000099999999995 0.00000000099999999995 0.00000000099999999995 0.45090096542298435667 0.45050856340412970269
69 69 (0) 11 : 0.00000000099999999997 0.00000000099999999997 0.00000000099999999997 0.00000000099999999997 0.00000000099999999997 0.49483255171100937186 0.00000000099999999997 0.00000000099999999997 0.00000000099999999997 0.00000000099999999997 0.00000000099999999997 0.00000000099999999997 0.50516743728899038413
70 70 (0) 11 : 0.00000000099999999972 0.00000000099999999972 0.00000000099999999972 0.00000000099999999972 0.00000000099999999972 0.99999998800000022836 0.00000000099999999972 0.00000000099999999972 0.00000000099999999972 0.00000000099999999972 0.00000000099999999972 0.00000000099999999972 0.00000000099999999972
71 71 (0) 11 : 0.00000000099999999974 0.00000000099999999974 0.00000000099999999974 0.00000000099999999974 0.00000000099999999974 0.00000000099999999974 0.00000000099999999974 0.00000000099999999974 0.99999998800000000632 0.00000000099999999974 0.00000000099999999974 0.00000000099999999974 0.00000000099999999974
72 72 (0) 12 : 0.99999998800000022836 0.00000000099999999981 0.00000000099999999981 0.00000000099999999981 0.00000000099999999981 0.00000000099999999981 0.00000000099999999981 0.00000000099999999981 0.00000000099999999981 0.00000000099999999981 0.00000000099999999981 0.00000000099999999981 0.00000000099999999981
73 73 (0) 12 : 0.99999998800000022836 0.00000000099999999978 0.00000000099999999978 0.00000000099999999978 0.00000000099999999978 0.00000000099999999978 0.00000000099999999978 0.00000000099999999978 0.00000000099999999978 0.00000000099999999978 0.00000000099999999978 0.00000000099999999978 0.00000000099999999978
74 74 (0) 12 : 0.00000000099999999973 0.00000000099999999973 0.99999998800000022836 0.00000000099999999973 0.00000000099999999973 0.00000000099999999973 0.00000000099999999973 0.00000000099999999973 0.00000000099999999973 0.00000000099999999973 0.00000000099999999973 0.00000000099999999973 0.00000000099999999973
75 75 (0) 12 : 0.46135553683158608829 0.00000000099999999999 0.00000000099999999999 0.00000431199824660828 0.15067718404299956791 0.00000000099999999999 0.15610519814093395952 0.05065253421898569669 0.02572541141238431431 0.04459569156492435710 0.00000000099999999999 0.00000000099999999999 0.11088412678993933569
76 76 (0) 12 : 0.44605066693623923735 0.00000000099999999985 0.19100239656913969855 0.00000000099999999985 0.00000000099999999985 0.00000000099999999985 0.00000000099999999985 0.00000000099999999985 0.36294692649462140244 0.00000000099999999985 0.00000000099999999985 0.00000000099999999985 0.00000000099999999985
77 77 (0) 12 : 0.00000000099999999993 0.00000000099999999993 0.00000000099999999993 0.17479328528353033079 0.00000000099999999993 0.22573017472899783997 0.23103213606433947724 0.00000000099999999993 0.00000000099999999993 0.36844439492313246776 0.00000000099999999993 0.00000000099999999993 0.00000000099999999993
78 78 (0) 12 : 0.00000000099999999971 0.00000000099999999971 0.00000000099999999971 0.00000000099999999971 0.00000000099999999971 0.00000000099999999971 0.99999998800000011734 0.00000000099999999971 0.00000000099999999971 0.00000000099999999971 0.00000000099999999971 0.00000000099999999971 0.00000000099999999971
79 79 (0) 12 : 0.00000000099999999967 0.00000000099999999967 0.99999998800000022836 0.00000000099999999967 0.00000000099999999967 0.00000000099999999967 0.00000000099999999967 0.00000000099999999967 0.00000000099999999967 0.00000000099999999967 0.00000000099999999967 0.00000000099999999967 0.00000000099999999967
80 80 (0) 12 : 0.00000000099999999998 0.00000000099999999998 0.00000000099999999998 0.13696630710849175272 0.36069713995871499623 0.00000000099999999998 0.16307343249718553313 0.00444965628775845744 0.02650993222546664529 0.20639712754448802379 0.00000000099999999998 0.00000000099999999998 0.10190639837789476629
81 81 (0) 13 : 0.00000000099999999953 0.00000000099999999953 0.00000000099999999953 0.00000000099999999953 0.00000000099999999953 0.00000000099999999953 0.00000000099999999953 0.00000000099999999953 0.00000000099999999953 0.00000000099999999953 0.00000000099999999953 0.00000000099999999953 0.99999998800000000632
82 82 (0) 13 : 0.99999998800000033938 0.00000000099999999982 0.00000000099999999982 0.00000000099999999982 0.00000000099999999982 0.00000000099999999982 0.00000000099999999982 0.00000000099999999982 0.00000000099999999982 0.00000000099999999982 0.00000000099999999982 0.00000000099999999982 0.00000000099999999982
83 83 (0) 13 : 0.00000000099999999946 0.00000000099999999946 0.00000000099999999946 0.00000000099999999946 0.00000000099999999946 0.00000000099999999946 0.00000000099999999946 0.00000000099999999946 0.99999998800000011734 0.00000000099999999946 0.00000000099999999946 0.00000000099999999946 0.00000000099999999946
84 84 (0) 13 : 0.39846097864054408344 0.00000000099999999990 0.17184125695940954959 0.00000000099999999990 0.00000000099999999990 0.00000000099999999990 0.00000000099999999990 0.00000000099999999990 0.00000000099999999990 0.00000000099999999990 0.00000000099999999990 0.42969775440004642775 0.00000000099999999990
85 85 (0) 13 : 0.64458987659754163335 0.00000000099999999992 0.00000000099999999992 0.00000000099999999992 0.00000000099999999992 0.00000000099999999992 0.00000000099999999992 0.00000000099999999992 0.00000000099999999992 0.00000000099999999992 0.00000000099999999992 0.35541011240245851122 0.00000000099999999992
86 86 (0) 13 : 0.60957812426885160662 0.00000000099999999986 0.00000000099999999986 0.00000000099999999986 0.00000000099999999986 0.00000000099999999986 0.00000000099999999986 0.00000000099999999986 0.39042186473114876000 0.00000000099999999986 0.00000000099999999986 0.00000000099999999986 0.00000000099999999986
87 87 (0) 13 : 0.00000000099999999979 0.00000000099999999979 0.00000000099999999979 0.00000000099999999979 0.00000000099999999979 0.99999998800000022836 0.00000000099999999979 0.00000000099999999979 0.00000000099999999979 0.00000000099999999979 0.00000000099999999979 0.00000000099999999979 0.00000000099999999979
88 88 (0) 13 : 0.99999998800000033938 0.00000000099999999980 0.00000000099999999980 0.00000000099999999980 0.00000000099999999980 0.00000000099999999980 0.00000000099999999980 0.00000000099999999980 0.00000000099999999980 0.00000000099999999980 0.00000000099999999980 0.00000000099999999980 0.00000000099999999980
89 89 (0) 13 : 0.00000000099999999964 0.00000000099999999964 0.99999998800000011734 0.00000000099999999964 0.00000000099999999964 0.00000000099999999964 0.00000000099999999964 0.00000000099999999964 0.00000000099999999964 0.00000000099999999964 0.00000000099999999964 0.00000000099999999964 0.00000000099999999964
90 90 (0) 13 : 0.00000000099999999964 0.00000000099999999964 0.99999998800000022836 0.00000000099999999964 0.00000000099999999964 0.00000000099999999964 0.00000000099999999964 0.00000000099999999964 0.00000000099999999964 0.00000000099999999964 0.00000000099999999964 0.00000000099999999964 0.00000000099999999964
91 91 (0) 13 : 0.60000090340598499772 0.00000000099999999964 0.00000000099999999964 0.00000000099999999964 0.00000000099999999964 0.00000000099999999964 0.00000000099999999964 0.00000000099999999964 0.00000000099999999964 0.00000000099999999964 0.00000000099999999964 0.00000000099999999964 0.39999908559401536889
92 92 (0) 13 : 0.00000000099999999993 0.00000000099999999993 0.34271353854571107167 0.00000000099999999993 0.00000000099999999993 0.00000000099999999993 0.00000000099999999993 0.00000000099999999993 0.00000000099999999993 0.00000000099999999993 0.00000000099999999993 0.65728645045428857330 0.00000000099999999993
93 93 (0) 13 : 0.00000000099999999913 0.00000000099999999913 0.00000000099999999913 0.00000000099999999913 0.00000000099999999913 0.00000000099999999913 0.00000000099999999913 0.99999998800000011734 0.00000000099999999913 0.00000000099999999913 0.00000000099999999913 0.00000000099999999913 0.00000000099999999913
94 94 (0) 13 : 0.47132888606780176666 0.00000000099999999987 0.00000000099999999987 0.00000000099999999987 0.00000000099999999987 0.00000000099999999987 0.00000000099999999987 0.00000000099999999987 0.00000000099999999987 0.00000000099999999987 0.00000000099999999987 0.52867110293219787831 0.00000000099999999987
95 95 (0) 14 : 0.00000000099999999965 0.00000000099999999965 0.00000000099999999965 0.99999998800000022836 0.00000000099999999965 0.00000000099999999965 0.00000000099999999965 0.00000000099999999965 0.00000000099999999965 0.00000000099999999965 0.00000000099999999965 0.00000000099999999965 0.00000000099999999965
96 96 (0) 14 : 0.99999998800000033938 0.00000000099999999983 0.00000000099999999983 0.00000000099999999983 0.00000000099999999983 0.00000000099999999983 0.00000000099999999983 0.00000000099999999983 0.00000000099999999983 0.00000000099999999983 0.00000000099999999983 0.00000000099999999983 0.00000000099999999983
97 97 (0) 15 : 0.00000000099999999952 0.00000000099999999952 0.00000000099999999952 0.00000000099999999952 0.00000000099999999952 0.00000000099999999952 0.00000000099999999952 0.00000000099999999952 0.00000000099999999952 0.00000000099999999952 0.00000000099999999952 0.00000000099999999952 0.99999998799999989529
98 98 (0) 15 : 0.00000000099999999969 0.00000000099999999969 0.00000000099999999969 0.00000000099999999969 0.99999998800000022836 0.00000000099999999969 0.00000000099999999969 0.00000000099999999969 0.00000000099999999969 0.00000000099999999969 0.00000000099999999969 0.00000000099999999969 0.00000000099999999969
99 99 (0) 15 : 0.00000000099999999984 0.00000000099999999984 0.00000000099999999984 0.00000000099999999984 0.00000000099999999984 0.00000000099999999984 0.00000000099999999984 0.00000000099999999984 0.00000000099999999984 0.00000000099999999984 0.52794613385747435341 0.47205385514252562462 0.00000000099999999984
100 100 (0) 15 : 0.00000000099999999959 0.00000000099999999959 0.00000000099999999959 0.99999998800000022836 0.00000000099999999959 0.00000000099999999959 0.00000000099999999959 0.00000000099999999959 0.00000000099999999959 0.00000000099999999959 0.00000000099999999959 0.00000000099999999959 0.00000000099999999959
101 101 (0) 15 : 0.00000000099999999927 0.00000000099999999927 0.00000000099999999927 0.00000000099999999927 0.00000000099999999927 0.00000000099999999927 0.00000000099999999927 0.00000000099999999927 0.00000000099999999927 0.00000000099999999927 0.99999998800000000632 0.00000000099999999927 0.00000000099999999927
102 102 (0) 15 : 0.00000000099999999971 0.00000000099999999971 0.00000000099999999971 0.00000000099999999971 0.00000000099999999971 0.99999998800000022836 0.00000000099999999971 0.00000000099999999971 0.00000000099999999971 0.00000000099999999971 0.00000000099999999971 0.00000000099999999971 0.00000000099999999971
103 103 (0) 15 : 0.00000000099999999978 0.00000000099999999978 0.00000000099999999978 0.00000000099999999978 0.00000000099999999978 0.99999998800000011734 0.00000000099999999978 0.00000000099999999978 0.00000000099999999978 0.00000000099999999978 0.00000000099999999978 0.00000000099999999978 0.00000000099999999978
104 104 (0) 15 : 0.00000000099999999961 0.00000000099999999961 0.00000000099999999961 0.00000000099999999961 0.00000000099999999961 0.00000000099999999961 0.00000000099999999961 0.00000000099999999961 0.00000000099999999961 0.00000000099999999961 0.99999998800000000632 0.00000000099999999961 0.00000000099999999961
105 105 (0) 15 : 0.00000000099999999937 0.00000000099999999937 0.00000000099999999937 0.00000000099999999937 0.00000000099999999937 0.00000000099999999937 0.00000000099999999937 0.00000000099999999937 0.00000000099999999937 0.00000000099999999937 0.99999998800000000632 0.00000000099999999937 0.00000000099999999937
