1 1 (0) 1 : 0.00000000099999999860 0.00000000099999999860 0.00000000099999999860 0.00000000099999999860 0.00000000099999999860 0.00000000099999999860 0.00000000099999999860 0.00000000099999999860 0.00000000099999999860 0.00000000099999999860 0.00000000099999999860 0.00000000099999999860 0.00000000099999999860 0.00000000099999999860 0.00000000099999999860 0.99999998399999989740 0.00000000099999999860
2 2 (0) 1 : 0.18551258571585815815 0.13611577420962436835 0.00000000099999999952 0.00000000099999999952 0.04837573242927049183 0.00000000099999999952 0.00000000099999999952 0.00000000099999999952 0.00000000099999999952 0.31410364741120094800 0.13660595197787861466 0.00000000099999999952 0.00000000099999999952 0.00000000099999999952 0.10435346170663928334 0.07493283654952809236 0.00000000099999999952
3 3 (0) 1 : 0.00000000099999999895 0.00000000099999999895 0.00000000099999999895 0.00000000099999999895 0.00000000099999999895 0.00000000099999999895 0.00000000099999999895 0.00000000099999999895 0.00000000099999999895 0.00000000099999999895 0.00000000099999999895 0.00000000099999999895 0.00000000099999999895 0.00000000099999999895 0.99999998399999989740 0.00000000099999999895 0.00000000099999999895
4 4 (0) 1 : 0.00000000099999999931 0.00000000099999999931 0.00000000099999999931 0.00000000099999999931 0.00000000099999999931 0.00000000099999999931 0.00000000099999999931 0.00000000099999999931 0.00000000099999999931 0.00000000099999999931 0.32373260853984092700 0.00000000099999999931 0.00000000099999999931 0.00000000099999999931 0.67626711400145689268 0.00000026345870216417 0.00000000099999999931
5 5 (0) 1 : 0.00000000099999999911 0.00000000099999999911 0.00000000099999999911 0.00000000099999999911 0.00000000099999999911 0.00000000099999999911 0.00000000099999999911 0.00000000099999999911 0.00000000099999999911 0.99999998400000023047 0.00000000099999999911 0.00000000099999999911 0.00000000099999999911 0.00000000099999999911 0.00000000099999999911 0.00000000099999999911 0.00000000099999999911
6 6 (0) 1 : 0.00000000099999999890 0.00000000099999999890 0.00000000099999999890 0.00000000099999999890 0.00000000099999999890 0.00000000099999999890 0.00000000099999999890 0.00000000099999999890 0.00000000099999999890 0.00000000099999999890 0.00000000099999999890 0.00000000099999999890 0.00000000099999999890 0.00000000099999999890 0.99999998399999989740 0.00000000099999999890 0.00000000099999999890
7 7 (0) 2 : 0.00000000099999999875 0.00000000099999999875 0.00000000099999999875 0.00000000099999999875 0.00000000099999999875 0.00000000099999999875 0.00000000099999999875 0.00000000099999999875 0.00000000099999999875 0.99999998400000011944 0.00000000099999999875 0.00000000099999999875 0.00000000099999999875 0.00000000099999999875 0.00000000099999999875 0.00000000099999999875 0.00000000099999999875
8 8 (0) 2 : 0.00000000099999999921 0.00000000099999999921 0.00000000099999999921 0.00000000099999999921 0.00000000099999999921 0.00000000099999999921 0.00000000099999999921 0.00000000099999999921 0.00000000099999999921 0.00000000099999999921 0.00000000099999999921 0.00000000099999999921 0.00000000099999999921 0.00000000099999999921 0.99999998399999989740 0.00000000099999999921 0.00000000099999999921
9 9 (0) 2 : 0.36603855608382868114 0.00000126850340080595 0.00000000099999999990 0.00000000099999999990 0.08314807536444127067 0.07392359661406189275 0.00000000099999999990 0.00000000099999999990 0.00000000099999999990 0.26434790924427387093 0.08378732872103543394 0.00000000099999999990 0.00000000099999999990 0.00000000099999999990 0.03296207762976413602 0.09579117883919395504 0.00000000099999999990
10 10 (0) 2 : 0.00000000099999999896 0.00000000099999999896 0.00000000099999999896 0.00000000099999999896 0.47703379987484106906 0.00000000099999999896 0.00000000099999999896 0.00000000099999999896 0.00000000099999999896 0.52296618512515891108 0.00000000099999999896 0.00000000099999999896 0.00000000099999999896 0.00000000099999999896 0.00000000099999999896 0.00000000099999999896 0.00000000099999999896
11 11 (0) 2 : 0.00000000099999999851 0.00000000099999999851 0.00000000099999999851 0.00000000099999999851 0.00000000099999999851 0.00000000099999999851 0.00000000099999999851 0.00000000099999999851 0.00000000099999999851 0.00000000099999999851 0.00000000099999999851 0.00000000099999999851 0.00000000099999999851 0.00000000099999999851 0.99999998399999978638 0.00000000099999999851 0.00000000099999999851
12 12 (0) 2 : 0.00000000099999999890 0.00000000099999999890 0.00000000099999999890 0.00000000099999999890 0.13630799904212120843 0.00000000099999999890 0.00000000099999999890 0.00000000099999999890 0.00000000099999999890 0.18866989556158875185 0.12414333561679559426 0.00000000099999999890 0.00000000099999999890 0.00000000099999999890 0.55087875677949416087 0.00000000099999999890 0.00000000099999999890
13 13 (0) 2 : 0.00000000099999999963 0.15801214027306334509 0.00000000099999999963 0.00000000099999999963 0.00000000099999999963 0.00000000099999999963 0.00000000099999999963 0.00000000099999999963 0.00000000099999999963 0.00000000099999999963 0.00000000099999999963 0.00000000099999999963 0.00000000099999999963 0.00000000099999999963 0.84198784472693677383 0.00000000099999999963 0.00000000099999999963
14 14 (0) 3 : 0.00000000099999999878 0.00000000099999999878 0.00000000099999999878 0.00000000099999999878 0.00000000099999999878 0.00000000099999999878 0.00000000099999999878 0.00000000099999999878 0.00000000099999999878 0.00000000099999999878 0.00000000099999999878 0.00000000099999999878 0.00000000099999999878 0.99999998400000000842 0.00000000099999999878 0.00000000099999999878 0.00000000099999999878
15 15 (0) 3 : 0.00000000099999999924 0.00000000099999999924 0.00000000099999999924 0.00000000099999999924 0.00000000099999999924 0.00000000099999999924 0.99999998400000023047 0.00000000099999999924 0.00000000099999999924 0.00000000099999999924 0.00000000099999999924 0.00000000099999999924 0.00000000099999999924 0.00000000099999999924 0.00000000099999999924 0.00000000099999999924 0.00000000099999999924
16 16 (0) 3 : 0.00000000099999999898 0.00000000099999999898 0.00000000099999999898 0.00000000099999999898 0.00000000099999999898 0.00000000099999999898 0.00000000099999999898 0.00000000099999999898 0.00000000099999999898 0.00000000099999999898 0.00000000099999999898 0.00000000099999999898 0.99999998399999989740 0.00000000099999999898 0.00000000099999999898 0.00000000099999999898 0.00000000099999999898
17 17 (0) 3 : 0.00000000099999999947 0.00000000099999999947 0.07265636020448977550 0.00000000172979406835 0.00000000099999999947 0.16384614326456078959 0.21961373225983801816 0.00000025181460891491 0.00000000099999999947 0.00000000099999999947 0.00000000099999999947 0.30420320681829227105 0.00000002088235456538 0.02601832974050979908 0.00000000099999999947 0.00000000099999999947 0.21366194528555190746
18 18 (0) 3 : 0.00000000099999999903 0.00000000099999999903 0.00000000099999999903 0.00000000099999999903 0.00000000099999999903 0.00000000099999999903 0.00000000099999999903 0.00000000099999999903 0.00000000099999999903 0.00000000099999999903 0.00000000099999999903 0.99999998400000000842 0.00000000099999999903 0.00000000099999999903 0.00000000099999999903 0.00000000099999999903 0.00000000099999999903
19 19 (0) 3 : 0.00000000099999999900 0.00000000099999999900 0.00000000099999999900 0.00000000099999999900 0.00000000099999999900 0.00000000099999999900 0.00000000099999999900 0.00000000099999999900 0.00000000099999999900 0.00000000099999999900 0.00000000099999999900 0.99999998400000000842 0.00000000099999999900 0.00000000099999999900 0.00000000099999999900 0.00000000099999999900 0.00000000099999999900
20 20 (0) 3 : 0.00000000099999999890 0.00000000099999999890 0.00000000099999999890 0.99999998400000023047 0.00000000099999999890 0.00000000099999999890 0.00000000099999999890 0.00000000099999999890 0.00000000099999999890 0.00000000099999999890 0.00000000099999999890 0.00000000099999999890 0.00000000099999999890 0.00000000099999999890 0.00000000099999999890 0.00000000099999999890 0.00000000099999999890
21 21 (0) 3 : 0.00000000099999999901 0.00000000099999999901 0.00000000099999999901 0.00000000099999999901 0.00000000099999999901 0.00000000099999999901 0.00000000099999999901 0.00000000099999999901 0.00000000099999999901 0.00000000099999999901 0.00000000099999999901 0.00000000099999999901 0.99999998400000000842 0.00000000099999999901 0.00000000099999999901 0.00000000099999999901 0.00000000099999999901
22 22 (0) 3 : 0.00000000099999999908 0.00000000099999999908 0.00000000099999999908 0.00000000099999999908 0.00000000099999999908 0.00000000099999999908 0.99999998400000011944 0.00000000099999999908 0.00000000099999999908 0.00000000099999999908 0.00000000099999999908 0.00000000099999999908 0.00000000099999999908 0.00000000099999999908 0.00000000099999999908 0.00000000099999999908 0.00000000099999999908
23 23 (0) 3 : 0.00000000099999999908 0.00000000099999999908 0.00000000099999999908 0.00000000099999999908 0.00000000099999999908 0.00000000099999999908 0.99999998400000023047 0.00000000099999999908 0.00000000099999999908 0.00000000099999999908 0.00000000099999999908 0.00000000099999999908 0.00000000099999999908 0.00000000099999999908 0.00000000099999999908 0.00000000099999999908 0.00000000099999999908
24 24 (0) 3 : 0.00000000099999999930 0.00000000099999999930 0.00000000099999999930 0.12248795986435802308 0.00000000099999999930 0.00000098127333763113 0.51715744727706847161 0.09152498409329695717 0.00000000099999999930 0.00000000099999999930 0.00000000099999999930 0.26791227931580507970 0.00000000099999999930 0.00000001805367145512 0.00000000099999999930 0.00000000099999999930 0.00091632012246271996
25 25 (0) 3 : 0.00000000099999999900 0.99999998400000023047 0.00000000099999999900 0.00000000099999999900 0.00000000099999999900 0.00000000099999999900 0.00000000099999999900 0.00000000099999999900 0.00000000099999999900 0.00000000099999999900 0.00000000099999999900 0.00000000099999999900 0.00000000099999999900 0.00000000099999999900 0.00000000099999999900 0.00000000099999999900 0.00000000099999999900
26 26 (0) 4 : 0.00000000099999999908 0.00000000099999999908 0.00000000099999999908 0.00000000099999999908 0.00000000099999999908 0.00000000099999999908 0.00000000099999999908 0.00000000099999999908 0.00000000099999999908 0.99999998400000023047 0.00000000099999999908 0.00000000099999999908 0.00000000099999999908 0.00000000099999999908 0.00000000099999999908 0.00000000099999999908 0.00000000099999999908
27 27 (0) 4 : 0.00000000099999999902 0.00000000099999999902 0.00000000099999999902 0.00000000099999999902 0.00000000099999999902 0.00000000099999999902 0.00000000099999999902 0.00000000099999999902 0.00000000099999999902 0.00000000099999999902 0.00000000099999999902 0.99999998400000011944 0.00000000099999999902 0.00000000099999999902 0.00000000099999999902 0.00000000099999999902 0.00000000099999999902
28 28 (0) 4 : 0.00000000099999999897 0.00000000099999999897 0.00000000099999999897 0.00000000099999999897 0.00000000099999999897 0.00000000099999999897 0.00000000099999999897 0.00000000099999999897 0.00000000099999999897 0.00000000099999999897 0.00000000099999999897 0.99999998400000000842 0.00000000099999999897 0.00000000099999999897 0.00000000099999999897 0.00000000099999999897 0.00000000099999999897
29 29 (0) 4 : 0.00000000099999999860 0.00000000099999999860 0.00000000099999999860 0.00000000099999999860 0.00000000099999999860 0.00000000099999999860 0.00000000099999999860 0.00000000099999999860 0.00000000099999999860 0.00000000099999999860 0.00000000099999999860 0.00000000099999999860 0.00000000099999999860 0.00000000099999999860 0.00000000099999999860 0.99999998399999989740 0.00000000099999999860
30 30 (0) 4 : 0.00000000099999999921 0.00000000099999999921 0.00000000099999999921 0.45231287728192193232 0.00000000099999999921 0.00000000099999999921 0.54768710771807826987 0.00000000099999999921 0.00000000099999999921 0.00000000099999999921 0.00000000099999999921 0.00000000099999999921 0.00000000099999999921 0.00000000099999999921 0.00000000099999999921 0.00000000099999999921 0.00000000099999999921
31 31 (0) 4 : 0.00000000099999999850 0.00000000099999999850 0.00000000099999999850 0.00000000099999999850 0.00000000099999999850 0.00000000099999999850 0.00000000099999999850 0.00000000099999999850 0.00000000099999999850 0.00000000099999999850 0.00000000099999999850 0.00000000099999999850 0.00000000099999999850 0.00000000099999999850 0.00000000099999999850 0.00000000099999999850 0.99999998400000000842
32 32 (0) 4 : 0.14389222929589942646 0.00000000099999999998 0.07887058421352302617 0.05011144029993580551 0.06177670079923306551 0.01947589865534275072 0.13774812532355587558 0.00000000099999999998 0.05200458547714522511 0.14748154236736613076 0.07528992194895402223 0.08662594025846062640 0.01551722011374440276 0.04015237450427129595 0.02093233296406787555 0.04670401391973943300 0.02341708785876100637
33 33 (0) 4 : 0.00000000099999999870 0.00000000099999999870 0.00000000099999999870 0.99999998400000023047 0.00000000099999999870 0.00000000099999999870 0.00000000099999999870 0.00000000099999999870 0.00000000099999999870 0.00000000099999999870 0.00000000099999999870 0.00000000099999999870 0.00000000099999999870 0.00000000099999999870 0.00000000099999999870 0.00000000099999999870 0.00000000099999999870
34 34 (0) 4 : 0.00000000099999999876 0.00000000099999999876 0.00000000099999999876 0.00000000099999999876 0.00000000099999999876 0.00000000099999999876 0.00000000099999999876 0.99999998400000011944 0.00000000099999999876 0.00000000099999999876 0.00000000099999999876 0.00000000099999999876 0.00000000099999999876 0.00000000099999999876 0.00000000099999999876 0.00000000099999999876 0.00000000099999999876
35 35 (0) 4 : 0.00000000099999999863 0.00000000099999999863 0.00000000099999999863 0.00000000099999999863 0.00000000099999999863 0.00000000099999999863 0.00000000099999999863 0.99999998400000000842 0.00000000099999999863 0.00000000099999999863 0.00000000099999999863 0.00000000099999999863 0.00000000099999999863 0.00000000099999999863 0.00000000099999999863 0.00000000099999999863 0.00000000099999999863
36 36 (0) 4 : 0.00000000099999999908 0.00000000099999999908 0.00000000099999999908 0.00000000099999999908 0.00000000099999999908 0.00000000099999999908 0.99999998400000023047 0.00000000099999999908 0.00000000099999999908 0.00000000099999999908 0.00000000099999999908 0.00000000099999999908 0.00000000099999999908 0.00000000099999999908 0.00000000099999999908 0.00000000099999999908 0.00000000099999999908
37 37 (0) 4 : 0.00000000099999999911 0.00000000099999999911 0.00000000099999999911 0.00000000099999999911 0.00000000099999999911 0.24003478969634434170 0.00000000099999999911 0.00000000099999999911 0.00000000099999999911 0.00000000099999999911 0.00000000099999999911 0.00000000099999999911 0.75996519530365580497 0.00000000099999999911 0.00000000099999999911 0.00000000099999999911 0.00000000099999999911
38 38 (0) 4 : 0.00000000099999999886 0.00000000099999999886 0.00000000099999999886 0.00000000099999999886 0.00000000099999999886 0.00000000099999999886 0.00000000099999999886 0.00000000099999999886 0.00000000099999999886 0.00000000099999999886 0.00000000099999999886 0.00000000099999999886 0.99999998400000000842 0.00000000099999999886 0.00000000099999999886 0.00000000099999999886 0.00000000099999999886
39 39 (0) 4 : 0.00000000099999999831 0.00000000099999999831 0.00000000099999999831 0.00000000099999999831 0.99999998400000023047 0.00000000099999999831 0.00000000099999999831 0.00000000099999999831 0.00000000099999999831 0.00000000099999999831 0.00000000099999999831 0.00000000099999999831 0.00000000099999999831 0.00000000099999999831 0.00000000099999999831 0.00000000099999999831 0.00000000099999999831
40 40 (0) 5 : 0.00000000099999999933 0.00000000099999999933 0.00000000099999999933 0.00000000099999999933 0.00000000099999999933 0.33859174146149234597 0.00000000099999999933 0.00000000099999999933 0.32992558712949571209 0.00000000099999999933 0.00000000099999999933 0.00000000099999999933 0.33148265740901206033 0.00000000099999999933 0.00000000099999999933 0.00000000099999999933 0.00000000099999999933
41 41 (0) 5 : 0.00000000099999999936 0.00000000099999999936 0.00000000099999999936 0.00000000099999999936 0.00000000099999999936 0.04616416393606589952 0.29479117829114259708 0.06238015679926513235 0.00000000099999999936 0.00000000099999999936 0.00000000099999999936 0.18530987882848865000 0.41135461014503765798 0.00000000099999999936 0.00000000099999999936 0.00000000099999999936 0.00000000099999999936
42 42 (0) 5 : 0.00000000099999999860 0.00000000099999999860 0.00000000099999999860 0.00000000099999999860 0.00000000099999999860 0.99999998400000023047 0.00000000099999999860 0.00000000099999999860 0.00000000099999999860 0.00000000099999999860 0.00000000099999999860 0.00000000099999999860 0.00000000099999999860 0.00000000099999999860 0.00000000099999999860 0.00000000099999999860 0.00000000099999999860
43 43 (0) 5 : 0.00000000099999999872 0.00000000099999999872 0.00000000099999999872 0.00000000099999999872 0.00000000099999999872 0.00000000099999999872 0.00000000099999999872 0.00000000099999999872 0.00000000099999999872 0.99999998400000000842 0.00000000099999999872 0.00000000099999999872 0.00000000099999999872 0.00000000099999999872 0.00000000099999999872 0.00000000099999999872 0.00000000099999999872
44 44 (0) 5 : 0.00000000099999999903 0.00000000099999999903 0.00000000099999999903 0.00000000099999999903 0.00000000099999999903 0.00000000099999999903 0.99999998400000023047 0.00000000099999999903 0.00000000099999999903 0.00000000099999999903 0.00000000099999999903 0.00000000099999999903 0.00000000099999999903 0.00000000099999999903 0.00000000099999999903 0.00000000099999999903 0.00000000099999999903
45 45 (0) 5 : 0.00000000099999999911 0.00000000099999999911 0.00000000099999999911 0.00000000099999999911 0.00000000099999999911 0.00000000099999999911 0.00000000099999999911 0.00000000099999999911 0.00000000099999999911 0.00000000099999999911 0.00000000099999999911 0.00000000099999999911 0.99999998400000011944 0.00000000099999999911 0.00000000099999999911 0.00000000099999999911 0.00000000099999999911
46 46 (0) 5 : 0.00000000099999999845 0.00000000099999999845 0.00000000099999999845 0.00000000099999999845 0.00000000099999999845 0.00000000099999999845 0.00000000099999999845 0.00000000099999999845 0.00000000099999999845 0.00000000099999999845 0.00000000099999999845 0.00000000099999999845 0.00000000099999999845 0.00000000099999999845 0.00000000099999999845 0.00000000099999999845 0.99999998399999989740
47 47 (0) 5 : 0.00000000099999999872 0.00000000099999999872 0.00000000099999999872 0.00000000099999999872 0.00000000099999999872 0.00000000099999999872 0.00000000099999999872 0.99999998400000000842 0.00000000099999999872 0.00000000099999999872 0.00000000099999999872 0.00000000099999999872 0.00000000099999999872 0.00000000099999999872 0.00000000099999999872 0.00000000099999999872 0.00000000099999999872
48 48 (0) 5 : 0.00000000099999999869 0.00000000099999999869 0.00000000099999999869 0.00000000099999999869 0.00000000099999999869 0.00000000099999999869 0.00000000099999999869 0.00000000099999999869 0.00000000099999999869 0.00000000099999999869 0.00000000099999999869 0.00000000099999999869 0.00000000099999999869 0.99999998400000000842 0.00000000099999999869 0.00000000099999999869 0.00000000099999999869
49 49 (0) 5 : 0.00000000099999999880 0.00000000099999999880 0.00000000099999999880 0.00000000099999999880 0.00000000099999999880 0.00000000099999999880 0.00000000099999999880 0.00000000099999999880 0.00000000099999999880 0.99999998400000000842 0.00000000099999999880 0.00000000099999999880 0.00000000099999999880 0.00000000099999999880 0.00000000099999999880 0.00000000099999999880 0.00000000099999999880
50 50 (0) 5 : 0.00000000099999999942 0.00000000099999999942 0.00000000099999999942 0.00000000099999999942 0.00000000099999999942 0.00000000099999999942 0.31162622538638462544 0.00000000099999999942 0.00000000099999999942 0.00000000099999999942 0.00000000099999999942 0.00221072336720493654 0.35775951054255822337 0.07452032141057104986 0.00000000099999999942 0.00000000099999999942 0.25388320729328101022
51 51 (0) 5 : 0.00000000099999999854 0.00000000099999999854 0.00000000099999999854 0.00000000099999999854 0.00000000099999999854 0.00000000099999999854 0.00000000099999999854 0.00000000099999999854 0.00000000099999999854 0.00000000099999999854 0.99999998399999989740 0.00000000099999999854 0.00000000099999999854 0.00000000099999999854 0.00000000099999999854 0.00000000099999999854 0.00000000099999999854
52 52 (0) 5 : 0.00000000099999999847 0.00000000099999999847 0.00000000099999999847 0.00000000099999999847 0.00000000099999999847 0.00000000099999999847 0.00000000099999999847 0.00000000099999999847 0.00000000099999999847 0.00000000099999999847 0.99999998399999989740 0.00000000099999999847 0.00000000099999999847 0.00000000099999999847 0.00000000099999999847 0.00000000099999999847 0.00000000099999999847
53 53 (0) 6 : 0.00000000099999999837 0.00000000099999999837 0.00000000099999999837 0.00000000099999999837 0.00000000099999999837 0.00000000099999999837 0.00000000099999999837 0.00000000099999999837 0.00000000099999999837 0.00000000099999999837 0.00000000099999999837 0.00000000099999999837 0.00000000099999999837 0.00000000099999999837 0.00000000099999999837 0.99999998399999989740 0.00000000099999999837
54 54 (0) 6 : 0.00000000099999999843 0.00000000099999999843 0.00000000099999999843 0.00000000099999999843 0.00000000099999999843 0.99999998400000023047 0.00000000099999999843 0.00000000099999999843 0.00000000099999999843 0.00000000099999999843 0.00000000099999999843 0.00000000099999999843 0.00000000099999999843 0.00000000099999999843 0.00000000099999999843 0.00000000099999999843 0.00000000099999999843
55 55 (0) 6 : 0.99999998400000034149 0.00000000099999999944 0.00000000099999999944 0.00000000099999999944 0.00000000099999999944 0.00000000099999999944 0.00000000099999999944 0.00000000099999999944 0.00000000099999999944 0.00000000099999999944 0.00000000099999999944 0.00000000099999999944 0.00000000099999999944 0.00000000099999999944 0.00000000099999999944 0.00000000099999999944 0.00000000099999999944
56 56 (0) 6 : 0.00000000099999999946 0.99999998400000034149 0.00000000099999999946 0.00000000099999999946 0.00000000099999999946 0.00000000099999999946 0.00000000099999999946 0.00000000099999999946 0.00000000099999999946 0.00000000099999999946 0.00000000099999999946 0.00000000099999999946 0.00000000099999999946 0.00000000099999999946 0.00000000099999999946 0.00000000099999999946 0.00000000099999999946
57 57 (0) 6 : 0.00000000099999999909 0.99999998400000045251 0.00000000099999999909 0.00000000099999999909 0.00000000099999999909 0.00000000099999999909 0.00000000099999999909 0.00000000099999999909 0.00000000099999999909 0.00000000099999999909 0.00000000099999999909 0.00000000099999999909 0.00000000099999999909 0.00000000099999999909 0.00000000099999999909 0.00000000099999999909 0.00000000099999999909
58 58 (0) 6 : 0.00000000099999999928 0.99999998400000045251 0.00000000099999999928 0.00000000099999999928 0.00000000099999999928 0.00000000099999999928 0.00000000099999999928 0.00000000099999999928 0.00000000099999999928 0.00000000099999999928 0.00000000099999999928 0.00000000099999999928 0.00000000099999999928 0.00000000099999999928 0.00000000099999999928 0.00000000099999999928 0.00000000099999999928
59 59 (0) 6 : 0.00000000099999999869 0.00000000099999999869 0.99999998400000023047 0.00000000099999999869 0.00000000099999999869 0.00000000099999999869 0.00000000099999999869 0.00000000099999999869 0.00000000099999999869 0.00000000099999999869 0.00000000099999999869 0.00000000099999999869 0.00000000099999999869 0.00000000099999999869 0.00000000099999999869 0.00000000099999999869 0.00000000099999999869
60 60 (0) 6 : 0.00000000099999999921 0.00000000099999999921 0.00000000099999999921 0.00000000099999999921 0.00000000099999999921 0.00000000099999999921 0.99999998400000011944 0.00000000099999999921 0.00000000099999999921 0.00000000099999999921 0.00000000099999999921 0.00000000099999999921 0.00000000099999999921 0.00000000099999999921 0.00000000099999999921 0.00000000099999999921 0.00000000099999999921
61 61 (0) 6 : 0.00000000099999999897 0.00000000099999999897 0.00000000099999999897 0.99999998400000023047 0.00000000099999999897 0.00000000099999999897 0.00000000099999999897 0.00000000099999999897 0.00000000099999999897 0.00000000099999999897 0.00000000099999999897 0.00000000099999999897 0.00000000099999999897 0.00000000099999999897 0.00000000099999999897 0.00000000099999999897 0.00000000099999999897
62 62 (0) 6 : 0.00000000099999999906 0.00000000099999999906 0.00000000099999999906 0.00000000099999999906 0.00000000099999999906 0.00000000099999999906 0.00000000099999999906 0.00000000099999999906 0.00000000099999999906 0.00000000099999999906 0.00000000099999999906 0.99999998400000011944 0.00000000099999999906 0.00000000099999999906 0.00000000099999999906 0.00000000099999999906 0.00000000099999999906
63 63 (0) 6 : 0.37777861998074130367 0.07799671581575595702 0.00000000099999999995 0.00000000099999999995 0.03793818237922125247 0.04520432293129209717 0.00000000099999999995 0.00000000099999999995 0.00000000099999999995 0.26342361683825354923 0.11363898915579494220 0.00000000099999999995 0.00000000099999999995 0.00000000099999999995 0.03413004315765250790 0.04988950074128841589 0.00000000099999999995
64 64 (0) 7 : 0.99999998400000023047 0.00000000099999999881 0.00000000099999999881 0.00000000099999999881 0.00000000099999999881 0.00000000099999999881 0.00000000099999999881 0.00000000099999999881 0.00000000099999999881 0.00000000099999999881 0.00000000099999999881 0.00000000099999999881 0.00000000099999999881 0.00000000099999999881 0.00000000099999999881 0.00000000099999999881 0.00000000099999999881
65 65 (0) 7 : 0.99999998400000034149 0.00000000099999999861 0.00000000099999999861 0.00000000099999999861 0.00000000099999999861 0.00000000099999999861 0.00000000099999999861 0.00000000099999999861 0.00000000099999999861 0.00000000099999999861 0.00000000099999999861 0.00000000099999999861 0.00000000099999999861 0.00000000099999999861 0.00000000099999999861 0.00000000099999999861 0.00000000099999999861
66 66 (0) 7 : 0.72547859979862316937 0.00000000099999999946 0.00000000099999999946 0.00000000099999999946 0.00000000099999999946 0.00000000099999999946 0.00000000099999999946 0.00000000099999999946 0.00000000099999999946 0.27452138520137725486 0.00000000099999999946 0.00000000099999999946 0.00000000099999999946 0.00000000099999999946 0.00000000099999999946 0.00000000099999999946 0.00000000099999999946
67 67 (0) 7 : 0.99999998400000045251 0.00000000099999999935 0.00000000099999999935 0.00000000099999999935 0.00000000099999999935 0.00000000099999999935 0.00000000099999999935 0.00000000099999999935 0.00000000099999999935 0.00000000099999999935 0.00000000099999999935 0.00000000099999999935 0.00000000099999999935 0.00000000099999999935 0.00000000099999999935 0.00000000099999999935 0.00000000099999999935
68 68 (0) 8 : 0.00000000099999999923 0.00000000099999999923 0.00000000099999999923 0.00000000099999999923 0.00000000099999999923 0.00000000099999999923 0.00000000099999999923 0.00000000099999999923 0.99999998400000023047 0.00000000099999999923 0.00000000099999999923 0.00000000099999999923 0.00000000099999999923 0.00000000099999999923 0.00000000099999999923 0.00000000099999999923 0.00000000099999999923
69 69 (0) 8 : 0.00000000099999999905 0.00000000099999999905 0.99999998400000034149 0.00000000099999999905 0.00000000099999999905 0.00000000099999999905 0.00000000099999999905 0.00000000099999999905 0.00000000099999999905 0.00000000099999999905 0.00000000099999999905 0.00000000099999999905 0.00000000099999999905 0.00000000099999999905 0.00000000099999999905 0.00000000099999999905 0.00000000099999999905
70 70 (0) 8 : 0.00000000099999999876 0.00000000099999999876 0.00000000099999999876 0.00000000099999999876 0.00000000099999999876 0.00000000099999999876 0.00000000099999999876 0.00000000099999999876 0.00000000099999999876 0.00000000099999999876 0.00000000099999999876 0.00000000099999999876 0.00000000099999999876 0.99999998400000000842 0.00000000099999999876 0.00000000099999999876 0.00000000099999999876
71 71 (0) 8 : 0.00000000099999999931 0.00000000099999999931 0.00000000099999999931 0.00000000099999999931 0.00000000099999999931 0.00000000099999999931 0.00000000099999999931 0.00000000099999999931 0.99999998400000023047 0.00000000099999999931 0.00000000099999999931 0.00000000099999999931 0.00000000099999999931 0.00000000099999999931 0.00000000099999999931 0.00000000099999999931 0.00000000099999999931
72 72 (0) 8 : 0.00000000099999999939 0.00000000099999999939 0.00000000099999999939 0.00000000099999999939 0.00000000099999999939 0.00000000099999999939 0.00000000099999999939 0.00000000099999999939 0.99999998400000023047 0.00000000099999999939 0.00000000099999999939 0.00000000099999999939 0.00000000099999999939 0.00000000099999999939 0.00000000099999999939 0.00000000099999999939 0.00000000099999999939
73 73 (0) 8 : 0.00000000099999999980 0.99999998400000045251 0.00000000099999999980 0.00000000099999999980 0.00000000099999999980 0.00000000099999999980 0.00000000099999999980 0.00000000099999999980 0.00000000099999999980 0.00000000099999999980 0.00000000099999999980 0.00000000099999999980 0.00000000099999999980 0.00000000099999999980 0.00000000099999999980 0.00000000099999999980 0.00000000099999999980
74 74 (0) 9 : 0.51099610058702304993 0.08633291036699065890 0.00000000099999999988 0.00000000099999999988 0.13649054876114286028 0.05660512397808249718 0.00000000099999999988 0.00000000099999999988 0.00000000099999999988 0.03631250666942829192 0.00016840416034003848 0.00000000099999999988 0.00000000099999999988 0.00000000099999999988 0.06822941885979699750 0.10486497761719597299 0.00000000099999999988
75 75 (0) 9 : 0.37374604162555358222 0.06238057978774737972 0.00000000099999999988 0.00000000099999999988 0.07841547716466361340 0.00000000099999999988 0.00000000099999999988 0.00000000099999999988 0.00000000099999999988 0.26213832199871023310 0.11990358273930827593 0.00000000099999999988 0.00000000099999999988 0.03692097461414137194 0.00341321890621775099 0.06308179416365783387 0.00000000099999999988
76 76 (0) 10 : 0.99999998400000034149 0.00000000099999999872 0.00000000099999999872 0.00000000099999999872 0.00000000099999999872 0.00000000099999999872 0.00000000099999999872 0.00000000099999999872 0.00000000099999999872 0.00000000099999999872 0.00000000099999999872 0.00000000099999999872 0.00000000099999999872 0.00000000099999999872 0.00000000099999999872 0.00000000099999999872 0.00000000099999999872
77 77 (0) 11 : 0.00000000099999999861 0.00000000099999999861 0.00000000099999999861 0.00000000099999999861 0.00000000099999999861 0.00000000099999999861 0.00000000099999999861 0.00000000099999999861 0.00000000099999999861 0.00000000099999999861 0.99999998400000000842 0.00000000099999999861 0.00000000099999999861 0.00000000099999999861 0.00000000099999999861 0.00000000099999999861 0.00000000099999999861
78 78 (0) 12 : 0.00000000099999999832 0.00000000099999999832 0.00000000099999999832 0.00000000099999999832 0.99999998400000023047 0.00000000099999999832 0.00000000099999999832 0.00000000099999999832 0.00000000099999999832 0.00000000099999999832 0.00000000099999999832 0.00000000099999999832 0.00000000099999999832 0.00000000099999999832 0.00000000099999999832 0.00000000099999999832 0.00000000099999999832
79 79 (0) 13 : 0.00000000099999999993 0.52733999642868190083 0.21738485365583068432 0.00000000099999999993 0.00000000099999999993 0.00000900478935992275 0.00000000099999999993 0.00000000099999999993 0.25526613212612758730 0.00000000099999999993 0.00000000099999999993 0.00000000099999999993 0.00000000099999999993 0.00000000099999999993 0.00000000099999999993 0.00000000099999999993 0.00000000099999999993
80 80 (0) 13 : 0.00000000099999999877 0.00000000099999999877 0.00000000099999999877 0.00000000099999999877 0.00000000099999999877 0.00000000099999999877 0.00000000099999999877 0.00000000099999999877 0.99999998400000011944 0.00000000099999999877 0.00000000099999999877 0.00000000099999999877 0.00000000099999999877 0.00000000099999999877 0.00000000099999999877 0.00000000099999999877 0.00000000099999999877
