1:	0.2190 0.0767 0.0227 0.4634 0.0000 0.0000 0.0000 0.0000 0.0000 0.0309 0.0000 0.0000 0.0000 0.1792 0.0081 0.0000 0.0000 	6
2:	0.2823 0.0297 0.0226 0.4894 0.0000 0.0000 0.0000 0.0000 0.0106 0.0523 0.0000 0.0000 0.0000 0.0137 0.0995 0.0000 0.0000 	7
3:	0.0000 0.0000 0.0833 0.0000 0.0076 0.0935 0.0855 0.2143 0.0137 0.0000 0.1667 0.3114 0.0000 0.0000 0.0000 0.0179 0.0061 	12
4:	0.0820 0.0054 0.0000 0.0015 0.1429 0.1073 0.0029 0.1490 0.0185 0.0103 0.1268 0.1204 0.0037 0.0748 0.0758 0.0731 0.0056 	14
5:	0.1538 0.1538 0.0000 0.0000 0.0817 0.0000 0.0827 0.0144 0.1065 0.0000 0.1616 0.1236 0.0254 0.0000 0.0000 0.0965 0.0000 	13
6:	0.0239 0.0103 0.2798 0.0031 0.0000 0.0909 0.0000 0.0909 0.0950 0.1253 0.0000 0.0909 0.0000 0.0954 0.0034 0.0000 0.0909 	11
7:	0.0686 0.0000 0.0000 0.0000 0.0000 0.0000 0.0000 0.0000 0.0000 0.9314 0.0000 0.0000 0.0000 0.0000 0.0000 0.0000 0.0000 	4
8:	0.0000 0.0000 0.1667 0.0000 0.0000 0.0000 0.1667 0.0000 0.0000 0.0000 0.0000 0.0000 0.5000 0.0000 0.0000 0.0000 0.1667 	6
9:	0.1492 0.0601 0.0743 0.0358 0.0000 0.0000 0.0185 0.0000 0.0283 0.4424 0.0000 0.0000 0.0000 0.0840 0.1075 0.0000 0.0000 	2
10:	0.0000 0.0000 0.0000 0.0000 0.0000 0.0000 0.0000 0.0000 0.0000 1.0000 0.0000 0.0000 0.0000 0.0000 0.0000 0.0000 0.0000 	1
11:	0.0000 1.0000 0.0000 0.0000 0.0000 0.0000 0.0000 0.0000 0.0000 0.0000 0.0000 0.0000 0.0000 0.0000 0.0000 0.0000 0.0000 	1
12:	0.0000 0.0000 0.0000 0.0000 0.0000 0.0000 0.0000 0.0000 0.0000 0.0000 0.0000 0.0000 0.0000 0.0000 1.0000 0.0000 0.0000 	1
13:	0.0000 0.0000 0.2636 0.0000 0.0000 0.0000 0.0000 0.0000 0.0000 0.0000 0.0000 0.0000 0.6277 0.0000 0.0000 0.0000 0.1087 	2
