1 1 (0) 1 : 0.00000000099999999969 0.00000000099999999969 0.00000000099999999969 0.00000000099999999969 0.00000000099999999969 0.00000000099999999969 0.00000000099999999969 0.00000000099999999969 0.00000000099999999969 0.00000000099999999969 0.99999998699999992358 0.00000000099999999969 0.00000000099999999969 0.00000000099999999969
2 2 (0) 1 : 0.00000003177284705429 0.00000000099999999996 0.00000000099999999996 0.00000000099999999996 0.03630773848387555680 0.16333412574823685803 0.28740486851688579195 0.00000000908856959623 0.01791492119769599184 0.00000000099999999996 0.00000046486392564796 0.00000000099999999996 0.49503783432796355513 0.00000000099999999996
3 3 (0) 1 : 0.99999998700000036767 0.00000000099999999960 0.00000000099999999960 0.00000000099999999960 0.00000000099999999960 0.00000000099999999960 0.00000000099999999960 0.00000000099999999960 0.00000000099999999960 0.00000000099999999960 0.00000000099999999960 0.00000000099999999960 0.00000000099999999960 0.00000000099999999960
4 4 (0) 1 : 0.00000000099999999953 0.99999998700000036767 0.00000000099999999953 0.00000000099999999953 0.00000000099999999953 0.00000000099999999953 0.00000000099999999953 0.00000000099999999953 0.00000000099999999953 0.00000000099999999953 0.00000000099999999953 0.00000000099999999953 0.00000000099999999953 0.00000000099999999953
5 5 (0) 1 : 0.99999998700000036767 0.00000000099999999962 0.00000000099999999962 0.00000000099999999962 0.00000000099999999962 0.00000000099999999962 0.00000000099999999962 0.00000000099999999962 0.00000000099999999962 0.00000000099999999962 0.00000000099999999962 0.00000000099999999962 0.00000000099999999962 0.00000000099999999962
6 6 (0) 1 : 0.00000000099999999969 0.00000000099999999969 0.00000000099999999969 0.00000000099999999969 0.00000000099999999969 0.00000000099999999969 0.00000000099999999969 0.00000000099999999969 0.00000000099999999969 0.00000000099999999969 0.00000000099999999969 0.00000000099999999969 0.00000000099999999969 0.99999998699999992358
7 7 (0) 1 : 0.00000000099999999960 0.00000000099999999960 0.99999998700000014562 0.00000000099999999960 0.00000000099999999960 0.00000000099999999960 0.00000000099999999960 0.00000000099999999960 0.00000000099999999960 0.00000000099999999960 0.00000000099999999960 0.00000000099999999960 0.00000000099999999960 0.00000000099999999960
8 8 (0) 1 : 0.00000000099999999971 0.00000000099999999971 0.00000000099999999971 0.00000000099999999971 0.00000000099999999971 0.00000000099999999971 0.99999998700000014562 0.00000000099999999971 0.00000000099999999971 0.00000000099999999971 0.00000000099999999971 0.00000000099999999971 0.00000000099999999971 0.00000000099999999971
9 9 (0) 1 : 0.00000000099999999961 0.99999998700000036767 0.00000000099999999961 0.00000000099999999961 0.00000000099999999961 0.00000000099999999961 0.00000000099999999961 0.00000000099999999961 0.00000000099999999961 0.00000000099999999961 0.00000000099999999961 0.00000000099999999961 0.00000000099999999961 0.00000000099999999961
10 10 (0) 2 : 0.00000000099999999953 0.00000000099999999953 0.00000000099999999953 0.00000000099999999953 0.00000000099999999953 0.00000000099999999953 0.00000000099999999953 0.00000000099999999953 0.00000000099999999953 0.00000000099999999953 0.99999998699999992358 0.00000000099999999953 0.00000000099999999953 0.00000000099999999953
11 11 (0) 2 : 0.00000000099999999954 0.99999998700000036767 0.00000000099999999954 0.00000000099999999954 0.00000000099999999954 0.00000000099999999954 0.00000000099999999954 0.00000000099999999954 0.00000000099999999954 0.00000000099999999954 0.00000000099999999954 0.00000000099999999954 0.00000000099999999954 0.00000000099999999954
12 12 (0) 2 : 0.00000000099999999954 0.00000000099999999954 0.00000000099999999954 0.00000000099999999954 0.00000000099999999954 0.99999998700000025664 0.00000000099999999954 0.00000000099999999954 0.00000000099999999954 0.00000000099999999954 0.00000000099999999954 0.00000000099999999954 0.00000000099999999954 0.00000000099999999954
13 13 (0) 3 : 0.00000000099999999968 0.00000000099999999968 0.00000000099999999968 0.00000000099999999968 0.00000000099999999968 0.00000000099999999968 0.00000000099999999968 0.00000000099999999968 0.00000000099999999968 0.00000000099999999968 0.99999998699999992358 0.00000000099999999968 0.00000000099999999968 0.00000000099999999968
14 14 (0) 3 : 0.00000000099999999915 0.00000000099999999915 0.00000000099999999915 0.00000000099999999915 0.99999998700000014562 0.00000000099999999915 0.00000000099999999915 0.00000000099999999915 0.00000000099999999915 0.00000000099999999915 0.00000000099999999915 0.00000000099999999915 0.00000000099999999915 0.00000000099999999915
15 15 (0) 3 : 0.00000000099999999954 0.00000000099999999954 0.00000000099999999954 0.00000000099999999954 0.00000000099999999954 0.00000000099999999954 0.00000000099999999954 0.00000000099999999954 0.00000000099999999954 0.00000000099999999954 0.00000000099999999954 0.99999998699999992358 0.00000000099999999954 0.00000000099999999954
16 16 (0) 3 : 0.00000000099999999970 0.00000000099999999970 0.00000000099999999970 0.99999998700000025664 0.00000000099999999970 0.00000000099999999970 0.00000000099999999970 0.00000000099999999970 0.00000000099999999970 0.00000000099999999970 0.00000000099999999970 0.00000000099999999970 0.00000000099999999970 0.00000000099999999970
17 17 (0) 4 : 0.00000000099999999996 0.00000000099999999996 0.00000000099999999996 0.57950805460712129236 0.42049022346242631576 0.00000171093045258213 0.00000000099999999996 0.00000000099999999996 0.00000000099999999996 0.00000000099999999996 0.00000000099999999996 0.00000000099999999996 0.00000000099999999996 0.00000000099999999996
18 18 (0) 4 : 0.00000000099999999993 0.00000000099999999993 0.00000000099999999993 0.00000000099999999993 0.00000000099999999993 0.21720273564876813044 0.00000000099999999993 0.00000000099999999993 0.00000000099999999993 0.00000000099999999993 0.00000000099999999993 0.43787343384875532237 0.00000000099999999993 0.34492381950247652522
19 19 (0) 5 : 0.00000000099999999986 0.00000000099999999986 0.00000000099999999986 0.00000000099999999986 0.00000000099999999986 0.00000000099999999986 0.00000000099999999986 0.00000000099999999986 0.00000000099999999986 0.00000000099999999986 0.00000000099999999986 0.39512600283994120387 0.36640959395449768099 0.23846439220556106542
20 20 (0) 5 : 0.00000000099999999877 0.00000000099999999877 0.00000000099999999877 0.00000000099999999877 0.00000000099999999877 0.00000000099999999877 0.00000000099999999877 0.99999998700000003460 0.00000000099999999877 0.00000000099999999877 0.00000000099999999877 0.00000000099999999877 0.00000000099999999877 0.00000000099999999877
21 21 (0) 5 : 0.00000000099999999949 0.00000000099999999949 0.00000000099999999949 0.00000000099999999949 0.00000000099999999949 0.00000000099999999949 0.00000000099999999949 0.00000000099999999949 0.00000000099999999949 0.99999998700000003460 0.00000000099999999949 0.00000000099999999949 0.00000000099999999949 0.00000000099999999949
22 22 (0) 5 : 0.46338232899055215031 0.22271106350367020354 0.00000000099999999993 0.00000000099999999993 0.00000000099999999993 0.00000000099999999993 0.00000000099999999993 0.00000000099999999993 0.00000000099999999993 0.00000000099999999993 0.30600565042738436805 0.00000000099999999993 0.00000000099999999993 0.00790094707839365459
23 23 (0) 5 : 0.00000000099999999945 0.00000000099999999945 0.00000000099999999945 0.00000000099999999945 0.00000000099999999945 0.00000000099999999945 0.00000000099999999945 0.00000000099999999945 0.00000000099999999945 0.99999998700000003460 0.00000000099999999945 0.00000000099999999945 0.00000000099999999945 0.00000000099999999945
24 24 (0) 5 : 0.00000000099999999961 0.99999998700000025664 0.00000000099999999961 0.00000000099999999961 0.00000000099999999961 0.00000000099999999961 0.00000000099999999961 0.00000000099999999961 0.00000000099999999961 0.00000000099999999961 0.00000000099999999961 0.00000000099999999961 0.00000000099999999961 0.00000000099999999961
25 25 (0) 5 : 0.35047186191161722180 0.00000000099999999990 0.00000000099999999990 0.00000000099999999990 0.00000000099999999990 0.00000000099999999990 0.00000000099999999990 0.00000000099999999990 0.00000000099999999990 0.00000000099999999990 0.64952812608838250696 0.00000000099999999990 0.00000000099999999990 0.00000000099999999990
26 26 (0) 5 : 0.00000000099999999989 0.00000000099999999989 0.00000000099999999989 0.00000000099999999989 0.00000000099999999989 0.00000000099999999989 0.00000000099999999989 0.00000000099999999989 0.00000000099999999989 0.54505785628838598900 0.00000000099999999989 0.45494213171161418385 0.00000000099999999989 0.00000000099999999989
27 27 (0) 5 : 0.00000000099999999996 0.00000000099999999996 0.00000000099999999996 0.99999998700000025664 0.00000000099999999996 0.00000000099999999996 0.00000000099999999996 0.00000000099999999996 0.00000000099999999996 0.00000000099999999996 0.00000000099999999996 0.00000000099999999996 0.00000000099999999996 0.00000000099999999996
28 28 (0) 5 : 0.00000000099999999972 0.00000000099999999972 0.00000000099999999972 0.99999998700000025664 0.00000000099999999972 0.00000000099999999972 0.00000000099999999972 0.00000000099999999972 0.00000000099999999972 0.00000000099999999972 0.00000000099999999972 0.00000000099999999972 0.00000000099999999972 0.00000000099999999972
29 29 (0) 5 : 0.00000000099999999980 0.00000000099999999980 0.00000000099999999980 0.00000000099999999980 0.00000000099999999980 0.00000000099999999980 0.00000000099999999980 0.00000000099999999980 0.00000000099999999980 0.00000000099999999980 0.00000000099999999980 0.00000000099999999980 0.99999998699999992358 0.00000000099999999980
30 30 (0) 5 : 0.00000000099999999962 0.00000000099999999962 0.00000000099999999962 0.00000000099999999962 0.00000000099999999962 0.99999998700000025664 0.00000000099999999962 0.00000000099999999962 0.00000000099999999962 0.00000000099999999962 0.00000000099999999962 0.00000000099999999962 0.00000000099999999962 0.00000000099999999962
31 31 (0) 5 : 0.00000000099999999993 0.00000000099999999993 0.19910861913601130002 0.00000000099999999993 0.00000000099999999993 0.13392424410331579820 0.00000000099999999993 0.02908742726982774252 0.20283914487613236011 0.00000000099999999993 0.07751840410518809343 0.00000000099999999993 0.35752215250952462666 0.00000000099999999993
32 32 (0) 5 : 0.32626599269831629835 0.00000000099999999993 0.20496957306425991896 0.00000000099999999993 0.00000000099999999993 0.00000000099999999993 0.00000000099999999993 0.06201287595345985476 0.40675154828396414830 0.00000000099999999993 0.00000000099999999993 0.00000000099999999993 0.00000000099999999993 0.00000000099999999993
33 33 (0) 5 : 0.00000000099999999970 0.00000000099999999970 0.00000000099999999970 0.00000000099999999970 0.00000000099999999970 0.00000000099999999970 0.99999998700000003460 0.00000000099999999970 0.00000000099999999970 0.00000000099999999970 0.00000000099999999970 0.00000000099999999970 0.00000000099999999970 0.00000000099999999970
34 34 (0) 5 : 0.00000000099999999977 0.00000000099999999977 0.00000000099999999977 0.00000000099999999977 0.00000000099999999977 0.00000000099999999977 0.00000000099999999977 0.00000000099999999977 0.00000000099999999977 0.00000000099999999977 0.00000000099999999977 0.00000000099999999977 0.99999998700000003460 0.00000000099999999977
35 35 (0) 5 : 0.00000000099999999980 0.00000000099999999980 0.00000000099999999980 0.00000000099999999980 0.00000000099999999980 0.00000000099999999980 0.00000000099999999980 0.00000000099999999980 0.00000000099999999980 0.00000000099999999980 0.00000000099999999980 0.00000000099999999980 0.99999998700000003460 0.00000000099999999980
36 36 (0) 6 : 0.00000000099999999974 0.00000000099999999974 0.00000000099999999974 0.00000000099999999974 0.00000000099999999974 0.00000000099999999974 0.99999998700000003460 0.00000000099999999974 0.00000000099999999974 0.00000000099999999974 0.00000000099999999974 0.00000000099999999974 0.00000000099999999974 0.00000000099999999974
37 37 (0) 6 : 0.00000000099999999953 0.00000000099999999953 0.00000000099999999953 0.99999998700000014562 0.00000000099999999953 0.00000000099999999953 0.00000000099999999953 0.00000000099999999953 0.00000000099999999953 0.00000000099999999953 0.00000000099999999953 0.00000000099999999953 0.00000000099999999953 0.00000000099999999953
38 38 (0) 6 : 0.00000000099999999950 0.00000000099999999950 0.00000000099999999950 0.00000000099999999950 0.00000000099999999950 0.00000000099999999950 0.00000000099999999950 0.00000000099999999950 0.00000000099999999950 0.00000000099999999950 0.00000000099999999950 0.99999998699999992358 0.00000000099999999950 0.00000000099999999950
39 39 (0) 6 : 0.00000000099999999995 0.16562482967402072931 0.06872613333327683149 0.00000000099999999995 0.00000000099999999995 0.21559726064571868576 0.00034438255794339148 0.00000000099999999995 0.21734392952529729692 0.00000011232864261532 0.00000000099999999995 0.00000000099999999995 0.00000000099999999995 0.33236334493510055754
40 40 (0) 6 : 0.00000000099999999970 0.00000000099999999970 0.00000000099999999970 0.00000000099999999970 0.00000000099999999970 0.00000000099999999970 0.00000000099999999970 0.00000000099999999970 0.00000000099999999970 0.00000000099999999970 0.00000000099999999970 0.00000000099999999970 0.00000000099999999970 0.99999998699999992358
41 41 (0) 6 : 0.00000000099999999968 0.00000000099999999968 0.00000000099999999968 0.00000000099999999968 0.00000000099999999968 0.00000000099999999968 0.99999998700000014562 0.00000000099999999968 0.00000000099999999968 0.00000000099999999968 0.00000000099999999968 0.00000000099999999968 0.00000000099999999968 0.00000000099999999968
42 42 (0) 6 : 0.00000000099999999994 0.00000000099999999994 0.00000000099999999994 0.00000000099999999994 0.00497380959930987694 0.16544576447376019290 0.00000000099999999994 0.00000000099999999994 0.00000000099999999994 0.00000000099999999994 0.07440369223454246228 0.00000000099999999994 0.29623293088356800196 0.45894379380881950015
43 43 (0) 6 : 0.00000000099999999972 0.00000000099999999972 0.00000000099999999972 0.00000000099999999972 0.00000000099999999972 0.00000000099999999972 0.00000000099999999972 0.00000000099999999972 0.00000000099999999972 0.00000000099999999972 0.00000000099999999972 0.00000000099999999972 0.00000000099999999972 0.99999998699999992358
44 44 (0) 6 : 0.00000000099999999964 0.00000000099999999964 0.00000000099999999964 0.00000000099999999964 0.00000000099999999964 0.00000000099999999964 0.00000000099999999964 0.00000000099999999964 0.00000000099999999964 0.00000000099999999964 0.00000000099999999964 0.00000000099999999964 0.00000000099999999964 0.99999998700000003460
45 45 (0) 6 : 0.00000000099999999956 0.00000000099999999956 0.00000000099999999956 0.00000000099999999956 0.00000000099999999956 0.99999998700000025664 0.00000000099999999956 0.00000000099999999956 0.00000000099999999956 0.00000000099999999956 0.00000000099999999956 0.00000000099999999956 0.00000000099999999956 0.00000000099999999956
46 46 (0) 6 : 0.00000000099999999890 0.00000000099999999890 0.00000000099999999890 0.00000000099999999890 0.00000000099999999890 0.00000000099999999890 0.00000000099999999890 0.99999998700000003460 0.00000000099999999890 0.00000000099999999890 0.00000000099999999890 0.00000000099999999890 0.00000000099999999890 0.00000000099999999890
47 47 (0) 6 : 0.00000000099999999989 0.00000000099999999989 0.00000000099999999989 0.00000000099999999989 0.00000000099999999989 0.00000000099999999989 0.00000000099999999989 0.00000000099999999989 0.00000000099999999989 0.00000000099999999989 0.00000000099999999989 0.22963869323438587666 0.77036129476561399088 0.00000000099999999989
48 48 (0) 7 : 0.00000000099999999982 0.00000000099999999982 0.00000000099999999982 0.00000000099999999982 0.00000000099999999982 0.00000000099999999982 0.00000000099999999982 0.00000000099999999982 0.00000000099999999982 0.00000000099999999982 0.00000000099999999982 0.00000000099999999982 0.99999998700000003460 0.00000000099999999982
49 49 (0) 7 : 0.15440622066785844591 0.00000000099999999999 0.15274656800961924907 0.00000000099999999999 0.00000000099999999999 0.00017121770648558773 0.00000000099999999999 0.02753471897783858410 0.18002444271826795186 0.10166484020675571609 0.00245377885034090597 0.00000000099999999999 0.38099820686283358828 0.00000000099999999999
50 50 (0) 7 : 0.00000000099999999958 0.00000000099999999958 0.00000000099999999958 0.00000000099999999958 0.00000000099999999958 0.00000000099999999958 0.00000000099999999958 0.00000000099999999958 0.00000000099999999958 0.00000000099999999958 0.00000000099999999958 0.99999998699999992358 0.00000000099999999958 0.00000000099999999958
51 51 (0) 8 : 0.00000000099999999992 0.00000000099999999992 0.00000000099999999992 0.03603057246448516937 0.00000000099999999992 0.28537428750669363575 0.67859512902882135332 0.00000000099999999992 0.00000000099999999992 0.00000000099999999992 0.00000000099999999992 0.00000000099999999992 0.00000000099999999992 0.00000000099999999992
52 52 (0) 8 : 0.00000000099999999995 0.00000000099999999995 0.00000000099999999995 0.15968833377369487381 0.00000000099999999995 0.00000011162529700453 0.45736740203520581671 0.00000000099999999995 0.00000000099999999995 0.00000000099999999995 0.00000000099999999995 0.00000000099999999995 0.38294414256580250333 0.00000000099999999995
53 53 (0) 9 : 0.00000000099999999969 0.00000000099999999969 0.00000000099999999969 0.00000000099999999969 0.00000000099999999969 0.00000000099999999969 0.99999998700000014562 0.00000000099999999969 0.00000000099999999969 0.00000000099999999969 0.00000000099999999969 0.00000000099999999969 0.00000000099999999969 0.00000000099999999969
54 54 (0) 10 : 0.00000000099999999960 0.00000000099999999960 0.00000000099999999960 0.00000000099999999960 0.00000000099999999960 0.00000000099999999960 0.00000000099999999960 0.00000000099999999960 0.00000000099999999960 0.00000000099999999960 0.00000000099999999960 0.00000000099999999960 0.00000000099999999960 0.99999998699999992358
55 55 (0) 10 : 0.00000000099999999954 0.99999998700000036767 0.00000000099999999954 0.00000000099999999954 0.00000000099999999954 0.00000000099999999954 0.00000000099999999954 0.00000000099999999954 0.00000000099999999954 0.00000000099999999954 0.00000000099999999954 0.00000000099999999954 0.00000000099999999954 0.00000000099999999954
56 56 (0) 10 : 0.00000000099999999962 0.00000000099999999962 0.00000000099999999962 0.99999998700000025664 0.00000000099999999962 0.00000000099999999962 0.00000000099999999962 0.00000000099999999962 0.00000000099999999962 0.00000000099999999962 0.00000000099999999962 0.00000000099999999962 0.00000000099999999962 0.00000000099999999962
57 57 (0) 10 : 0.00000000099999999948 0.00000000099999999948 0.00000000099999999948 0.00000000099999999948 0.00000000099999999948 0.00000000099999999948 0.00000000099999999948 0.00000000099999999948 0.00000000099999999948 0.00000000099999999948 0.00000000099999999948 0.99999998700000003460 0.00000000099999999948 0.00000000099999999948
58 58 (0) 11 : 0.00936171829009706594 0.00000000099999999999 0.00000000099999999999 0.09064669594602864366 0.00000000099999999999 0.21571406424553593584 0.25183526628479868670 0.00000000099999999999 0.00000000099999999999 0.00000000099999999999 0.00000000099999999999 0.00000000099999999999 0.19528657514762615133 0.23715567208591345483
59 59 (0) 11 : 0.00000000099999999977 0.00000000099999999977 0.00000000099999999977 0.00000000099999999977 0.00000000099999999977 0.00000000099999999977 0.00000000099999999977 0.00000000099999999977 0.00000000099999999977 0.00000000099999999977 0.99999998699999992358 0.00000000099999999977 0.00000000099999999977 0.00000000099999999977
60 60 (0) 11 : 0.00000000099999999997 0.00000000099999999997 0.00000000099999999997 0.90300389549558213176 0.00000000099999999997 0.09699609250441801334 0.00000000099999999997 0.00000000099999999997 0.00000000099999999997 0.00000000099999999997 0.00000000099999999997 0.00000000099999999997 0.00000000099999999997 0.00000000099999999997
61 61 (0) 11 : 0.00000000099999999960 0.00000000099999999960 0.00000000099999999960 0.00000000099999999960 0.00000000099999999960 0.00000000099999999960 0.99999998700000014562 0.00000000099999999960 0.00000000099999999960 0.00000000099999999960 0.00000000099999999960 0.00000000099999999960 0.00000000099999999960 0.00000000099999999960
62 62 (0) 11 : 0.00000000099999999988 0.00000000099999999988 0.00000000099999999988 0.00000000099999999988 0.00000000099999999988 0.40213261560398044780 0.00000000099999999988 0.00000000099999999988 0.00000000099999999988 0.00000000099999999988 0.00000000099999999988 0.00000000099999999988 0.59786737239601939198 0.00000000099999999988
63 63 (0) 11 : 0.00000000099999999990 0.00000000099999999990 0.00000000099999999990 0.26115404627528437942 0.00000000099999999990 0.47961843105784568442 0.25922751166687002522 0.00000000099999999990 0.00000000099999999990 0.00000000099999999990 0.00000000099999999990 0.00000000099999999990 0.00000000099999999990 0.00000000099999999990
64 64 (0) 11 : 0.00000000099999999980 0.00000000099999999980 0.00000000099999999980 0.00000000099999999980 0.00000000099999999980 0.00000000099999999980 0.00000000099999999980 0.00000000099999999980 0.00000000099999999980 0.00000000099999999980 0.00000000099999999980 0.00000000099999999980 0.99999998699999992358 0.00000000099999999980
65 65 (0) 11 : 0.00000000099999999950 0.00000000099999999950 0.00000000099999999950 0.99999998700000025664 0.00000000099999999950 0.00000000099999999950 0.00000000099999999950 0.00000000099999999950 0.00000000099999999950 0.00000000099999999950 0.00000000099999999950 0.00000000099999999950 0.00000000099999999950 0.00000000099999999950
66 66 (0) 11 : 0.00000000099999999956 0.00000000099999999956 0.00000000099999999956 0.00000000099999999956 0.00000000099999999956 0.99999998700000014562 0.00000000099999999956 0.00000000099999999956 0.00000000099999999956 0.00000000099999999956 0.00000000099999999956 0.00000000099999999956 0.00000000099999999956 0.00000000099999999956
67 67 (0) 11 : 0.99999998700000025664 0.00000000099999999961 0.00000000099999999961 0.00000000099999999961 0.00000000099999999961 0.00000000099999999961 0.00000000099999999961 0.00000000099999999961 0.00000000099999999961 0.00000000099999999961 0.00000000099999999961 0.00000000099999999961 0.00000000099999999961 0.00000000099999999961
68 68 (0) 11 : 0.55750506763002005695 0.00000000099999999994 0.00000000099999999994 0.44249492036998011590 0.00000000099999999994 0.00000000099999999994 0.00000000099999999994 0.00000000099999999994 0.00000000099999999994 0.00000000099999999994 0.00000000099999999994 0.00000000099999999994 0.00000000099999999994 0.00000000099999999994
69 69 (0) 11 : 0.00000000099999999996 0.00000000099999999996 0.00000000099999999996 0.51319664608051462906 0.00000000099999999996 0.00000000099999999996 0.00000000099999999996 0.00000000099999999996 0.00000000099999999996 0.00000000099999999996 0.00000000099999999996 0.48680334191948543276 0.00000000099999999996 0.00000000099999999996
70 70 (0) 11 : 0.00000000099999999988 0.00000000099999999988 0.00000000099999999988 0.00000000099999999988 0.00000000099999999988 0.00000000099999999988 0.00000000099999999988 0.00000000099999999988 0.00000000099999999988 0.00000000099999999988 0.00000000099999999988 0.22750593517424166912 0.77249405282575833720 0.00000000099999999988
71 71 (0) 11 : 0.00000000099999999983 0.00000000099999999983 0.00000000099999999983 0.00000000099999999983 0.00000000099999999983 0.00000000099999999983 0.00000000099999999983 0.00000000099999999983 0.00000000099999999983 0.00000000099999999983 0.99999998700000003460 0.00000000099999999983 0.00000000099999999983 0.00000000099999999983
72 72 (0) 12 : 0.00000000099999999956 0.00000000099999999956 0.00000000099999999956 0.00000000099999999956 0.00000000099999999956 0.00000000099999999956 0.00000000099999999956 0.00000000099999999956 0.00000000099999999956 0.99999998700000014562 0.00000000099999999956 0.00000000099999999956 0.00000000099999999956 0.00000000099999999956
73 73 (0) 12 : 0.99999998700000036767 0.00000000099999999959 0.00000000099999999959 0.00000000099999999959 0.00000000099999999959 0.00000000099999999959 0.00000000099999999959 0.00000000099999999959 0.00000000099999999959 0.00000000099999999959 0.00000000099999999959 0.00000000099999999959 0.00000000099999999959 0.00000000099999999959
74 74 (0) 12 : 0.00000000099999999953 0.00000000099999999953 0.00000000099999999953 0.00000000099999999953 0.00000000099999999953 0.00000000099999999953 0.00000000099999999953 0.00000000099999999953 0.00000000099999999953 0.99999998700000003460 0.00000000099999999953 0.00000000099999999953 0.00000000099999999953 0.00000000099999999953
75 75 (0) 12 : 0.20345213420687244255 0.00000000099999999998 0.04142254211190331964 0.09648028483702369984 0.00000000099999999998 0.00000000099999999998 0.00000000099999999998 0.00000000099999999998 0.00911277917787292439 0.00462310940802161067 0.20941518703383762978 0.00000000099999999998 0.37817752113365066258 0.05731643609081758794
76 76 (0) 12 : 0.17441767940412405968 0.00000000099999999988 0.15543282256419163612 0.00000000099999999988 0.00000000099999999988 0.00000000099999999988 0.00000000099999999988 0.03242467596426275994 0.00000000099999999988 0.17349814411469310915 0.46422666895272840515 0.00000000099999999988 0.00000000099999999988 0.00000000099999999988
77 77 (0) 12 : 0.00000000099999999971 0.00000000099999999971 0.00000000099999999971 0.00000000099999999971 0.00000000099999999971 0.00000000099999999971 0.00000000099999999971 0.00000000099999999971 0.00000000099999999971 0.00000000099999999971 0.00000000099999999971 0.00000000099999999971 0.00000000099999999971 0.99999998699999992358
78 78 (0) 12 : 0.00000000099999999996 0.00000000099999999996 0.00000000099999999996 0.01642982387160385818 0.00000000099999999996 0.00000000099999999996 0.48347587455053397942 0.00000000099999999996 0.00000000099999999996 0.06675320303525222876 0.00000000099999999996 0.00000000099999999996 0.30271824802801172716 0.13062284151459815917
79 79 (0) 12 : 0.99999998700000025664 0.00000000099999999958 0.00000000099999999958 0.00000000099999999958 0.00000000099999999958 0.00000000099999999958 0.00000000099999999958 0.00000000099999999958 0.00000000099999999958 0.00000000099999999958 0.00000000099999999958 0.00000000099999999958 0.00000000099999999958 0.00000000099999999958
80 80 (0) 12 : 0.03861731485606027109 0.00000052109596119867 0.00000000099999999997 0.11412830960193855179 0.00000000099999999997 0.21317266054028910505 0.25133113199363826817 0.00000000099999999997 0.00000000099999999997 0.00000000099999999997 0.00000000099999999997 0.00000000099999999997 0.38275005391211264216 0.00000000099999999997
81 81 (0) 13 : 0.00000000099999999948 0.00000000099999999948 0.00000000099999999948 0.99999998700000025664 0.00000000099999999948 0.00000000099999999948 0.00000000099999999948 0.00000000099999999948 0.00000000099999999948 0.00000000099999999948 0.00000000099999999948 0.00000000099999999948 0.00000000099999999948 0.00000000099999999948
82 82 (0) 13 : 0.00000000099999999958 0.00000000099999999958 0.00000000099999999958 0.00000000099999999958 0.00000000099999999958 0.00000000099999999958 0.00000000099999999958 0.00000000099999999958 0.99999998700000014562 0.00000000099999999958 0.00000000099999999958 0.00000000099999999958 0.00000000099999999958 0.00000000099999999958
83 83 (0) 13 : 0.20539233528182684885 0.00000000099999999993 0.17803403930354014251 0.06014165613902899138 0.00000000099999999993 0.00000000099999999993 0.00000000099999999993 0.00000000099999999993 0.00000000099999999993 0.16937731440647318948 0.38705464586913068681 0.00000000099999999993 0.00000000099999999993 0.00000000099999999993
84 84 (0) 13 : 0.00000000099999999957 0.00000000099999999957 0.99999998700000014562 0.00000000099999999957 0.00000000099999999957 0.00000000099999999957 0.00000000099999999957 0.00000000099999999957 0.00000000099999999957 0.00000000099999999957 0.00000000099999999957 0.00000000099999999957 0.00000000099999999957 0.00000000099999999957
85 85 (0) 13 : 0.00000000099999999958 0.00000000099999999958 0.00000000099999999958 0.00000000099999999958 0.00000000099999999958 0.00000000099999999958 0.00000000099999999958 0.00000000099999999958 0.99999998700000014562 0.00000000099999999958 0.00000000099999999958 0.00000000099999999958 0.00000000099999999958 0.00000000099999999958
86 86 (0) 13 : 0.00000000099999999963 0.00000000099999999963 0.00000000099999999963 0.00000000099999999963 0.00000000099999999963 0.00000000099999999963 0.00000000099999999963 0.00000000099999999963 0.99999998700000014562 0.00000000099999999963 0.00000000099999999963 0.00000000099999999963 0.00000000099999999963 0.00000000099999999963
87 87 (0) 13 : 0.00000000099999999994 0.00000000099999999994 0.00000000099999999994 0.00000000099999999994 0.00000000099999999994 0.00000002972313756748 0.35370820654434448338 0.00000000099999999994 0.00000000099999999994 0.04773781615519484545 0.00000000099999999994 0.13874949262128521976 0.45980444595603775504 0.00000000099999999994
88 88 (0) 13 : 0.00000000099999999958 0.00000000099999999958 0.99999998700000014562 0.00000000099999999958 0.00000000099999999958 0.00000000099999999958 0.00000000099999999958 0.00000000099999999958 0.00000000099999999958 0.00000000099999999958 0.00000000099999999958 0.00000000099999999958 0.00000000099999999958 0.00000000099999999958
89 89 (0) 13 : 0.00000000099999999958 0.00000000099999999958 0.00000000099999999958 0.00000000099999999958 0.00000000099999999958 0.00000000099999999958 0.00000000099999999958 0.00000000099999999958 0.99999998700000003460 0.00000000099999999958 0.00000000099999999958 0.00000000099999999958 0.00000000099999999958 0.00000000099999999958
90 90 (0) 13 : 0.00000000099999999961 0.00000000099999999961 0.00000000099999999961 0.00000000099999999961 0.00000000099999999961 0.00000000099999999961 0.00000000099999999961 0.00000000099999999961 0.99999998700000014562 0.00000000099999999961 0.00000000099999999961 0.00000000099999999961 0.00000000099999999961 0.00000000099999999961
91 91 (0) 13 : 0.00000000099999999974 0.00000000099999999974 0.00140364442808551485 0.38576970063365784158 0.00000000099999999974 0.00000000099999999974 0.00000000099999999974 0.00000000099999999974 0.00003788595539124437 0.00000000099999999974 0.61278875898286522261 0.00000000099999999974 0.00000000099999999974 0.00000000099999999974
92 92 (0) 13 : 0.00000000099999999992 0.00000000099999999992 0.00000000099999999992 0.00000000099999999992 0.00000000099999999992 0.00000000099999999992 0.00000000099999999992 0.00000000099999999992 0.26744238351402899179 0.38682448611923853088 0.34573311936673245537 0.00000000099999999992 0.00000000099999999992 0.00000000099999999992
93 93 (0) 13 : 0.00000000099999999992 0.00000000099999999992 0.00000000099999999992 0.00000000099999999992 0.00000000099999999992 0.00000000099999999992 0.00000000099999999992 0.00000000099999999992 0.00000000099999999992 0.00000000099999999992 0.00000000099999999992 0.00000000099999999992 0.72065033993922167355 0.27934964806077833277
94 94 (0) 13 : 0.00000000099999999956 0.00000000099999999956 0.99999998700000025664 0.00000000099999999956 0.00000000099999999956 0.00000000099999999956 0.00000000099999999956 0.00000000099999999956 0.00000000099999999956 0.00000000099999999956 0.00000000099999999956 0.00000000099999999956 0.00000000099999999956 0.00000000099999999956
95 95 (0) 14 : 0.00000000099999999980 0.00000000099999999980 0.00000000099999999980 0.00000000099999999980 0.00000000099999999980 0.00000000099999999980 0.00000000099999999980 0.00000000099999999980 0.00000000099999999980 0.00000000099999999980 0.00000000099999999980 0.00000000099999999980 0.99999998700000003460 0.00000000099999999980
96 96 (0) 14 : 0.00000000099999999964 0.00000000099999999964 0.99999998700000025664 0.00000000099999999964 0.00000000099999999964 0.00000000099999999964 0.00000000099999999964 0.00000000099999999964 0.00000000099999999964 0.00000000099999999964 0.00000000099999999964 0.00000000099999999964 0.00000000099999999964 0.00000000099999999964
97 97 (0) 15 : 0.00000000099999999946 0.00000000099999999946 0.00000000099999999946 0.99999998700000025664 0.00000000099999999946 0.00000000099999999946 0.00000000099999999946 0.00000000099999999946 0.00000000099999999946 0.00000000099999999946 0.00000000099999999946 0.00000000099999999946 0.00000000099999999946 0.00000000099999999946
98 98 (0) 15 : 0.00000000099999999984 0.00000000099999999984 0.00000000099999999984 0.00000000099999999984 0.00000000099999999984 0.00000000099999999984 0.00000000099999999984 0.00000000099999999984 0.00000000099999999984 0.00000000099999999984 0.00000000099999999984 0.00000000099999999984 0.37208629858630448695 0.62791368941369551937
99 99 (0) 15 : 0.00000000099999999983 0.00000000099999999983 0.43379287714965991674 0.00000000099999999983 0.56620711085034025611 0.00000000099999999983 0.00000000099999999983 0.00000000099999999983 0.00000000099999999983 0.00000000099999999983 0.00000000099999999983 0.00000000099999999983 0.00000000099999999983 0.00000000099999999983
100 100 (0) 15 : 0.00000000099999999963 0.00000000099999999963 0.00000000099999999963 0.00000000099999999963 0.00000000099999999963 0.99999998700000014562 0.00000000099999999963 0.00000000099999999963 0.00000000099999999963 0.00000000099999999963 0.00000000099999999963 0.00000000099999999963 0.00000000099999999963 0.00000000099999999963
101 101 (0) 15 : 0.00000000099999999920 0.00000000099999999920 0.00000000099999999920 0.00000000099999999920 0.99999998700000025664 0.00000000099999999920 0.00000000099999999920 0.00000000099999999920 0.00000000099999999920 0.00000000099999999920 0.00000000099999999920 0.00000000099999999920 0.00000000099999999920 0.00000000099999999920
102 102 (0) 15 : 0.00000000099999999979 0.00000000099999999979 0.00000000099999999979 0.00000000099999999979 0.00000000099999999979 0.00000000099999999979 0.00000000099999999979 0.00000000099999999979 0.00000000099999999979 0.00000000099999999979 0.00000000099999999979 0.00000000099999999979 0.99999998700000003460 0.00000000099999999979
103 103 (0) 15 : 0.00000000099999999993 0.00000000099999999993 0.00247551087138835838 0.00000000099999999993 0.00000000099999999993 0.00000000099999999993 0.00000000099999999993 0.00000000099999999993 0.00000000099999999993 0.00000000099999999993 0.00000000099999999993 0.44385055071041168429 0.55367392741819998481 0.00000000099999999993
104 104 (0) 15 : 0.00000000099999999953 0.00000000099999999953 0.00000000099999999953 0.00000000099999999953 0.99999998700000014562 0.00000000099999999953 0.00000000099999999953 0.00000000099999999953 0.00000000099999999953 0.00000000099999999953 0.00000000099999999953 0.00000000099999999953 0.00000000099999999953 0.00000000099999999953
105 105 (0) 15 : 0.00000000099999999929 0.00000000099999999929 0.00000000099999999929 0.00000000099999999929 0.99999998700000014562 0.00000000099999999929 0.00000000099999999929 0.00000000099999999929 0.00000000099999999929 0.00000000099999999929 0.00000000099999999929 0.00000000099999999929 0.00000000099999999929 0.00000000099999999929
