-------------------------------------------------------------------------------
 L       Percentage of nodes in the largest component
 D       Percentage of nodes in components of size at most 3 [-div option]
 R       Percentage of nodes not in L or D: 100 - L -D
 S       Percentage of nodes that are singletons
 E       Fraction of edges retained (input graph has 2450)
 cce     Expected size of component, nodewise [ sum(sz^2) / sum^2(sz) ]
 EW      Edge weight traits (mean, median and IQR)
 ND      Node degree traits [mean, median and IQR]
 CCF     Clustering coefficient (scale 1-100)
 eff     Induced component efficiency relative to start graph (scale 1-1000)
Total number of nodes: 50
----------------------------------------------------------------------------------------------
  L   D   R   S     E     cce  EWmean   EWmed   EWiqr  NDmean   NDmed  NDiqr CCF  eff  Cutoff 
----------------------------------------------------------------------------------------------
 88  12   0  12 0.150      39    0.53    0.52    0.03     7.4     7.5    7.5   -    -     0.50
 84  16   0  16 0.106      35    0.54    0.53    0.03     5.2     5.5    7.0   -    -     0.51
 76  24   0  20 0.073      29    0.55    0.54    0.02     3.6     2.5    5.5   -    -     0.52
 72  28   0  24 0.056      26    0.55    0.55    0.03     2.7     2.5    3.5   -    -     0.53
 50  42   8  42 0.035      13    0.57    0.56    0.04     1.7     1.5    2.5   -    -     0.54
 36  64   0  54 0.022       7    0.58    0.57    0.03     1.1     0.5    2.0   -    -     0.55
 26  74   0  62 0.016       4    0.59    0.58    0.03     0.8     0.5    1.5   -    -     0.56
 22  78   0  78 0.011       3    0.60    0.59    0.02     0.5     0.5    0.5   -    -     0.57
 18  82   0  78 0.010       2    0.60    0.59    0.02     0.5     0.5    0.5   -    -     0.58
  8  92   0  82 0.005       1    0.61    0.61    0.01     0.2     0.5    0.5   -    -     0.59
  0 100   0  84 0.004       1    0.62    0.61    0.01     0.2     0.5    0.5   -    -     0.60
  0 100   0  94 0.002       1    0.64    0.64    0.04     0.1     0.5    0.5   -    -     0.61
  0 100   0  96 0.001       1    0.66    0.66    0.00     0.0     0.5    0.5   -    -     0.62
  0 100   0  96 0.001       1    0.66    0.66    0.00     0.0     0.5    0.5   -    -     0.63
  0 100   0  96 0.001       1    0.66    0.66    0.00     0.0     0.5    0.5   -    -     0.64
  0 100   0  96 0.001       1    0.66    0.66    0.00     0.0     0.5    0.5   -    -     0.65
  0 100   0 100 0.000       1    0.00    0.00    0.00     0.0     0.5    0.5   -    -     0.66
  0 100   0 100 0.000       1    0.00    0.00    0.00     0.0     0.5    0.5   -    -     0.67
  0 100   0 100 0.000       1    0.00    0.00    0.00     0.0     0.5    0.5   -    -     0.68
  0 100   0 100 0.000       1    0.00    0.00    0.00     0.0     0.5    0.5   -    -     0.69
  0 100   0 100 0.000       1    0.00    0.00    0.00     0.0     0.5    0.5   -    -     0.70
  0 100   0 100 0.000       1    0.00    0.00    0.00     0.0     0.5    0.5   -    -     0.71
  0 100   0 100 0.000       1    0.00    0.00    0.00     0.0     0.5    0.5   -    -     0.72
  0 100   0 100 0.000       1    0.00    0.00    0.00     0.0     0.5    0.5   -    -     0.73
  0 100   0 100 0.000       1    0.00    0.00    0.00     0.0     0.5    0.5   -    -     0.74
  0 100   0 100 0.000       1    0.00    0.00    0.00     0.0     0.5    0.5   -    -     0.75
  0 100   0 100 0.000       1    0.00    0.00    0.00     0.0     0.5    0.5   -    -     0.76
  0 100   0 100 0.000       1    0.00    0.00    0.00     0.0     0.5    0.5   -    -     0.77
  0 100   0 100 0.000       1    0.00    0.00    0.00     0.0     0.5    0.5   -    -     0.78
  0 100   0 100 0.000       1    0.00    0.00    0.00     0.0     0.5    0.5   -    -     0.79
  0 100   0 100 0.000       1    0.00    0.00    0.00     0.0     0.5    0.5   -    -     0.80
  0 100   0 100 0.000       1    0.00    0.00    0.00     0.0     0.5    0.5   -    -     0.81
  0 100   0 100 0.000       1    0.00    0.00    0.00     0.0     0.5    0.5   -    -     0.82
  0 100   0 100 0.000       1    0.00    0.00    0.00     0.0     0.5    0.5   -    -     0.83
  0 100   0 100 0.000       1    0.00    0.00    0.00     0.0     0.5    0.5   -    -     0.84
  0 100   0 100 0.000       1    0.00    0.00    0.00     0.0     0.5    0.5   -    -     0.85
  0 100   0 100 0.000       1    0.00    0.00    0.00     0.0     0.5    0.5   -    -     0.86
  0 100   0 100 0.000       1    0.00    0.00    0.00     0.0     0.5    0.5   -    -     0.87
  0 100   0 100 0.000       1    0.00    0.00    0.00     0.0     0.5    0.5   -    -     0.88
  0 100   0 100 0.000       1    0.00    0.00    0.00     0.0     0.5    0.5   -    -     0.89
  0 100   0 100 0.000       1    0.00    0.00    0.00     0.0     0.5    0.5   -    -     0.90
  0 100   0 100 0.000       1    0.00    0.00    0.00     0.0     0.5    0.5   -    -     0.91
  0 100   0 100 0.000       1    0.00    0.00    0.00     0.0     0.5    0.5   -    -     0.92
  0 100   0 100 0.000       1    0.00    0.00    0.00     0.0     0.5    0.5   -    -     0.93
  0 100   0 100 0.000       1    0.00    0.00    0.00     0.0     0.5    0.5   -    -     0.94
  0 100   0 100 0.000       1    0.00    0.00    0.00     0.0     0.5    0.5   -    -     0.95
  0 100   0 100 0.000       1    0.00    0.00    0.00     0.0     0.5    0.5   -    -     0.96
  0 100   0 100 0.000       1    0.00    0.00    0.00     0.0     0.5    0.5   -    -     0.97
  0 100   0 100 0.000       1    0.00    0.00    0.00     0.0     0.5    0.5   -    -     0.98
  0 100   0 100 0.000       1    0.00    0.00    0.00     0.0     0.5    0.5   -    -     0.99
---------------------------------------------------------------------------------------------
