1.0000 0.9981 0.9982 0.9998 0.9999 0.9996 0.9999 0.9998 0.9982 0.9998 0.9997 0.9983 0.9999 0.9998 0.9998 0.9982 0.9997 0.9998 0.9999 0.9983 0.9998 0.9982 0.9999 0.9982 0.9997 0.9997 0.6722 0.9998 0.9982 0.6764 0.9999 0.9996 0.6722 0.9996 0.9998 0.9982 0.6778 0.9999 0.5861 0.9998 0.9997 0.9998 0.5815 0.9998 0.9982 0.5806 0.9999 0.9998 0.9998 0.5815
0.9981 1.0000 0.9996 0.9981 0.9982 0.9983 0.9982 0.9982 0.9999 0.9981 0.9983 0.9996 0.9982 0.9981 0.9983 0.9974 0.9981 0.9982 0.9981 0.9997 0.9982 0.9973 0.9982 0.9974 0.9983 0.9983 0.6722 0.9981 0.9973 0.6764 0.9982 0.9984 0.6722 0.9985 0.9982 0.9973 0.6778 0.9982 0.5861 0.9982 0.9984 0.9982 0.5815 0.9983 0.9973 0.5805 0.9982 0.9982 0.9983 0.5815
0.9982 0.9996 1.0000 0.9982 0.9983 0.9983 0.9983 0.9983 0.9997 0.9982 0.9983 0.9999 0.9983 0.9982 0.9984 0.9975 0.9982 0.9984 0.9982 0.9999 0.9983 0.9974 0.9983 0.9974 0.9984 0.9984 0.6722 0.9982 0.9974 0.6764 0.9983 0.9985 0.6722 0.9986 0.9983 0.9974 0.6778 0.9983 0.5861 0.9983 0.9985 0.9983 0.5815 0.9984 0.9974 0.5805 0.9983 0.9983 0.9983 0.5815
0.9998 0.9981 0.9982 1.0000 0.9998 0.9994 0.9998 0.9999 0.9981 0.9998 0.9996 0.9982 0.9997 0.9999 0.9998 0.9982 0.9999 0.9998 0.9998 0.9982 0.9996 0.9982 0.9997 0.9982 0.9995 0.9997 0.6721 0.9999 0.9982 0.6764 0.9997 0.9996 0.6721 0.9996 0.9997 0.9982 0.6777 0.9997 0.5861 0.9997 0.9996 0.9996 0.5815 0.9997 0.9982 0.5805 0.9997 0.9998 0.9996 0.5815
0.9999 0.9982 0.9983 0.9998 1.0000 0.9995 0.9999 0.9998 0.9983 0.9998 0.9998 0.9983 0.9999 0.9998 0.9999 0.9982 0.9997 0.9998 0.9998 0.9983 0.9998 0.9982 0.9999 0.9982 0.9997 0.9998 0.6722 0.9998 0.9982 0.6764 0.9999 0.9997 0.6722 0.9997 0.9998 0.9982 0.6778 0.9999 0.5861 0.9999 0.9997 0.9998 0.5815 0.9999 0.9982 0.5805 0.9999 0.9998 0.9998 0.5815
0.9996 0.9983 0.9983 0.9994 0.9995 1.0000 0.9995 0.9995 0.9983 0.9994 0.9997 0.9983 0.9996 0.9994 0.9995 0.9981 0.9993 0.9994 0.9995 0.9983 0.9997 0.9981 0.9996 0.9981 0.9998 0.9995 0.6722 0.9994 0.9981 0.6765 0.9995 0.9995 0.6722 0.9995 0.9996 0.9981 0.6778 0.9996 0.5861 0.9996 0.9997 0.9997 0.5815 0.9996 0.9981 0.5806 0.9995 0.9995 0.9996 0.5815
0.9999 0.9982 0.9983 0.9998 0.9999 0.9995 1.0000 0.9998 0.9982 0.9998 0.9997 0.9983 0.9999 0.9998 0.9998 0.9982 0.9997 0.9998 0.9998 0.9983 0.9998 0.9982 0.9998 0.9982 0.9997 0.9997 0.6722 0.9998 0.9982 0.6764 0.9999 0.9996 0.6722 0.9997 0.9998 0.9982 0.6777 0.9999 0.5861 0.9999 0.9997 0.9998 0.5815 0.9998 0.9982 0.5805 0.9998 0.9998 0.9998 0.5815
0.9998 0.9982 0.9983 0.9999 0.9998 0.9995 0.9998 1.0000 0.9982 0.9998 0.9997 0.9983 0.9998 0.9999 0.9999 0.9982 0.9998 0.9998 0.9998 0.9983 0.9997 0.9982 0.9998 0.9982 0.9996 0.9998 0.6722 0.9998 0.9982 0.6764 0.9998 0.9997 0.6722 0.9997 0.9998 0.9982 0.6777 0.9998 0.5861 0.9997 0.9997 0.9997 0.5815 0.9999 0.9982 0.5805 0.9998 1.0000 0.9997 0.5815
0.9982 0.9999 0.9997 0.9981 0.9983 0.9983 0.9982 0.9982 1.0000 0.9981 0.9983 0.9997 0.9982 0.9981 0.9983 0.9974 0.9981 0.9983 0.9981 0.9998 0.9983 0.9974 0.9982 0.9974 0.9984 0.9983 0.6722 0.9981 0.9974 0.6764 0.9982 0.9985 0.6722 0.9985 0.9982 0.9974 0.6778 0.9982 0.5861 0.9982 0.9984 0.9983 0.5815 0.9983 0.9974 0.5805 0.9982 0.9982 0.9983 0.5815
0.9998 0.9981 0.9982 0.9998 0.9998 0.9994 0.9998 0.9998 0.9981 1.0000 0.9996 0.9982 0.9997 0.9998 0.9997 0.9982 0.9997 0.9998 0.9998 0.9982 0.9997 0.9982 0.9997 0.9982 0.9995 0.9997 0.6722 0.9998 0.9982 0.6764 0.9998 0.9996 0.6722 0.9996 0.9997 0.9982 0.6778 0.9998 0.5861 0.9997 0.9996 0.9996 0.5815 0.9997 0.9982 0.5805 0.9998 0.9997 0.9997 0.5815
0.9997 0.9983 0.9983 0.9996 0.9998 0.9997 0.9997 0.9997 0.9983 0.9996 1.0000 0.9983 0.9998 0.9996 0.9997 0.9982 0.9995 0.9996 0.9996 0.9983 0.9999 0.9981 0.9998 0.9981 0.9998 0.9997 0.6722 0.9995 0.9981 0.6765 0.9998 0.9996 0.6723 0.9997 0.9998 0.9982 0.6778 0.9998 0.5861 0.9998 0.9998 0.9999 0.5815 0.9998 0.9981 0.5806 0.9998 0.9997 0.9999 0.5815
0.9983 0.9996 0.9999 0.9982 0.9983 0.9983 0.9983 0.9983 0.9997 0.9982 0.9983 1.0000 0.9983 0.9982 0.9984 0.9975 0.9982 0.9984 0.9982 0.9999 0.9983 0.9974 0.9983 0.9975 0.9984 0.9984 0.6722 0.9982 0.9975 0.6764 0.9983 0.9986 0.6722 0.9986 0.9983 0.9975 0.6778 0.9983 0.5861 0.9983 0.9985 0.9983 0.5815 0.9984 0.9975 0.5805 0.9983 0.9983 0.9984 0.5815
0.9999 0.9982 0.9983 0.9997 0.9999 0.9996 0.9999 0.9998 0.9982 0.9997 0.9998 0.9983 1.0000 0.9998 0.9998 0.9982 0.9996 0.9998 0.9998 0.9983 0.9999 0.9982 1.0000 0.9982 0.9997 0.9997 0.6722 0.9997 0.9982 0.6765 0.9999 0.9996 0.6722 0.9997 0.9999 0.9982 0.6778 0.9999 0.5861 0.9999 0.9998 0.9999 0.5815 0.9998 0.9982 0.5806 0.9999 0.9998 0.9999 0.5815
0.9998 0.9981 0.9982 0.9999 0.9998 0.9994 0.9998 0.9999 0.9981 0.9998 0.9996 0.9982 0.9998 1.0000 0.9998 0.9983 0.9998 0.9997 0.9999 0.9982 0.9997 0.9983 0.9997 0.9983 0.9996 0.9997 0.6721 0.9998 0.9983 0.6764 0.9998 0.9996 0.6722 0.9996 0.9998 0.9983 0.6777 0.9998 0.5861 0.9997 0.9996 0.9997 0.5815 0.9998 0.9983 0.5805 0.9998 0.9998 0.9997 0.5815
0.9998 0.9983 0.9984 0.9998 0.9999 0.9995 0.9998 0.9999 0.9983 0.9997 0.9997 0.9984 0.9998 0.9998 1.0000 0.9982 0.9997 0.9998 0.9998 0.9984 0.9998 0.9982 0.9998 0.9982 0.9997 0.9999 0.6722 0.9997 0.9982 0.6764 0.9998 0.9998 0.6722 0.9998 0.9998 0.9982 0.6777 0.9998 0.5861 0.9998 0.9998 0.9997 0.5815 0.9999 0.9982 0.5805 0.9998 0.9998 0.9998 0.5815
0.9982 0.9974 0.9975 0.9982 0.9982 0.9981 0.9982 0.9982 0.9974 0.9982 0.9982 0.9975 0.9982 0.9983 0.9982 1.0000 0.9982 0.9982 0.9982 0.9975 0.9982 0.9998 0.9982 0.9998 0.9982 0.9982 0.6719 0.9982 0.9998 0.6762 0.9982 0.9982 0.6719 0.9982 0.9982 0.9999 0.6775 0.9982 0.5861 0.9982 0.9982 0.9982 0.5815 0.9982 0.9998 0.5805 0.9982 0.9982 0.9982 0.5815
0.9997 0.9981 0.9982 0.9999 0.9997 0.9993 0.9997 0.9998 0.9981 0.9997 0.9995 0.9982 0.9996 0.9998 0.9997 0.9982 1.0000 0.9997 0.9997 0.9982 0.9996 0.9982 0.9996 0.9982 0.9995 0.9997 0.6721 0.9998 0.9982 0.6763 0.9997 0.9996 0.6721 0.9996 0.9997 0.9982 0.6777 0.9997 0.5861 0.9996 0.9995 0.9995 0.5815 0.9997 0.9982 0.5805 0.9996 0.9998 0.9996 0.5815
0.9998 0.9982 0.9984 0.9998 0.9998 0.9994 0.9998 0.9998 0.9983 0.9998 0.9996 0.9984 0.9998 0.9997 0.9998 0.9982 0.9997 1.0000 0.9997 0.9984 0.9997 0.9982 0.9997 0.9982 0.9996 0.9998 0.6722 0.9998 0.9982 0.6764 0.9998 0.9996 0.6722 0.9997 0.9997 0.9982 0.6777 0.9998 0.5861 0.9998 0.9997 0.9997 0.5815 0.9998 0.9982 0.5805 0.9998 0.9998 0.9997 0.5815
0.9999 0.9981 0.9982 0.9998 0.9998 0.9995 0.9998 0.9998 0.9981 0.9998 0.9996 0.9982 0.9998 0.9999 0.9998 0.9982 0.9997 0.9997 1.0000 0.9982 0.9997 0.9982 0.9998 0.9982 0.9996 0.9997 0.6722 0.9998 0.9982 0.6764 0.9998 0.9996 0.6722 0.9996 0.9998 0.9982 0.6778 0.9998 0.5861 0.9997 0.9996 0.9997 0.5815 0.9998 0.9982 0.5805 0.9998 0.9998 0.9997 0.5815
0.9983 0.9997 0.9999 0.9982 0.9983 0.9983 0.9983 0.9983 0.9998 0.9982 0.9983 0.9999 0.9983 0.9982 0.9984 0.9975 0.9982 0.9984 0.9982 1.0000 0.9983 0.9974 0.9983 0.9974 0.9984 0.9984 0.6722 0.9982 0.9974 0.6764 0.9983 0.9985 0.6722 0.9986 0.9983 0.9974 0.6778 0.9983 0.5861 0.9983 0.9985 0.9983 0.5815 0.9984 0.9974 0.5805 0.9983 0.9983 0.9984 0.5815
0.9998 0.9982 0.9983 0.9996 0.9998 0.9997 0.9998 0.9997 0.9983 0.9997 0.9999 0.9983 0.9999 0.9997 0.9998 0.9982 0.9996 0.9997 0.9997 0.9983 1.0000 0.9982 0.9999 0.9982 0.9998 0.9997 0.6722 0.9996 0.9981 0.6765 0.9999 0.9996 0.6722 0.9997 0.9998 0.9982 0.6778 0.9999 0.5861 0.9999 0.9998 0.9999 0.5815 0.9998 0.9982 0.5806 0.9999 0.9997 0.9999 0.5815
0.9982 0.9973 0.9974 0.9982 0.9982 0.9981 0.9982 0.9982 0.9974 0.9982 0.9981 0.9974 0.9982 0.9983 0.9982 0.9998 0.9982 0.9982 0.9982 0.9974 0.9982 1.0000 0.9982 0.9998 0.9981 0.9982 0.6718 0.9982 0.9999 0.6762 0.9982 0.9981 0.6718 0.9981 0.9982 0.9999 0.6775 0.9982 0.5861 0.9982 0.9981 0.9982 0.5815 0.9982 1.0000 0.5805 0.9982 0.9982 0.9981 0.5815
0.9999 0.9982 0.9983 0.9997 0.9999 0.9996 0.9998 0.9998 0.9982 0.9997 0.9998 0.9983 1.0000 0.9997 0.9998 0.9982 0.9996 0.9997 0.9998 0.9983 0.9999 0.9982 1.0000 0.9982 0.9997 0.9997 0.6722 0.9997 0.9982 0.6765 0.9999 0.9996 0.6722 0.9997 0.9999 0.9982 0.6778 0.9999 0.5861 0.9999 0.9998 0.9999 0.5815 0.9999 0.9982 0.5806 0.9999 0.9998 0.9999 0.5815
0.9982 0.9974 0.9974 0.9982 0.9982 0.9981 0.9982 0.9982 0.9974 0.9982 0.9981 0.9975 0.9982 0.9983 0.9982 0.9998 0.9982 0.9982 0.9982 0.9974 0.9982 0.9998 0.9982 1.0000 0.9981 0.9982 0.6718 0.9982 0.9999 0.6761 0.9982 0.9982 0.6718 0.9982 0.9982 0.9998 0.6775 0.9982 0.5861 0.9982 0.9981 0.9982 0.5815 0.9982 0.9999 0.5805 0.9982 0.9982 0.9981 0.5815
0.9997 0.9983 0.9984 0.9995 0.9997 0.9998 0.9997 0.9996 0.9984 0.9995 0.9998 0.9984 0.9997 0.9996 0.9997 0.9982 0.9995 0.9996 0.9996 0.9984 0.9998 0.9981 0.9997 0.9981 1.0000 0.9997 0.6722 0.9995 0.9981 0.6765 0.9997 0.9996 0.6722 0.9997 0.9998 0.9981 0.6778 0.9997 0.5861 0.9997 0.9998 0.9998 0.5815 0.9997 0.9981 0.5806 0.9997 0.9996 0.9998 0.5815
0.9997 0.9983 0.9984 0.9997 0.9998 0.9995 0.9997 0.9998 0.9983 0.9997 0.9997 0.9984 0.9997 0.9997 0.9999 0.9982 0.9997 0.9998 0.9997 0.9984 0.9997 0.9982 0.9997 0.9982 0.9997 1.0000 0.6722 0.9997 0.9982 0.6764 0.9997 0.9998 0.6722 0.9998 0.9998 0.9982 0.6777 0.9997 0.5861 0.9997 0.9998 0.9997 0.5815 0.9999 0.9982 0.5805 0.9997 0.9998 0.9997 0.5815
0.6722 0.6722 0.6722 0.6721 0.6722 0.6722 0.6722 0.6722 0.6722 0.6722 0.6722 0.6722 0.6722 0.6721 0.6722 0.6719 0.6721 0.6722 0.6722 0.6722 0.6722 0.6718 0.6722 0.6718 0.6722 0.6722 1.0000 0.6721 0.6718 0.9504 0.6722 0.6721 0.9996 0.6722 0.6722 0.6719 0.7706 0.6722 0.4823 0.6722 0.6722 0.6722 0.4857 0.6722 0.6718 0.4941 0.6722 0.6722 0.6722 0.4853
0.9998 0.9981 0.9982 0.9999 0.9998 0.9994 0.9998 0.9998 0.9981 0.9998 0.9995 0.9982 0.9997 0.9998 0.9997 0.9982 0.9998 0.9998 0.9998 0.9982 0.9996 0.9982 0.9997 0.9982 0.9995 0.9997 0.6721 1.0000 0.9982 0.6764 0.9997 0.9995 0.6721 0.9996 0.9997 0.9982 0.6777 0.9998 0.5861 0.9997 0.9995 0.9996 0.5815 0.9997 0.9982 0.5805 0.9997 0.9998 0.9996 0.5815
0.9982 0.9973 0.9974 0.9982 0.9982 0.9981 0.9982 0.9982 0.9974 0.9982 0.9981 0.9975 0.9982 0.9983 0.9982 0.9998 0.9982 0.9982 0.9982 0.9974 0.9981 0.9999 0.9982 0.9999 0.9981 0.9982 0.6718 0.9982 1.0000 0.6761 0.9982 0.9981 0.6718 0.9982 0.9982 0.9998 0.6775 0.9982 0.5861 0.9982 0.9981 0.9982 0.5815 0.9982 0.9999 0.5805 0.9982 0.9982 0.9981 0.5815
0.6764 0.6764 0.6764 0.6764 0.6764 0.6765 0.6764 0.6764 0.6764 0.6764 0.6765 0.6764 0.6765 0.6764 0.6764 0.6762 0.6763 0.6764 0.6764 0.6764 0.6765 0.6762 0.6765 0.6761 0.6765 0.6764 0.9504 0.6764 0.6761 1.0000 0.6764 0.6764 0.9504 0.6764 0.6764 0.6762 0.7658 0.6764 0.4829 0.6765 0.6764 0.6765 0.4861 0.6764 0.6762 0.4956 0.6765 0.6764 0.6765 0.4857
0.9999 0.9982 0.9983 0.9997 0.9999 0.9995 0.9999 0.9998 0.9982 0.9998 0.9998 0.9983 0.9999 0.9998 0.9998 0.9982 0.9997 0.9998 0.9998 0.9983 0.9999 0.9982 0.9999 0.9982 0.9997 0.9997 0.6722 0.9997 0.9982 0.6764 1.0000 0.9996 0.6722 0.9997 0.9998 0.9982 0.6778 0.9999 0.5861 0.9999 0.9997 0.9998 0.5815 0.9998 0.9982 0.5806 0.9999 0.9998 0.9998 0.5815
0.9996 0.9984 0.9985 0.9996 0.9997 0.9995 0.9996 0.9997 0.9985 0.9996 0.9996 0.9986 0.9996 0.9996 0.9998 0.9982 0.9996 0.9996 0.9996 0.9985 0.9996 0.9981 0.9996 0.9982 0.9996 0.9998 0.6721 0.9995 0.9981 0.6764 0.9996 1.0000 0.6721 0.9999 0.9997 0.9981 0.6778 0.9996 0.5861 0.9996 0.9997 0.9996 0.5815 0.9998 0.9981 0.5805 0.9996 0.9997 0.9996 0.5815
0.6722 0.6722 0.6722 0.6721 0.6722 0.6722 0.6722 0.6722 0.6722 0.6722 0.6723 0.6722 0.6722 0.6722 0.6722 0.6719 0.6721 0.6722 0.6722 0.6722 0.6722 0.6718 0.6722 0.6718 0.6722 0.6722 0.9996 0.6721 0.6718 0.9504 0.6722 0.6721 1.0000 0.6722 0.6722 0.6719 0.7706 0.6722 0.4823 0.6722 0.6722 0.6722 0.4857 0.6722 0.6718 0.4941 0.6722 0.6722 0.6722 0.4853
0.9996 0.9985 0.9986 0.9996 0.9997 0.9995 0.9997 0.9997 0.9985 0.9996 0.9997 0.9986 0.9997 0.9996 0.9998 0.9982 0.9996 0.9997 0.9996 0.9986 0.9997 0.9981 0.9997 0.9982 0.9997 0.9998 0.6722 0.9996 0.9982 0.6764 0.9997 0.9999 0.6722 1.0000 0.9997 0.9982 0.6777 0.9997 0.5861 0.9997 0.9998 0.9997 0.5815 0.9998 0.9981 0.5805 0.9997 0.9997 0.9997 0.5815
0.9998 0.9982 0.9983 0.9997 0.9998 0.9996 0.9998 0.9998 0.9982 0.9997 0.9998 0.9983 0.9999 0.9998 0.9998 0.9982 0.9997 0.9997 0.9998 0.9983 0.9998 0.9982 0.9999 0.9982 0.9998 0.9998 0.6722 0.9997 0.9982 0.6764 0.9998 0.9997 0.6722 0.9997 1.0000 0.9982 0.6778 0.9998 0.5861 0.9998 0.9998 0.9998 0.5815 0.9999 0.9982 0.5805 0.9998 0.9998 0.9999 0.5815
0.9982 0.9973 0.9974 0.9982 0.9982 0.9981 0.9982 0.9982 0.9974 0.9982 0.9982 0.9975 0.9982 0.9983 0.9982 0.9999 0.9982 0.9982 0.9982 0.9974 0.9982 0.9999 0.9982 0.9998 0.9981 0.9982 0.6719 0.9982 0.9998 0.6762 0.9982 0.9981 0.6719 0.9982 0.9982 1.0000 0.6775 0.9982 0.5861 0.9982 0.9982 0.9982 0.5815 0.9982 0.9999 0.5805 0.9982 0.9982 0.9982 0.5815
0.6778 0.6778 0.6778 0.6777 0.6778 0.6778 0.6777 0.6777 0.6778 0.6778 0.6778 0.6778 0.6778 0.6777 0.6777 0.6775 0.6777 0.6777 0.6778 0.6778 0.6778 0.6775 0.6778 0.6775 0.6778 0.6777 0.7706 0.6777 0.6775 0.7658 0.6778 0.6778 0.7706 0.6777 0.6778 0.6775 1.0000 0.6778 0.4780 0.6778 0.6778 0.6778 0.4745 0.6778 0.6775 0.4736 0.6778 0.6777 0.6778 0.4745
0.9999 0.9982 0.9983 0.9997 0.9999 0.9996 0.9999 0.9998 0.9982 0.9998 0.9998 0.9983 0.9999 0.9998 0.9998 0.9982 0.9997 0.9998 0.9998 0.9983 0.9999 0.9982 0.9999 0.9982 0.9997 0.9997 0.6722 0.9998 0.9982 0.6764 0.9999 0.9996 0.6722 0.9997 0.9998 0.9982 0.6778 1.0000 0.5861 0.9999 0.9997 0.9998 0.5815 0.9998 0.9982 0.5806 0.9999 0.9998 0.9998 0.5815
0.5861 0.5861 0.5861 0.5861 0.5861 0.5861 0.5861 0.5861 0.5861 0.5861 0.5861 0.5861 0.5861 0.5861 0.5861 0.5861 0.5861 0.5861 0.5861 0.5861 0.5861 0.5861 0.5861 0.5861 0.5861 0.5861 0.4823 0.5861 0.5861 0.4829 0.5861 0.5861 0.4823 0.5861 0.5861 0.5861 0.4780 0.5861 1.0000 0.5861 0.5861 0.5861 0.9462 0.5861 0.5861 0.9355 0.5861 0.5861 0.5861 0.9460
0.9998 0.9982 0.9983 0.9997 0.9999 0.9996 0.9999 0.9997 0.9982 0.9997 0.9998 0.9983 0.9999 0.9997 0.9998 0.9982 0.9996 0.9998 0.9997 0.9983 0.9999 0.9982 0.9999 0.9982 0.9997 0.9997 0.6722 0.9997 0.9982 0.6765 0.9999 0.9996 0.6722 0.9997 0.9998 0.9982 0.6778 0.9999 0.5861 1.0000 0.9997 0.9998 0.5815 0.9998 0.9982 0.5806 0.9999 0.9997 0.9999 0.5815
0.9997 0.9984 0.9985 0.9996 0.9997 0.9997 0.9997 0.9997 0.9984 0.9996 0.9998 0.9985 0.9998 0.9996 0.9998 0.9982 0.9995 0.9997 0.9996 0.9985 0.9998 0.9981 0.9998 0.9981 0.9998 0.9998 0.6722 0.9995 0.9981 0.6764 0.9997 0.9997 0.6722 0.9998 0.9998 0.9982 0.6778 0.9997 0.5861 0.9997 1.0000 0.9998 0.5815 0.9998 0.9981 0.5805 0.9997 0.9997 0.9998 0.5815
0.9998 0.9982 0.9983 0.9996 0.9998 0.9997 0.9998 0.9997 0.9983 0.9996 0.9999 0.9983 0.9999 0.9997 0.9997 0.9982 0.9995 0.9997 0.9997 0.9983 0.9999 0.9982 0.9999 0.9982 0.9998 0.9997 0.6722 0.9996 0.9982 0.6765 0.9998 0.9996 0.6722 0.9997 0.9998 0.9982 0.6778 0.9998 0.5861 0.9998 0.9998 1.0000 0.5815 0.9998 0.9982 0.5806 0.9998 0.9997 0.9999 0.5815
0.5815 0.5815 0.5815 0.5815 0.5815 0.5815 0.5815 0.5815 0.5815 0.5815 0.5815 0.5815 0.5815 0.5815 0.5815 0.5815 0.5815 0.5815 0.5815 0.5815 0.5815 0.5815 0.5815 0.5815 0.5815 0.5815 0.4857 0.5815 0.5815 0.4861 0.5815 0.5815 0.4857 0.5815 0.5815 0.5815 0.4745 0.5815 0.9462 0.5815 0.5815 0.5815 1.0000 0.5815 0.5815 0.9619 0.5815 0.5815 0.5815 0.9982
0.9998 0.9983 0.9984 0.9997 0.9999 0.9996 0.9998 0.9999 0.9983 0.9997 0.9998 0.9984 0.9998 0.9998 0.9999 0.9982 0.9997 0.9998 0.9998 0.9984 0.9998 0.9982 0.9999 0.9982 0.9997 0.9999 0.6722 0.9997 0.9982 0.6764 0.9998 0.9998 0.6722 0.9998 0.9999 0.9982 0.6778 0.9998 0.5861 0.9998 0.9998 0.9998 0.5815 1.0000 0.9982 0.5805 0.9998 0.9999 0.9998 0.5815
0.9982 0.9973 0.9974 0.9982 0.9982 0.9981 0.9982 0.9982 0.9974 0.9982 0.9981 0.9975 0.9982 0.9983 0.9982 0.9998 0.9982 0.9982 0.9982 0.9974 0.9982 1.0000 0.9982 0.9999 0.9981 0.9982 0.6718 0.9982 0.9999 0.6762 0.9982 0.9981 0.6718 0.9981 0.9982 0.9999 0.6775 0.9982 0.5861 0.9982 0.9981 0.9982 0.5815 0.9982 1.0000 0.5805 0.9982 0.9982 0.9981 0.5815
0.5806 0.5805 0.5805 0.5805 0.5805 0.5806 0.5805 0.5805 0.5805 0.5805 0.5806 0.5805 0.5806 0.5805 0.5805 0.5805 0.5805 0.5805 0.5805 0.5805 0.5806 0.5805 0.5806 0.5805 0.5806 0.5805 0.4941 0.5805 0.5805 0.4956 0.5806 0.5805 0.4941 0.5805 0.5805 0.5805 0.4736 0.5806 0.9355 0.5806 0.5805 0.5806 0.9619 0.5805 0.5805 1.0000 0.5806 0.5805 0.5806 0.9602
0.9999 0.9982 0.9983 0.9997 0.9999 0.9995 0.9998 0.9998 0.9982 0.9998 0.9998 0.9983 0.9999 0.9998 0.9998 0.9982 0.9996 0.9998 0.9998 0.9983 0.9999 0.9982 0.9999 0.9982 0.9997 0.9997 0.6722 0.9997 0.9982 0.6765 0.9999 0.9996 0.6722 0.9997 0.9998 0.9982 0.6778 0.9999 0.5861 0.9999 0.9997 0.9998 0.5815 0.9998 0.9982 0.5806 1.0000 0.9998 0.9998 0.5815
0.9998 0.9982 0.9983 0.9998 0.9998 0.9995 0.9998 1.0000 0.9982 0.9997 0.9997 0.9983 0.9998 0.9998 0.9998 0.9982 0.9998 0.9998 0.9998 0.9983 0.9997 0.9982 0.9998 0.9982 0.9996 0.9998 0.6722 0.9998 0.9982 0.6764 0.9998 0.9997 0.6722 0.9997 0.9998 0.9982 0.6777 0.9998 0.5861 0.9997 0.9997 0.9997 0.5815 0.9999 0.9982 0.5805 0.9998 1.0000 0.9997 0.5815
0.9998 0.9983 0.9983 0.9996 0.9998 0.9996 0.9998 0.9997 0.9983 0.9997 0.9999 0.9984 0.9999 0.9997 0.9998 0.9982 0.9996 0.9997 0.9997 0.9984 0.9999 0.9981 0.9999 0.9981 0.9998 0.9997 0.6722 0.9996 0.9981 0.6765 0.9998 0.9996 0.6722 0.9997 0.9999 0.9982 0.6778 0.9998 0.5861 0.9999 0.9998 0.9999 0.5815 0.9998 0.9981 0.5806 0.9998 0.9997 1.0000 0.5815
0.5815 0.5815 0.5815 0.5815 0.5815 0.5815 0.5815 0.5815 0.5815 0.5815 0.5815 0.5815 0.5815 0.5815 0.5815 0.5815 0.5815 0.5815 0.5815 0.5815 0.5815 0.5815 0.5815 0.5815 0.5815 0.5815 0.4853 0.5815 0.5815 0.4857 0.5815 0.5815 0.4853 0.5815 0.5815 0.5815 0.4745 0.5815 0.9460 0.5815 0.5815 0.5815 0.9982 0.5815 0.5815 0.9602 0.5815 0.5815 0.5815 1.0000
