10 -834706.004657
10 -834364.401662
10 -834540.417875
10 -835271.342199
10 -834930.335435
10 -834566.726098
10 -834419.227436
10 -834672.428932
10 -835671.376386
10 -834994.37058
10 -835165.915269
10 -834934.125216
10 -834851.28965
10 -835394.176725
10 -834652.305656
10 -835582.720152
10 -835361.884121
10 -834421.134022
10 -834773.225226
10 -834665.902676
10 -836344.490079
10 -834870.054301
10 -834527.173388
10 -834954.231194
10 -834418.228662
10 -834662.200438
10 -835267.469321
10 -834822.990264
10 -835154.17722
10 -834332.518502
10 -835478.78846
10 -834597.461626
10 -835322.640216
10 -834661.875637
10 -834274.221543
10 -835451.250446
10 -835096.665061
10 -834584.793105
10 -834493.719221
10 -834290.124204
10 -834615.420116
10 -834300.441003
10 -835327.220814
10 -834701.387354
10 -835399.695187
10 -834775.400607
10 -835298.394485
10 -834440.515067
10 -834883.380911
10 -834679.578078
11 -828788.46492
11 -828191.233888
11 -827839.160232
11 -827556.090141
11 -830343.270036
11 -828098.197178
11 -827073.1014
11 -827752.549765
11 -828128.874788
11 -828335.324858
11 -827479.332935
11 -829190.370384
11 -827651.801183
11 -828989.697394
11 -828246.990782
11 -827709.967854
11 -827724.11223
11 -827599.189551
11 -828080.406103
11 -828442.959368
11 -828321.660314
11 -827433.190562
11 -827685.290762
11 -827302.389131
11 -827847.772293
11 -828136.481335
11 -827150.619067
11 -827885.663622
11 -827578.439388
11 -827637.641099
11 -828449.716706
11 -828653.10865
11 -828301.39971
11 -828074.824295
11 -827460.221181
11 -828056.788254
11 -828064.514273
11 -827619.53971
11 -830242.847847
11 -828354.747406
11 -828408.865523
11 -827687.2648
11 -827345.529228
11 -828723.375928
11 -830179.922575
11 -827602.286326
11 -828340.005736
11 -827758.660756
11 -828814.372765
11 -828717.908559
12 -820649.828963
12 -821113.899212
12 -821133.884794
12 -820687.279575
12 -820736.757568
12 -821790.831129
12 -821249.314045
12 -821004.076761
12 -820502.314138
12 -821048.413235
12 -821776.293583
12 -821208.855071
12 -820770.237511
12 -820734.244792
12 -821131.862296
12 -820562.164514
12 -821374.09682
12 -821103.005144
12 -823239.321148
12 -820986.408913
12 -821011.235569
12 -821561.540507
12 -820824.246968
12 -820497.715007
12 -820780.957776
12 -820736.238765
12 -821499.133912
12 -820452.179219
12 -820911.62057
12 -821082.309145
12 -822812.828922
12 -820822.7335
12 -820352.702991
12 -821176.104136
12 -820898.635148
12 -822955.062043
12 -823506.643998
12 -821491.20623
12 -820608.934675
12 -821338.120689
12 -821197.431472
12 -821056.375142
12 -822135.955428
12 -820488.403491
12 -821934.979833
12 -821263.279378
12 -822759.822342
12 -820581.105547
12 -823644.655994
12 -820520.238739
13 -814061.922739
13 -814160.148195
13 -814542.288866
13 -814350.844364
13 -814977.842664
13 -815009.747648
13 -814275.932627
13 -815015.155039
13 -813816.860613
13 -815193.185844
13 -815409.903986
13 -814409.074789
13 -814175.797305
13 -814566.553249
13 -814764.852369
13 -814169.223695
13 -814596.971678
13 -814568.440588
13 -813930.65705
13 -815031.48472
13 -814907.323549
13 -814087.286028
13 -814356.746979
13 -814028.395202
13 -815076.110417
13 -814051.435631
13 -814202.041964
13 -813891.381928
13 -814743.655355
13 -814885.920686
13 -813990.271183
13 -814351.207072
13 -814698.708986
13 -813926.758293
13 -814298.632988
13 -814818.981254
13 -815248.693194
13 -815692.560868
13 -814424.314114
13 -814265.25111
13 -814554.881783
13 -814590.134548
13 -816521.294561
13 -813662.877715
13 -813630.368889
13 -814205.899304
13 -814017.230419
13 -815081.4529
13 -814999.15026
13 -814106.515818
14 -807781.454399
14 -807899.428871
14 -807379.679929
14 -807405.644991
14 -807352.610863
14 -807384.381464
14 -807324.954397
14 -808107.750571
14 -807122.900759
14 -807417.414216
14 -807484.333017
14 -807080.017703
14 -808406.112675
14 -809837.53438
14 -807667.73948
14 -807557.766439
14 -807388.079844
14 -808138.799688
14 -809176.611731
14 -807162.595647
14 -806706.53601
14 -808111.102451
14 -807739.753762
14 -807667.525643
14 -807365.466438
14 -808592.405606
14 -810175.283789
14 -808194.516054
14 -808117.20462
14 -807761.141074
14 -810308.376237
14 -807888.371247
14 -807388.589078
14 -807502.51354
14 -807801.447343
14 -807176.70493
14 -809519.127551
14 -807595.753349
14 -807824.50461
14 -807526.712139
14 -809325.883055
14 -810186.180655
14 -808494.117489
14 -808221.518969
14 -808016.517459
14 -808556.565954
14 -807417.929313
14 -807626.924814
14 -807560.171762
14 -807715.359798
15 -800368.752963
15 -800985.576521
15 -801346.566823
15 -801673.463203
15 -801509.98228
15 -800939.936079
15 -800712.945548
15 -803941.859045
15 -801385.845484
15 -801163.108277
15 -801566.179665
15 -800464.598235
15 -800821.752149
15 -800312.657715
15 -800817.754408
15 -802431.239176
15 -800384.5027
15 -801003.737984
15 -801349.744381
15 -800342.87749
15 -801407.978329
15 -802113.611699
15 -801556.226625
15 -801071.717316
15 -801477.469653
15 -801677.932784
15 -801942.991267
15 -801667.107065
15 -801614.330941
15 -801776.494896
15 -800724.340332
15 -801209.370612
15 -802263.551449
15 -801175.538559
15 -803186.753306
15 -802733.160813
15 -800938.799285
15 -802782.816027
15 -801682.989872
15 -802871.351462
15 -802056.767732
15 -802265.004111
15 -801009.649965
15 -800865.141557
15 -800874.870889
15 -801278.403416
15 -802165.608004
15 -801316.552502
15 -800896.441036
15 -802050.975266
16 -795510.963398
16 -795094.365948
16 -796748.498461
16 -794316.87598
16 -795564.479712
16 -794184.087042
16 -794698.382608
16 -794501.843014
16 -796242.472283
16 -793826.133336
16 -794569.456818
16 -794320.806815
16 -794074.686793
16 -796625.340175
16 -795573.013834
16 -797199.452864
16 -794342.580887
16 -795043.111125
16 -794847.929615
16 -794266.27422
16 -793902.508063
16 -795101.194531
16 -794730.145111
16 -796356.3602
16 -795732.957334
16 -795087.936617
16 -795122.106341
16 -793969.557019
16 -795014.216039
16 -794588.767588
16 -795884.663435
16 -794954.817865
16 -796293.767069
16 -795661.492732
16 -794202.197308
16 -795695.252924
16 -796439.11096
16 -793910.153034
16 -796323.68892
16 -795634.4602
16 -794309.992112
16 -795806.364573
16 -793949.085222
16 -795638.989268
16 -796735.118198
16 -795249.558528
16 -796167.970468
16 -794462.723932
16 -794004.097458
16 -794163.116395
17 -788915.464838
17 -787984.223618
17 -789254.770368
17 -788927.043571
17 -787650.454967
17 -788600.850534
17 -787897.606276
17 -787826.825439
17 -788893.845617
17 -789414.827715
17 -788162.553877
17 -788005.443302
17 -788816.295752
17 -788498.320205
17 -787369.153585
17 -788472.008314
17 -788493.799393
17 -790284.167002
17 -787561.001384
17 -787911.713276
17 -787442.992084
17 -789116.700221
17 -787923.813003
17 -789678.47369
17 -789341.311092
17 -789128.599978
17 -791535.584231
17 -788489.284784
17 -788092.209628
17 -790788.459815
17 -789930.223735
17 -788217.72257
17 -788936.43368
17 -789580.031507
17 -788063.39302
17 -787626.56332
17 -789360.836024
17 -788582.104586
17 -788625.254101
17 -789123.878959
17 -787330.665196
17 -790519.038318
17 -787693.740998
17 -788810.387799
17 -787594.87136
17 -788140.476475
17 -787687.102122
17 -787897.865868
17 -788293.545045
17 -788259.227602
18 -781600.448092
18 -783581.708264
18 -780805.28668
18 -782991.902222
18 -782092.233458
18 -784255.957161
18 -781639.99692
18 -782697.279507
18 -781830.561875
18 -782274.987091
18 -781452.258478
18 -783278.698985
18 -784279.513863
18 -783338.60566
18 -783299.833452
18 -781272.544388
18 -781504.882707
18 -782868.22034
18 -782253.395837
18 -785290.661757
18 -781598.419484
18 -781955.913208
18 -781290.254238
18 -781646.822684
18 -782214.800923
18 -784099.416098
18 -782541.337487
18 -783275.741004
18 -781411.658439
18 -783392.097889
18 -782100.911234
18 -781616.800695
18 -780805.879298
18 -783382.726945
18 -781915.250181
18 -782307.089384
18 -782054.378051
18 -782472.189139
18 -783374.167883
18 -782183.561436
18 -781709.196066
18 -781380.504091
18 -782140.441354
18 -781995.889006
18 -782445.683811
18 -781088.56972
18 -782238.627039
18 -783378.620007
18 -782257.261623
18 -782147.337901
1 -954320.87045
1 -954320.87045
1 -954320.87045
1 -954320.87045
1 -954320.87045
1 -954320.87045
1 -954320.87045
1 -954320.87045
1 -954320.87045
1 -954320.87045
1 -954320.87045
1 -954320.87045
1 -954320.87045
1 -954320.87045
1 -954320.87045
1 -954320.87045
1 -954320.87045
1 -954320.87045
1 -954320.87045
1 -954320.87045
1 -954320.87045
1 -954320.87045
1 -954320.87045
1 -954320.87045
1 -954320.87045
1 -954320.87045
1 -954320.87045
1 -954320.87045
1 -954320.87045
1 -954320.87045
1 -954320.87045
1 -954320.87045
1 -954320.87045
1 -954320.87045
1 -954320.87045
1 -954320.87045
1 -954320.87045
1 -954320.87045
1 -954320.87045
1 -954320.87045
1 -954320.87045
1 -954320.87045
1 -954320.87045
1 -954320.87045
1 -954320.87045
1 -954320.87045
1 -954320.87045
1 -954320.87045
1 -954320.87045
1 -954320.87045
2 -916599.864601
2 -916089.48687
2 -916089.489514
2 -916089.489433
2 -916599.869203
2 -916089.487776
2 -916089.490378
2 -916089.492971
2 -916089.49337
2 -916089.490062
2 -916599.854434
2 -916599.85685
2 -916089.489454
2 -916089.491668
2 -916089.496841
2 -916089.489525
2 -916599.872696
2 -916089.49778
2 -916599.858974
2 -916599.853262
2 -916599.869193
2 -916599.85366
2 -916089.48922
2 -916599.852562
2 -916089.486916
2 -916089.489338
2 -916089.491897
2 -916089.487886
2 -916089.494606
2 -916599.851461
2 -916089.490423
2 -916599.860682
2 -916599.855789
2 -916089.483074
2 -916089.489493
2 -916089.494802
2 -916089.489324
2 -916599.855274
2 -916089.480798
2 -916599.878187
2 -916089.489929
2 -916599.857245
2 -916089.487774
2 -916599.854512
2 -916089.488378
2 -916089.489129
2 -916089.475277
2 -916599.855449
2 -916089.482338
2 -916599.87656
3 -891350.237688
3 -891350.233005
3 -891350.216994
3 -891350.224221
3 -891350.219198
3 -891006.753484
3 -891006.746664
3 -891350.212646
3 -891350.254971
3 -891350.297902
3 -891350.229608
3 -891350.261766
3 -891350.20871
3 -891350.203536
3 -891350.205063
3 -891006.70142
3 -891350.231157
3 -891350.234702
3 -891350.208923
3 -891350.227722
3 -891006.745046
3 -891006.786141
3 -891006.726548
3 -891006.724549
3 -891006.725758
3 -891350.211261
3 -891350.257365
3 -891350.234112
3 -891006.723241
3 -891350.2447
3 -891350.219099
3 -891350.232721
3 -891350.242292
3 -891006.730155
3 -891350.213115
3 -891350.231719
3 -891006.771834
3 -891006.801723
3 -891006.731903
3 -891006.775267
3 -891350.219258
3 -891350.230337
3 -891006.724287
3 -891006.723171
3 -891006.71839
3 -891350.23235
3 -891350.219411
3 -891350.225735
3 -891350.239197
3 -891350.245736
4 -878132.081398
4 -878132.063159
4 -878132.019121
4 -878132.022507
4 -878132.010073
4 -878132.017594
4 -878132.03401
4 -878132.17267
4 -878132.005235
4 -878132.029826
4 -878132.011407
4 -878132.017308
4 -878132.041553
4 -878132.038154
4 -878132.021392
4 -878132.024595
4 -878132.035485
4 -878132.082248
4 -878132.02906
4 -878132.010654
4 -878132.012114
4 -878132.010628
4 -878132.01502
4 -878132.004395
4 -878132.01742
4 -878132.010866
4 -878132.040241
4 -878132.069675
4 -878132.025377
4 -878132.017681
4 -878132.165779
4 -878132.011158
4 -878132.020164
4 -878132.024297
4 -878132.057396
4 -878132.027244
4 -878132.056503
4 -878132.061163
4 -878132.023864
4 -878132.012445
4 -878132.01532
4 -878131.998576
4 -878132.040585
4 -878132.052753
4 -878132.010551
4 -878132.068792
4 -878132.104911
4 -878132.045821
4 -878132.139936
4 -878132.004927
5 -870865.815841
5 -870528.041692
5 -870746.709497
5 -870661.456618
5 -870905.993351
5 -870886.759194
5 -870740.971157
5 -870697.441339
5 -870882.772303
5 -870757.97848
5 -870294.544512
5 -870737.631363
5 -870817.349962
5 -870911.050214
5 -870759.492344
5 -870856.597027
5 -870672.882899
5 -870294.817234
5 -870854.750871
5 -870666.844036
5 -870910.223719
5 -870691.511854
5 -870733.966845
5 -870756.219222
5 -870943.562954
5 -870293.967184
5 -870294.514132
5 -870859.367704
5 -870749.036756
5 -870898.623534
5 -870832.366545
5 -870294.122715
5 -870884.091904
5 -870802.964131
5 -870732.461042
5 -870294.807459
5 -870668.210119
5 -870761.22731
5 -870920.975619
5 -870794.095139
5 -870970.860976
5 -870667.513109
5 -870748.227908
5 -870912.068767
5 -870824.844504
5 -870853.618138
5 -870294.505721
5 -870829.665989
5 -870294.525683
5 -870778.6089
6 -863719.899315
6 -863083.064029
6 -862886.596325
6 -863647.272476
6 -862861.663082
6 -863522.305092
6 -863421.022931
6 -863694.207986
6 -863442.341915
6 -863517.864409
6 -863341.807203
6 -863682.6809
6 -863349.389583
6 -863538.54438
6 -862873.608611
6 -862881.261164
6 -863679.456203
6 -863732.577039
6 -863538.260649
6 -863119.966176
6 -863173.371784
6 -863699.300744
6 -862869.600115
6 -863493.59602
6 -863463.26546
6 -863799.564969
6 -863112.217017
6 -863615.409556
6 -863545.016335
6 -863580.73274
6 -863555.453184
6 -863100.739573
6 -863361.645008
6 -863442.168966
6 -863395.318794
6 -863491.932435
6 -863379.876084
6 -863166.644004
6 -863036.321763
6 -863304.103936
6 -863367.929476
6 -862852.78468
6 -863202.538926
6 -863442.278518
6 -863179.517588
6 -862838.316969
6 -863458.746161
6 -863389.285272
6 -863435.307568
6 -863091.128995
7 -856434.455904
7 -856162.198949
7 -855717.680495
7 -856350.585375
7 -856099.63324
7 -855916.804914
7 -855691.196351
7 -856090.526743
7 -855701.293645
7 -855608.54838
7 -856285.699472
7 -855465.167059
7 -856423.967185
7 -855687.080511
7 -856541.865294
7 -856314.900051
7 -856625.24178
7 -856184.610901
7 -856943.012359
7 -856267.202213
7 -856323.875884
7 -856256.005388
7 -856094.736575
7 -856091.550439
7 -855752.535568
7 -855664.385736
7 -856513.361499
7 -856238.641699
7 -855702.703056
7 -855907.374868
7 -856457.366286
7 -855903.30325
7 -856260.78233
7 -856054.611925
7 -855533.739136
7 -856320.459267
7 -856182.53092
7 -856136.651023
7 -856356.335313
7 -855817.999761
7 -856404.870669
7 -856060.202514
7 -856069.479091
7 -856378.794962
7 -856329.579915
7 -855725.552251
7 -856190.207212
7 -856254.748977
7 -855992.528243
7 -856186.674648
8 -849190.416232
8 -848746.430087
8 -849235.626155
8 -849283.635293
8 -849227.23576
8 -849287.156502
8 -849341.419703
8 -848399.424781
8 -848560.105197
8 -848983.678264
8 -848413.607801
8 -848877.942497
8 -848658.776159
8 -849160.241233
8 -849122.67176
8 -849089.148016
8 -849198.971741
8 -849173.078986
8 -848881.038663
8 -849228.348173
8 -848519.908233
8 -849202.834694
8 -848539.744997
8 -848966.895732
8 -849242.893732
8 -848507.671243
8 -848510.106612
8 -848532.021442
8 -848658.537622
8 -848552.205716
8 -849029.372816
8 -849330.993444
8 -848555.473454
8 -849114.912161
8 -848349.057559
8 -849227.041208
8 -848535.911511
8 -849044.191187
8 -849023.334663
8 -849435.217363
8 -848510.437007
8 -849136.829263
8 -848404.813344
8 -848354.667086
8 -848493.491137
8 -848959.727475
8 -849065.233877
8 -849007.679639
8 -849879.780354
8 -849051.146603
9 -841565.299551
9 -841650.739796
9 -841458.801837
9 -841430.236473
9 -842127.569347
9 -841836.689407
9 -841468.016702
9 -842210.862486
9 -842354.008763
9 -841894.800389
9 -841955.78202
9 -842244.297463
9 -841779.147973
9 -841545.949365
9 -842142.290819
9 -842186.538985
9 -842110.421887
9 -841614.199103
9 -841897.338655
9 -841833.365468
9 -841608.230931
9 -842084.341435
9 -842193.255028
9 -841425.717273
9 -841951.734138
9 -841512.386572
9 -842066.328219
9 -841800.327831
9 -842074.847896
9 -841271.275616
9 -842227.836635
9 -841395.973445
9 -841203.443239
9 -842205.703274
9 -841574.808665
9 -842061.58149
9 -842329.790762
9 -842012.360012
9 -842187.610024
9 -841238.651045
9 -845082.016547
9 -842814.962966
9 -841574.218041
9 -842043.895692
9 -841371.03101
9 -842270.983974
9 -842194.395371
9 -841965.506756
9 -841579.637733
9 -841755.675273
