1.0000 0.9999 0.9999 0.9998 1.0000 0.9999 0.9263 0.9263 0.9999 0.9998 0.9999 0.9263 0.9998 0.9999 0.9998 0.9999 0.9263 0.9999 0.9999 0.9995 1.0000 0.9263 0.9999 0.9263 0.9263 0.9263 0.9999 0.9999 0.9999 0.9263 0.9999 0.9999 0.9999 0.9263 0.9263 0.9999 0.9999 0.9263 0.9263 0.9263 0.9263 1.0000 1.0000 0.9263 0.9999 0.9263 0.9999 1.0000 0.9999 0.9999
0.9999 1.0000 1.0000 0.9998 0.9999 0.9999 0.9263 0.9263 0.9998 0.9999 1.0000 0.9263 0.9999 0.9998 0.9997 0.9998 0.9263 1.0000 1.0000 0.9994 0.9999 0.9263 1.0000 0.9263 0.9263 0.9263 0.9998 0.9999 1.0000 0.9263 0.9999 0.9999 1.0000 0.9263 0.9263 0.9999 1.0000 0.9263 0.9263 0.9263 0.9263 0.9999 0.9999 0.9263 1.0000 0.9263 0.9998 0.9999 1.0000 1.0000
0.9999 1.0000 1.0000 0.9998 0.9999 0.9999 0.9263 0.9263 0.9998 0.9999 1.0000 0.9263 0.9998 0.9999 0.9998 0.9998 0.9263 1.0000 1.0000 0.9994 1.0000 0.9263 0.9999 0.9263 0.9263 0.9263 0.9999 0.9999 1.0000 0.9263 0.9999 0.9999 1.0000 0.9263 0.9263 0.9999 1.0000 0.9263 0.9263 0.9263 0.9263 0.9999 1.0000 0.9263 1.0000 0.9263 0.9999 0.9999 1.0000 0.9999
0.9998 0.9998 0.9998 1.0000 0.9998 0.9998 0.9263 0.9263 0.9998 0.9997 0.9998 0.9263 0.9997 0.9998 0.9999 0.9998 0.9263 0.9998 0.9998 0.9995 0.9998 0.9263 0.9998 0.9263 0.9263 0.9263 0.9998 0.9997 0.9998 0.9263 0.9998 0.9998 0.9998 0.9263 0.9263 0.9998 0.9998 0.9263 0.9263 0.9263 0.9263 0.9998 0.9998 0.9263 0.9998 0.9263 0.9998 0.9998 0.9998 0.9998
1.0000 0.9999 0.9999 0.9998 1.0000 1.0000 0.9263 0.9263 0.9999 0.9998 0.9999 0.9263 0.9998 0.9999 0.9998 0.9999 0.9263 0.9999 0.9999 0.9995 1.0000 0.9263 0.9999 0.9263 0.9263 0.9263 0.9999 0.9999 0.9999 0.9263 0.9999 1.0000 0.9999 0.9263 0.9263 0.9999 0.9999 0.9263 0.9263 0.9263 0.9263 1.0000 1.0000 0.9263 0.9999 0.9263 0.9999 1.0000 0.9999 0.9999
0.9999 0.9999 0.9999 0.9998 1.0000 1.0000 0.9263 0.9263 1.0000 0.9998 0.9999 0.9263 0.9997 1.0000 0.9998 0.9999 0.9263 0.9999 0.9999 0.9995 0.9999 0.9263 0.9998 0.9263 0.9263 0.9263 1.0000 0.9998 0.9999 0.9263 0.9998 1.0000 0.9999 0.9263 0.9263 1.0000 0.9999 0.9263 0.9263 0.9263 0.9263 1.0000 0.9999 0.9263 0.9999 0.9263 1.0000 0.9999 0.9999 0.9998
0.9263 0.9263 0.9263 0.9263 0.9263 0.9263 1.0000 1.0000 0.9263 0.9263 0.9263 0.9998 0.9263 0.9263 0.9263 0.9263 0.9997 0.9263 0.9263 0.9263 0.9263 0.9999 0.9263 0.9999 0.9999 0.9998 0.9263 0.9263 0.9263 0.9999 0.9263 0.9263 0.9263 0.9999 0.9999 0.9263 0.9263 0.9999 0.9998 0.9996 0.9999 0.9263 0.9263 0.9999 0.9263 0.9998 0.9263 0.9263 0.9263 0.9263
0.9263 0.9263 0.9263 0.9263 0.9263 0.9263 1.0000 1.0000 0.9263 0.9263 0.9263 0.9998 0.9263 0.9263 0.9263 0.9263 0.9997 0.9263 0.9263 0.9263 0.9263 1.0000 0.9263 0.9999 0.9999 0.9999 0.9263 0.9263 0.9263 0.9999 0.9263 0.9263 0.9263 0.9999 0.9999 0.9263 0.9263 0.9999 0.9998 0.9996 0.9999 0.9263 0.9263 0.9999 0.9263 0.9999 0.9263 0.9263 0.9263 0.9263
0.9999 0.9998 0.9998 0.9998 0.9999 1.0000 0.9263 0.9263 1.0000 0.9997 0.9998 0.9263 0.9997 1.0000 0.9999 0.9999 0.9263 0.9999 0.9998 0.9996 0.9999 0.9263 0.9998 0.9263 0.9263 0.9263 1.0000 0.9998 0.9998 0.9263 0.9998 0.9999 0.9999 0.9263 0.9263 1.0000 0.9998 0.9263 0.9263 0.9263 0.9263 0.9999 0.9999 0.9263 0.9998 0.9263 1.0000 0.9999 0.9998 0.9998
0.9998 0.9999 0.9999 0.9997 0.9998 0.9998 0.9263 0.9263 0.9997 1.0000 0.9999 0.9263 0.9999 0.9998 0.9997 0.9997 0.9263 0.9999 0.9999 0.9993 0.9999 0.9263 0.9999 0.9263 0.9263 0.9263 0.9998 0.9999 0.9999 0.9263 1.0000 0.9998 0.9999 0.9263 0.9263 0.9998 0.9999 0.9263 0.9263 0.9263 0.9263 0.9998 0.9999 0.9263 0.9999 0.9263 0.9998 0.9998 0.9999 0.9999
0.9999 1.0000 1.0000 0.9998 0.9999 0.9999 0.9263 0.9263 0.9998 0.9999 1.0000 0.9263 0.9998 0.9998 0.9997 0.9998 0.9263 1.0000 1.0000 0.9994 0.9999 0.9263 0.9999 0.9263 0.9263 0.9263 0.9999 0.9999 1.0000 0.9263 0.9999 0.9999 1.0000 0.9263 0.9263 0.9999 1.0000 0.9263 0.9263 0.9263 0.9263 0.9999 1.0000 0.9263 1.0000 0.9263 0.9999 0.9999 0.9999 0.9999
0.9263 0.9263 0.9263 0.9263 0.9263 0.9263 0.9998 0.9998 0.9263 0.9263 0.9263 1.0000 0.9263 0.9263 0.9263 0.9263 0.9996 0.9263 0.9263 0.9263 0.9263 0.9998 0.9263 0.9998 0.9998 0.9997 0.9263 0.9263 0.9263 0.9997 0.9263 0.9263 0.9263 0.9997 0.9997 0.9263 0.9263 0.9999 0.9999 0.9995 0.9999 0.9263 0.9263 0.9997 0.9263 0.9997 0.9263 0.9263 0.9263 0.9263
0.9998 0.9999 0.9998 0.9997 0.9998 0.9997 0.9263 0.9263 0.9997 0.9999 0.9998 0.9263 1.0000 0.9997 0.9996 0.9997 0.9263 0.9998 0.9999 0.9993 0.9998 0.9263 0.9999 0.9263 0.9263 0.9263 0.9997 0.9999 0.9998 0.9263 0.9999 0.9997 0.9998 0.9263 0.9263 0.9997 0.9999 0.9263 0.9263 0.9263 0.9263 0.9998 0.9998 0.9263 0.9998 0.9263 0.9997 0.9998 0.9999 0.9999
0.9999 0.9998 0.9999 0.9998 0.9999 1.0000 0.9263 0.9263 1.0000 0.9998 0.9998 0.9263 0.9997 1.0000 0.9999 0.9999 0.9263 0.9999 0.9998 0.9996 0.9999 0.9263 0.9998 0.9263 0.9263 0.9263 1.0000 0.9998 0.9999 0.9263 0.9998 1.0000 0.9999 0.9263 0.9263 1.0000 0.9999 0.9263 0.9263 0.9263 0.9263 0.9999 0.9999 0.9263 0.9999 0.9263 1.0000 0.9999 0.9998 0.9998
0.9998 0.9997 0.9998 0.9999 0.9998 0.9998 0.9263 0.9263 0.9999 0.9997 0.9997 0.9263 0.9996 0.9999 1.0000 0.9999 0.9263 0.9998 0.9997 0.9996 0.9998 0.9263 0.9997 0.9263 0.9263 0.9263 0.9999 0.9997 0.9998 0.9263 0.9997 0.9998 0.9998 0.9263 0.9263 0.9999 0.9998 0.9263 0.9263 0.9263 0.9263 0.9998 0.9998 0.9263 0.9998 0.9263 0.9998 0.9998 0.9997 0.9997
0.9999 0.9998 0.9998 0.9998 0.9999 0.9999 0.9263 0.9263 0.9999 0.9997 0.9998 0.9263 0.9997 0.9999 0.9999 1.0000 0.9263 0.9998 0.9998 0.9996 0.9998 0.9263 0.9998 0.9263 0.9263 0.9263 0.9999 0.9997 0.9998 0.9263 0.9997 0.9999 0.9998 0.9263 0.9263 0.9999 0.9998 0.9263 0.9263 0.9263 0.9263 0.9999 0.9998 0.9263 0.9998 0.9263 0.9999 0.9999 0.9998 0.9998
0.9263 0.9263 0.9263 0.9263 0.9263 0.9263 0.9997 0.9997 0.9263 0.9263 0.9263 0.9996 0.9263 0.9263 0.9263 0.9263 1.0000 0.9263 0.9263 0.9263 0.9263 0.9997 0.9263 0.9998 0.9998 0.9999 0.9263 0.9263 0.9263 0.9998 0.9263 0.9263 0.9263 0.9998 0.9998 0.9263 0.9263 0.9996 0.9996 0.9998 0.9996 0.9263 0.9263 0.9998 0.9263 0.9999 0.9263 0.9263 0.9263 0.9263
0.9999 1.0000 1.0000 0.9998 0.9999 0.9999 0.9263 0.9263 0.9999 0.9999 1.0000 0.9263 0.9998 0.9999 0.9998 0.9998 0.9263 1.0000 1.0000 0.9994 1.0000 0.9263 0.9999 0.9263 0.9263 0.9263 0.9999 0.9999 1.0000 0.9263 0.9999 0.9999 1.0000 0.9263 0.9263 0.9999 1.0000 0.9263 0.9263 0.9263 0.9263 0.9999 1.0000 0.9263 1.0000 0.9263 0.9999 1.0000 0.9999 0.9999
0.9999 1.0000 1.0000 0.9998 0.9999 0.9999 0.9263 0.9263 0.9998 0.9999 1.0000 0.9263 0.9999 0.9998 0.9997 0.9998 0.9263 1.0000 1.0000 0.9994 0.9999 0.9263 1.0000 0.9263 0.9263 0.9263 0.9998 0.9999 1.0000 0.9263 0.9999 0.9999 1.0000 0.9263 0.9263 0.9999 1.0000 0.9263 0.9263 0.9263 0.9263 0.9999 1.0000 0.9263 1.0000 0.9263 0.9999 0.9999 1.0000 1.0000
0.9995 0.9994 0.9994 0.9995 0.9995 0.9995 0.9263 0.9263 0.9996 0.9993 0.9994 0.9263 0.9993 0.9996 0.9996 0.9996 0.9263 0.9994 0.9994 1.0000 0.9995 0.9262 0.9994 0.9262 0.9262 0.9263 0.9996 0.9994 0.9994 0.9262 0.9994 0.9995 0.9994 0.9262 0.9263 0.9995 0.9994 0.9263 0.9263 0.9263 0.9263 0.9995 0.9995 0.9262 0.9994 0.9262 0.9996 0.9995 0.9994 0.9994
1.0000 0.9999 1.0000 0.9998 1.0000 0.9999 0.9263 0.9263 0.9999 0.9999 0.9999 0.9263 0.9998 0.9999 0.9998 0.9998 0.9263 1.0000 0.9999 0.9995 1.0000 0.9263 0.9999 0.9263 0.9263 0.9263 0.9999 0.9999 1.0000 0.9263 0.9999 0.9999 1.0000 0.9263 0.9263 0.9999 1.0000 0.9263 0.9263 0.9263 0.9263 0.9999 1.0000 0.9263 1.0000 0.9263 0.9999 1.0000 0.9999 0.9999
0.9263 0.9263 0.9263 0.9263 0.9263 0.9263 0.9999 1.0000 0.9263 0.9263 0.9263 0.9998 0.9263 0.9263 0.9263 0.9263 0.9997 0.9263 0.9263 0.9262 0.9263 1.0000 0.9263 0.9999 0.9999 0.9998 0.9263 0.9263 0.9263 0.9999 0.9263 0.9263 0.9263 0.9999 0.9999 0.9263 0.9263 0.9999 0.9998 0.9996 0.9999 0.9263 0.9263 0.9999 0.9263 0.9999 0.9263 0.9263 0.9263 0.9263
0.9999 1.0000 0.9999 0.9998 0.9999 0.9998 0.9263 0.9263 0.9998 0.9999 0.9999 0.9263 0.9999 0.9998 0.9997 0.9998 0.9263 0.9999 1.0000 0.9994 0.9999 0.9263 1.0000 0.9263 0.9263 0.9263 0.9998 0.9999 0.9999 0.9263 1.0000 0.9998 0.9999 0.9263 0.9263 0.9998 0.9999 0.9263 0.9263 0.9263 0.9263 0.9999 0.9999 0.9263 0.9999 0.9263 0.9998 0.9999 1.0000 1.0000
0.9263 0.9263 0.9263 0.9263 0.9263 0.9263 0.9999 0.9999 0.9263 0.9263 0.9263 0.9998 0.9263 0.9263 0.9263 0.9263 0.9998 0.9263 0.9263 0.9262 0.9263 0.9999 0.9263 1.0000 1.0000 0.9999 0.9263 0.9263 0.9263 1.0000 0.9263 0.9263 0.9263 1.0000 0.9999 0.9263 0.9263 0.9998 0.9997 0.9997 0.9998 0.9263 0.9263 1.0000 0.9263 0.9999 0.9263 0.9263 0.9263 0.9263
0.9263 0.9263 0.9263 0.9263 0.9263 0.9263 0.9999 0.9999 0.9263 0.9263 0.9263 0.9998 0.9263 0.9263 0.9263 0.9263 0.9998 0.9263 0.9263 0.9262 0.9263 0.9999 0.9263 1.0000 1.0000 0.9999 0.9263 0.9263 0.9263 1.0000 0.9263 0.9263 0.9263 1.0000 0.9999 0.9263 0.9263 0.9998 0.9997 0.9996 0.9998 0.9263 0.9263 1.0000 0.9263 0.9999 0.9263 0.9263 0.9263 0.9263
0.9263 0.9263 0.9263 0.9263 0.9263 0.9263 0.9998 0.9999 0.9263 0.9263 0.9263 0.9997 0.9263 0.9263 0.9263 0.9263 0.9999 0.9263 0.9263 0.9263 0.9263 0.9998 0.9263 0.9999 0.9999 1.0000 0.9263 0.9263 0.9263 0.9999 0.9263 0.9263 0.9263 0.9999 1.0000 0.9263 0.9263 0.9997 0.9997 0.9997 0.9997 0.9263 0.9263 0.9999 0.9263 1.0000 0.9263 0.9263 0.9263 0.9263
0.9999 0.9998 0.9999 0.9998 0.9999 1.0000 0.9263 0.9263 1.0000 0.9998 0.9999 0.9263 0.9997 1.0000 0.9999 0.9999 0.9263 0.9999 0.9998 0.9996 0.9999 0.9263 0.9998 0.9263 0.9263 0.9263 1.0000 0.9998 0.9999 0.9263 0.9998 1.0000 0.9999 0.9263 0.9263 1.0000 0.9999 0.9263 0.9263 0.9263 0.9263 0.9999 0.9999 0.9263 0.9999 0.9263 1.0000 0.9999 0.9998 0.9998
0.9999 0.9999 0.9999 0.9997 0.9999 0.9998 0.9263 0.9263 0.9998 0.9999 0.9999 0.9263 0.9999 0.9998 0.9997 0.9997 0.9263 0.9999 0.9999 0.9994 0.9999 0.9263 0.9999 0.9263 0.9263 0.9263 0.9998 1.0000 0.9999 0.9263 0.9999 0.9998 0.9999 0.9263 0.9263 0.9998 0.9999 0.9263 0.9263 0.9263 0.9263 0.9998 0.9999 0.9263 0.9999 0.9263 0.9998 0.9999 0.9999 1.0000
0.9999 1.0000 1.0000 0.9998 0.9999 0.9999 0.9263 0.9263 0.9998 0.9999 1.0000 0.9263 0.9998 0.9999 0.9998 0.9998 0.9263 1.0000 1.0000 0.9994 1.0000 0.9263 0.9999 0.9263 0.9263 0.9263 0.9999 0.9999 1.0000 0.9263 0.9999 0.9999 1.0000 0.9263 0.9263 0.9999 1.0000 0.9263 0.9263 0.9263 0.9263 0.9999 1.0000 0.9263 1.0000 0.9263 0.9999 0.9999 1.0000 0.9999
0.9263 0.9263 0.9263 0.9263 0.9263 0.9263 0.9999 0.9999 0.9263 0.9263 0.9263 0.9997 0.9263 0.9263 0.9263 0.9263 0.9998 0.9263 0.9263 0.9262 0.9263 0.9999 0.9263 1.0000 1.0000 0.9999 0.9263 0.9263 0.9263 1.0000 0.9263 0.9263 0.9263 1.0000 0.9999 0.9263 0.9263 0.9998 0.9997 0.9997 0.9997 0.9263 0.9263 1.0000 0.9263 0.9999 0.9263 0.9263 0.9263 0.9263
0.9999 0.9999 0.9999 0.9998 0.9999 0.9998 0.9263 0.9263 0.9998 1.0000 0.9999 0.9263 0.9999 0.9998 0.9997 0.9997 0.9263 0.9999 0.9999 0.9994 0.9999 0.9263 1.0000 0.9263 0.9263 0.9263 0.9998 0.9999 0.9999 0.9263 1.0000 0.9998 0.9999 0.9263 0.9263 0.9998 0.9999 0.9263 0.9263 0.9263 0.9263 0.9998 0.9999 0.9263 0.9999 0.9263 0.9998 0.9999 1.0000 0.9999
0.9999 0.9999 0.9999 0.9998 1.0000 1.0000 0.9263 0.9263 0.9999 0.9998 0.9999 0.9263 0.9997 1.0000 0.9998 0.9999 0.9263 0.9999 0.9999 0.9995 0.9999 0.9263 0.9998 0.9263 0.9263 0.9263 1.0000 0.9998 0.9999 0.9263 0.9998 1.0000 0.9999 0.9263 0.9263 1.0000 0.9999 0.9263 0.9263 0.9263 0.9263 1.0000 0.9999 0.9263 0.9999 0.9263 1.0000 0.9999 0.9999 0.9998
0.9999 1.0000 1.0000 0.9998 0.9999 0.9999 0.9263 0.9263 0.9999 0.9999 1.0000 0.9263 0.9998 0.9999 0.9998 0.9998 0.9263 1.0000 1.0000 0.9994 1.0000 0.9263 0.9999 0.9263 0.9263 0.9263 0.9999 0.9999 1.0000 0.9263 0.9999 0.9999 1.0000 0.9263 0.9263 0.9999 1.0000 0.9263 0.9263 0.9263 0.9263 0.9999 1.0000 0.9263 1.0000 0.9263 0.9999 0.9999 1.0000 0.9999
0.9263 0.9263 0.9263 0.9263 0.9263 0.9263 0.9999 0.9999 0.9263 0.9263 0.9263 0.9997 0.9263 0.9263 0.9263 0.9263 0.9998 0.9263 0.9263 0.9262 0.9263 0.9999 0.9263 1.0000 1.0000 0.9999 0.9263 0.9263 0.9263 1.0000 0.9263 0.9263 0.9263 1.0000 0.9999 0.9263 0.9263 0.9998 0.9997 0.9997 0.9998 0.9263 0.9263 1.0000 0.9263 0.9999 0.9263 0.9263 0.9263 0.9263
0.9263 0.9263 0.9263 0.9263 0.9263 0.9263 0.9999 0.9999 0.9263 0.9263 0.9263 0.9997 0.9263 0.9263 0.9263 0.9263 0.9998 0.9263 0.9263 0.9263 0.9263 0.9999 0.9263 0.9999 0.9999 1.0000 0.9263 0.9263 0.9263 0.9999 0.9263 0.9263 0.9263 0.9999 1.0000 0.9263 0.9263 0.9998 0.9997 0.9997 0.9997 0.9263 0.9263 0.9999 0.9263 0.9999 0.9263 0.9263 0.9263 0.9263
0.9999 0.9999 0.9999 0.9998 0.9999 1.0000 0.9263 0.9263 1.0000 0.9998 0.9999 0.9263 0.9997 1.0000 0.9999 0.9999 0.9263 0.9999 0.9999 0.9995 0.9999 0.9263 0.9998 0.9263 0.9263 0.9263 1.0000 0.9998 0.9999 0.9263 0.9998 1.0000 0.9999 0.9263 0.9263 1.0000 0.9999 0.9263 0.9263 0.9263 0.9263 1.0000 0.9999 0.9263 0.9999 0.9263 1.0000 0.9999 0.9998 0.9998
0.9999 1.0000 1.0000 0.9998 0.9999 0.9999 0.9263 0.9263 0.9998 0.9999 1.0000 0.9263 0.9999 0.9999 0.9998 0.9998 0.9263 1.0000 1.0000 0.9994 1.0000 0.9263 0.9999 0.9263 0.9263 0.9263 0.9999 0.9999 1.0000 0.9263 0.9999 0.9999 1.0000 0.9263 0.9263 0.9999 1.0000 0.9263 0.9263 0.9263 0.9263 0.9999 1.0000 0.9263 1.0000 0.9263 0.9999 0.9999 1.0000 0.9999
0.9263 0.9263 0.9263 0.9263 0.9263 0.9263 0.9999 0.9999 0.9263 0.9263 0.9263 0.9999 0.9263 0.9263 0.9263 0.9263 0.9996 0.9263 0.9263 0.9263 0.9263 0.9999 0.9263 0.9998 0.9998 0.9997 0.9263 0.9263 0.9263 0.9998 0.9263 0.9263 0.9263 0.9998 0.9998 0.9263 0.9263 1.0000 0.9999 0.9995 1.0000 0.9263 0.9263 0.9998 0.9263 0.9997 0.9263 0.9263 0.9263 0.9263
0.9263 0.9263 0.9263 0.9263 0.9263 0.9263 0.9998 0.9998 0.9263 0.9263 0.9263 0.9999 0.9263 0.9263 0.9263 0.9263 0.9996 0.9263 0.9263 0.9263 0.9263 0.9998 0.9263 0.9997 0.9997 0.9997 0.9263 0.9263 0.9263 0.9997 0.9263 0.9263 0.9263 0.9997 0.9997 0.9263 0.9263 0.9999 1.0000 0.9994 0.9999 0.9263 0.9263 0.9997 0.9263 0.9997 0.9263 0.9263 0.9263 0.9263
0.9263 0.9263 0.9263 0.9263 0.9263 0.9263 0.9996 0.9996 0.9263 0.9263 0.9263 0.9995 0.9263 0.9263 0.9263 0.9263 0.9998 0.9263 0.9263 0.9263 0.9263 0.9996 0.9263 0.9997 0.9996 0.9997 0.9263 0.9263 0.9263 0.9997 0.9263 0.9263 0.9263 0.9997 0.9997 0.9263 0.9263 0.9995 0.9994 1.0000 0.9995 0.9263 0.9263 0.9997 0.9263 0.9997 0.9263 0.9263 0.9263 0.9263
0.9263 0.9263 0.9263 0.9263 0.9263 0.9263 0.9999 0.9999 0.9263 0.9263 0.9263 0.9999 0.9263 0.9263 0.9263 0.9263 0.9996 0.9263 0.9263 0.9263 0.9263 0.9999 0.9263 0.9998 0.9998 0.9997 0.9263 0.9263 0.9263 0.9997 0.9263 0.9263 0.9263 0.9998 0.9997 0.9263 0.9263 1.0000 0.9999 0.9995 1.0000 0.9263 0.9263 0.9997 0.9263 0.9997 0.9263 0.9263 0.9263 0.9263
1.0000 0.9999 0.9999 0.9998 1.0000 1.0000 0.9263 0.9263 0.9999 0.9998 0.9999 0.9263 0.9998 0.9999 0.9998 0.9999 0.9263 0.9999 0.9999 0.9995 0.9999 0.9263 0.9999 0.9263 0.9263 0.9263 0.9999 0.9998 0.9999 0.9263 0.9998 1.0000 0.9999 0.9263 0.9263 1.0000 0.9999 0.9263 0.9263 0.9263 0.9263 1.0000 0.9999 0.9263 0.9999 0.9263 0.9999 1.0000 0.9999 0.9999
1.0000 0.9999 1.0000 0.9998 1.0000 0.9999 0.9263 0.9263 0.9999 0.9999 1.0000 0.9263 0.9998 0.9999 0.9998 0.9998 0.9263 1.0000 1.0000 0.9995 1.0000 0.9263 0.9999 0.9263 0.9263 0.9263 0.9999 0.9999 1.0000 0.9263 0.9999 0.9999 1.0000 0.9263 0.9263 0.9999 1.0000 0.9263 0.9263 0.9263 0.9263 0.9999 1.0000 0.9263 1.0000 0.9263 0.9999 1.0000 0.9999 0.9999
0.9263 0.9263 0.9263 0.9263 0.9263 0.9263 0.9999 0.9999 0.9263 0.9263 0.9263 0.9997 0.9263 0.9263 0.9263 0.9263 0.9998 0.9263 0.9263 0.9262 0.9263 0.9999 0.9263 1.0000 1.0000 0.9999 0.9263 0.9263 0.9263 1.0000 0.9263 0.9263 0.9263 1.0000 0.9999 0.9263 0.9263 0.9998 0.9997 0.9997 0.9997 0.9263 0.9263 1.0000 0.9263 0.9999 0.9263 0.9263 0.9263 0.9263
0.9999 1.0000 1.0000 0.9998 0.9999 0.9999 0.9263 0.9263 0.9998 0.9999 1.0000 0.9263 0.9998 0.9999 0.9998 0.9998 0.9263 1.0000 1.0000 0.9994 1.0000 0.9263 0.9999 0.9263 0.9263 0.9263 0.9999 0.9999 1.0000 0.9263 0.9999 0.9999 1.0000 0.9263 0.9263 0.9999 1.0000 0.9263 0.9263 0.9263 0.9263 0.9999 1.0000 0.9263 1.0000 0.9263 0.9999 0.9999 1.0000 0.9999
0.9263 0.9263 0.9263 0.9263 0.9263 0.9263 0.9998 0.9999 0.9263 0.9263 0.9263 0.9997 0.9263 0.9263 0.9263 0.9263 0.9999 0.9263 0.9263 0.9262 0.9263 0.9999 0.9263 0.9999 0.9999 1.0000 0.9263 0.9263 0.9263 0.9999 0.9263 0.9263 0.9263 0.9999 0.9999 0.9263 0.9263 0.9997 0.9997 0.9997 0.9997 0.9263 0.9263 0.9999 0.9263 1.0000 0.9263 0.9263 0.9263 0.9263
0.9999 0.9998 0.9999 0.9998 0.9999 1.0000 0.9263 0.9263 1.0000 0.9998 0.9999 0.9263 0.9997 1.0000 0.9998 0.9999 0.9263 0.9999 0.9999 0.9996 0.9999 0.9263 0.9998 0.9263 0.9263 0.9263 1.0000 0.9998 0.9999 0.9263 0.9998 1.0000 0.9999 0.9263 0.9263 1.0000 0.9999 0.9263 0.9263 0.9263 0.9263 0.9999 0.9999 0.9263 0.9999 0.9263 1.0000 0.9999 0.9998 0.9998
1.0000 0.9999 0.9999 0.9998 1.0000 0.9999 0.9263 0.9263 0.9999 0.9998 0.9999 0.9263 0.9998 0.9999 0.9998 0.9999 0.9263 1.0000 0.9999 0.9995 1.0000 0.9263 0.9999 0.9263 0.9263 0.9263 0.9999 0.9999 0.9999 0.9263 0.9999 0.9999 0.9999 0.9263 0.9263 0.9999 0.9999 0.9263 0.9263 0.9263 0.9263 1.0000 1.0000 0.9263 0.9999 0.9263 0.9999 1.0000 0.9999 0.9999
0.9999 1.0000 1.0000 0.9998 0.9999 0.9999 0.9263 0.9263 0.9998 0.9999 0.9999 0.9263 0.9999 0.9998 0.9997 0.9998 0.9263 0.9999 1.0000 0.9994 0.9999 0.9263 1.0000 0.9263 0.9263 0.9263 0.9998 0.9999 1.0000 0.9263 1.0000 0.9999 1.0000 0.9263 0.9263 0.9998 1.0000 0.9263 0.9263 0.9263 0.9263 0.9999 0.9999 0.9263 1.0000 0.9263 0.9998 0.9999 1.0000 1.0000
0.9999 1.0000 0.9999 0.9998 0.9999 0.9998 0.9263 0.9263 0.9998 0.9999 0.9999 0.9263 0.9999 0.9998 0.9997 0.9998 0.9263 0.9999 1.0000 0.9994 0.9999 0.9263 1.0000 0.9263 0.9263 0.9263 0.9998 1.0000 0.9999 0.9263 0.9999 0.9998 0.9999 0.9263 0.9263 0.9998 0.9999 0.9263 0.9263 0.9263 0.9263 0.9999 0.9999 0.9263 0.9999 0.9263 0.9998 0.9999 1.0000 1.0000
