1:	0.1578 0.0350 0.0712 0.0101 0.0071 0.0183 0.0310 0.0118 0.1721 0.0762 0.2174 0.1892 0.0030 	7
2:	0.1667 0.0000 0.0237 0.0000 0.5102 0.0059 0.0437 0.1942 0.0557 0.0000 0.0000 0.0000 0.0000 	6
3:	0.0000 0.0000 0.0000 0.0000 0.0000 0.0000 0.0000 0.2500 0.2500 0.1275 0.3725 0.0000 0.0000 	4
4:	0.2152 0.0000 0.1922 0.0021 0.0024 0.0035 0.0364 0.0105 0.1849 0.1142 0.1652 0.0690 0.0044 	16
5:	0.0000 0.0000 0.2993 0.0000 0.0000 0.0046 0.1375 0.1553 0.0000 0.0000 0.1621 0.2290 0.0122 	1
6:	0.0166 0.0932 0.1536 0.0874 0.0125 0.0504 0.0958 0.0656 0.0935 0.1742 0.0395 0.1093 0.0084 	23
7:	0.1667 0.0000 0.0000 0.0000 0.0000 0.1667 0.0000 0.1667 0.1667 0.1667 0.1667 0.0000 0.0000 	6
8:	0.3111 0.0000 0.1888 0.0034 0.0000 0.0000 0.2964 0.0000 0.2003 0.0000 0.0000 0.0000 0.0000 	2
9:	0.0000 0.0000 0.0000 0.0000 0.0000 0.0000 1.0000 0.0000 0.0000 0.0000 0.0000 0.0000 0.0000 	1
10:	0.0504 0.0014 0.0339 0.0013 0.0040 0.0029 0.3660 0.0199 0.0109 0.2029 0.0465 0.0531 0.2068 	10
