1 1 (0) 1 : 0.01042366636016040307 0.04935145819723645022 0.19722775619599286490 0.22903688456166229614 0.06981953918472580400 0.10459927396418769452 0.00000000099999999999 0.00000000099999999999 0.00000000099999999999 0.00000000099999999999 0.21669411919337694394 0.12284729734265761869 0.00000000099999999999
2 2 (0) 1 : 0.00000000099999999974 0.00000000099999999974 0.00000000099999999974 0.00000000099999999974 0.99999998800000011734 0.00000000099999999974 0.00000000099999999974 0.00000000099999999974 0.00000000099999999974 0.00000000099999999974 0.00000000099999999974 0.00000000099999999974 0.00000000099999999974
3 3 (0) 1 : 0.00000002059558665892 0.00000000099999999994 0.00000000099999999994 0.00000000099999999994 0.00000000099999999994 0.42913805161307883029 0.55208140355218970896 0.01878051523914501739 0.00000000099999999994 0.00000000099999999994 0.00000000099999999994 0.00000000099999999994 0.00000000099999999994
4 4 (0) 1 : 0.00000000099999999998 0.00001012998495710837 0.00000000099999999998 0.41192954887437915890 0.22893480783793968003 0.00000000099999999998 0.23265077240039649942 0.03625168833830061388 0.00000000099999999998 0.06112363097930853528 0.00000000099999999998 0.02909941558471839870 0.00000000099999999998
5 5 (0) 1 : 0.00000000099999999998 0.00000000099999999998 0.00000000099999999998 0.33355774638880214544 0.00000000099999999998 0.00000000099999999998 0.31977682431337084434 0.00000000099999999998 0.00000000099999999998 0.06671050736024609906 0.00000000099999999998 0.05550001537912702121 0.22445489855845401905
6 6 (0) 1 : 0.01081434561436876371 0.00000000099999999999 0.30123994753077998343 0.23008886127706149050 0.22307532407457078549 0.00000000099999999999 0.00000000099999999999 0.01531379851912203355 0.08241087920433379232 0.00000000099999999999 0.00000000099999999999 0.03739930336897803048 0.09965753541078530009
7 7 (0) 1 : 0.00000000099999999960 0.00000000099999999960 0.00000000099999999960 0.00000000099999999960 0.00000000099999999960 0.00000000099999999960 0.00000000099999999960 0.00000000099999999960 0.00000000099999999960 0.00000000099999999960 0.00000000099999999960 0.00000000099999999960 0.99999998799999989529
8 8 (0) 2 : 0.00000000099999999997 0.06126177522825887456 0.14192545207327764145 0.33416743867710374527 0.00000000099999999997 0.00000000099999999997 0.00000000099999999997 0.00000000099999999997 0.16525759590308555791 0.03540087238446885942 0.26198685873380550548 0.00000000099999999997 0.00000000099999999997
9 9 (0) 2 : 0.00000000099999999950 0.99999998800000022836 0.00000000099999999950 0.00000000099999999950 0.00000000099999999950 0.00000000099999999950 0.00000000099999999950 0.00000000099999999950 0.00000000099999999950 0.00000000099999999950 0.00000000099999999950 0.00000000099999999950 0.00000000099999999950
10 10 (0) 2 : 0.00000000099999999924 0.99999998800000033938 0.00000000099999999924 0.00000000099999999924 0.00000000099999999924 0.00000000099999999924 0.00000000099999999924 0.00000000099999999924 0.00000000099999999924 0.00000000099999999924 0.00000000099999999924 0.00000000099999999924 0.00000000099999999924
11 11 (0) 2 : 0.00000000099999999967 0.99999998800000033938 0.00000000099999999967 0.00000000099999999967 0.00000000099999999967 0.00000000099999999967 0.00000000099999999967 0.00000000099999999967 0.00000000099999999967 0.00000000099999999967 0.00000000099999999967 0.00000000099999999967 0.00000000099999999967
12 12 (0) 2 : 0.00000000099999999972 0.00000000099999999972 0.00000000099999999972 0.00000000099999999972 0.00000000099999999972 0.00000000099999999972 0.99999998800000011734 0.00000000099999999972 0.00000000099999999972 0.00000000099999999972 0.00000000099999999972 0.00000000099999999972 0.00000000099999999972
13 13 (0) 2 : 0.00000000099999999957 0.00000000099999999957 0.00000000099999999957 0.00000000099999999957 0.00000000099999999957 0.00000000099999999957 0.00000000099999999957 0.00000000099999999957 0.99999998800000011734 0.00000000099999999957 0.00000000099999999957 0.00000000099999999957 0.00000000099999999957
14 14 (0) 3 : 0.00000000099999999970 0.00000000099999999970 0.00000000099999999970 0.99999998800000011734 0.00000000099999999970 0.00000000099999999970 0.00000000099999999970 0.00000000099999999970 0.00000000099999999970 0.00000000099999999970 0.00000000099999999970 0.00000000099999999970 0.00000000099999999970
15 15 (0) 3 : 0.00000000099999999969 0.00000000099999999969 0.00000000099999999969 0.00000000099999999969 0.99999998800000022836 0.00000000099999999969 0.00000000099999999969 0.00000000099999999969 0.00000000099999999969 0.00000000099999999969 0.00000000099999999969 0.00000000099999999969 0.00000000099999999969
16 16 (0) 3 : 0.00000000099999999992 0.00000000099999999992 0.00000000099999999992 0.00000000099999999992 0.49008115812661617872 0.50991883087338396585 0.00000000099999999992 0.00000000099999999992 0.00000000099999999992 0.00000000099999999992 0.00000000099999999992 0.00000000099999999992 0.00000000099999999992
17 17 (0) 3 : 0.00000000099999999947 0.00000000099999999947 0.00000000099999999947 0.00000000099999999947 0.00000000099999999947 0.00000000099999999947 0.00000000099999999947 0.00000000099999999947 0.99999998800000000632 0.00000000099999999947 0.00000000099999999947 0.00000000099999999947 0.00000000099999999947
18 18 (0) 4 : 0.00000000099999999992 0.00000000099999999992 0.00000000099999999992 0.35701840755246333492 0.64298147109475656258 0.00000000099999999992 0.00000000099999999992 0.00000000099999999992 0.00000011135278029415 0.00000000099999999992 0.00000000099999999992 0.00000000099999999992 0.00000000099999999992
19 19 (0) 4 : 0.00000000099999999969 0.00000000099999999969 0.99999998800000022836 0.00000000099999999969 0.00000000099999999969 0.00000000099999999969 0.00000000099999999969 0.00000000099999999969 0.00000000099999999969 0.00000000099999999969 0.00000000099999999969 0.00000000099999999969 0.00000000099999999969
20 20 (0) 4 : 0.00000000099999999975 0.00000000099999999975 0.00000000099999999975 0.00000000099999999975 0.00000000099999999975 0.00000000099999999975 0.99999998800000000632 0.00000000099999999975 0.00000000099999999975 0.00000000099999999975 0.00000000099999999975 0.00000000099999999975 0.00000000099999999975
21 21 (0) 4 : 0.00000000099999999974 0.00000000099999999974 0.00000000099999999974 0.99999998800000022836 0.00000000099999999974 0.00000000099999999974 0.00000000099999999974 0.00000000099999999974 0.00000000099999999974 0.00000000099999999974 0.00000000099999999974 0.00000000099999999974 0.00000000099999999974
22 22 (0) 4 : 0.00000000099999999976 0.00000000099999999976 0.99999998800000022836 0.00000000099999999976 0.00000000099999999976 0.00000000099999999976 0.00000000099999999976 0.00000000099999999976 0.00000000099999999976 0.00000000099999999976 0.00000000099999999976 0.00000000099999999976 0.00000000099999999976
23 23 (0) 4 : 0.00000000099999999978 0.00000000099999999978 0.00000000099999999978 0.00000000099999999978 0.00000000099999999978 0.99999998800000022836 0.00000000099999999978 0.00000000099999999978 0.00000000099999999978 0.00000000099999999978 0.00000000099999999978 0.00000000099999999978 0.00000000099999999978
24 24 (0) 4 : 0.00060435426467940251 0.00000000099999999996 0.00000000099999999996 0.22563488505141424123 0.00000000099999999996 0.26677002704327684723 0.28278995281444424537 0.00000000099999999996 0.11965409495641772530 0.00000000099999999996 0.00000000099999999996 0.00000000099999999996 0.10454667886976762303
25 25 (0) 4 : 0.00000000099999999978 0.00000000099999999978 0.00000000099999999978 0.00000000099999999978 0.99999998800000022836 0.00000000099999999978 0.00000000099999999978 0.00000000099999999978 0.00000000099999999978 0.00000000099999999978 0.00000000099999999978 0.00000000099999999978 0.00000000099999999978
26 26 (0) 4 : 0.00000000099999999959 0.00000000099999999959 0.00000000099999999959 0.00000000099999999959 0.00000000099999999959 0.00000000099999999959 0.00000000099999999959 0.00000000099999999959 0.00000000099999999959 0.00000000099999999959 0.00000000099999999959 0.00000000099999999959 0.99999998800000000632
27 27 (0) 4 : 0.00000000099999999995 0.00000000099999999995 0.00000000099999999995 0.30471462819807471067 0.00000000099999999995 0.40211500062845106918 0.00000000099999999995 0.00000000099999999995 0.00000000099999999995 0.00000000099999999995 0.29317036117347433644 0.00000000099999999995 0.00000000099999999995
28 28 (0) 4 : 0.07046392493280813352 0.03812598321527745776 0.07517455617536047963 0.07166949595245974969 0.00000000099999999999 0.15793097345708320689 0.16122675935977712203 0.03337073972607300376 0.04752751852181073128 0.05544994935769409494 0.28906009630165591107 0.00000000099999999999 0.00000000099999999999
29 29 (0) 4 : 0.00000000099999999974 0.00000000099999999974 0.00000000099999999974 0.99999998800000011734 0.00000000099999999974 0.00000000099999999974 0.00000000099999999974 0.00000000099999999974 0.00000000099999999974 0.00000000099999999974 0.00000000099999999974 0.00000000099999999974 0.00000000099999999974
30 30 (0) 4 : 0.00000000099999999978 0.00000000099999999978 0.99999998800000011734 0.00000000099999999978 0.00000000099999999978 0.00000000099999999978 0.00000000099999999978 0.00000000099999999978 0.00000000099999999978 0.00000000099999999978 0.00000000099999999978 0.00000000099999999978 0.00000000099999999978
31 31 (0) 4 : 0.00000000099999999964 0.00000000099999999964 0.00000000099999999964 0.00000000099999999964 0.99999998800000022836 0.00000000099999999964 0.00000000099999999964 0.00000000099999999964 0.00000000099999999964 0.00000000099999999964 0.00000000099999999964 0.00000000099999999964 0.00000000099999999964
32 32 (0) 4 : 0.00000000099999999966 0.00000000099999999966 0.00000000099999999966 0.00000000099999999966 0.00000000099999999966 0.00000000099999999966 0.99999998800000000632 0.00000000099999999966 0.00000000099999999966 0.00000000099999999966 0.00000000099999999966 0.00000000099999999966 0.00000000099999999966
33 33 (0) 4 : 0.00000000099999999974 0.00000000099999999974 0.00000000099999999974 0.00000000099999999974 0.00000000099999999974 0.00000000099999999974 0.99999998800000000632 0.00000000099999999974 0.00000000099999999974 0.00000000099999999974 0.00000000099999999974 0.00000000099999999974 0.00000000099999999974
34 34 (0) 5 : 0.01216106290626793422 0.00000000099999999998 0.29932969454385488506 0.00000000099999999998 0.16208554443603470641 0.00000000099999999998 0.00000000099999999998 0.00000000099999999998 0.15526043822312776688 0.00463492856954500661 0.13754294902220112751 0.00000002515040652043 0.22898535214856208242
35 35 (0) 6 : 0.00000000099999999995 0.07509610435587688038 0.00000000099999999995 0.00000000099999999995 0.25733345392528300666 0.00000000099999999995 0.00000000099999999995 0.00000000099999999995 0.00000000099999999995 0.04669298577373451331 0.62087744694510549337 0.00000000099999999995 0.00000000099999999995
36 36 (0) 6 : 0.00000000099999999971 0.00000000099999999971 0.00000000099999999971 0.99999998800000022836 0.00000000099999999971 0.00000000099999999971 0.00000000099999999971 0.00000000099999999971 0.00000000099999999971 0.00000000099999999971 0.00000000099999999971 0.00000000099999999971 0.00000000099999999971
37 37 (0) 6 : 0.00000000099999999896 0.00000000099999999896 0.00000000099999999896 0.00000000099999999896 0.00000000099999999896 0.00000000099999999896 0.00000000099999999896 0.00000000099999999896 0.00000000099999999896 0.99999998800000000632 0.00000000099999999896 0.00000000099999999896 0.00000000099999999896
38 38 (0) 6 : 0.02497887938316068965 0.08765655020302035028 0.10695192838335494667 0.12190176918731984723 0.14436171287680080177 0.08980777294513431208 0.00000000099999999997 0.00000000099999999997 0.03608778722912173859 0.00000000099999999997 0.22463800762586116910 0.00000000099999999997 0.16361558816622623347
39 39 (0) 6 : 0.00000000099999999955 0.00000000099999999955 0.00000000099999999955 0.00000000099999999955 0.00000000099999999955 0.00000000099999999955 0.00000000099999999955 0.00000000099999999955 0.00000000099999999955 0.00000000099999999955 0.00000000099999999955 0.00000000099999999955 0.99999998800000000632
40 40 (0) 6 : 0.00000465648990086987 0.00000000099999999999 0.00000000432378747669 0.17447936054264340244 0.27747962804044357110 0.24308957608349479607 0.00000000711292396306 0.00000000099999999999 0.11267615668794693506 0.02297123698143845386 0.00000000099999999999 0.04231316703279536934 0.12698620370462529450
41 41 (0) 6 : 0.00000000099999999966 0.00000000099999999966 0.00000000099999999966 0.00000000099999999966 0.00000000099999999966 0.00000000099999999966 0.00000000099999999966 0.00000000099999999966 0.00000000099999999966 0.00000000099999999966 0.00000000099999999966 0.99999998800000000632 0.00000000099999999966
42 42 (0) 6 : 0.05275176722317386629 0.00977061974459687843 0.20641646463978072235 0.16746930577814911345 0.22832787240485036273 0.00000000099999999999 0.19733804588693881765 0.00000000099999999999 0.06120774211868149767 0.03054050193505953095 0.00002054705231839702 0.01488313546890057855 0.03127399574755018730
43 43 (0) 6 : 0.00000000099999999973 0.00000000099999999973 0.00000000099999999973 0.00000000099999999973 0.00000000099999999973 0.00000000099999999973 0.00000000099999999973 0.00000000099999999973 0.00000000099999999973 0.00000000099999999973 0.99999998799999989529 0.00000000099999999973 0.00000000099999999973
44 44 (0) 6 : 0.02624637513589642840 0.01386294515065251455 0.06436341931803274408 0.18165287456003492705 0.00000000099999999999 0.23363013001861185347 0.08313935683005135857 0.00000000099999999999 0.09364654401894627334 0.00000000099999999999 0.15061127659345205365 0.02900150903234882324 0.12384556634197325942
45 45 (0) 6 : 0.00000000099999999973 0.00000000099999999973 0.99999998800000022836 0.00000000099999999973 0.00000000099999999973 0.00000000099999999973 0.00000000099999999973 0.00000000099999999973 0.00000000099999999973 0.00000000099999999973 0.00000000099999999973 0.00000000099999999973 0.00000000099999999973
46 46 (0) 6 : 0.00000000099999999838 0.00000000099999999838 0.00000000099999999838 0.00000000099999999838 0.00000000099999999838 0.00000000099999999838 0.00000000099999999838 0.99999998800000000632 0.00000000099999999838 0.00000000099999999838 0.00000000099999999838 0.00000000099999999838 0.00000000099999999838
47 47 (0) 6 : 0.00000000099999999972 0.00000000099999999972 0.99999998800000011734 0.00000000099999999972 0.00000000099999999972 0.00000000099999999972 0.00000000099999999972 0.00000000099999999972 0.00000000099999999972 0.00000000099999999972 0.00000000099999999972 0.00000000099999999972 0.00000000099999999972
48 48 (0) 6 : 0.00000000099999999975 0.00000000099999999975 0.00000000099999999975 0.00000000099999999975 0.00000000099999999975 0.99999998800000022836 0.00000000099999999975 0.00000000099999999975 0.00000000099999999975 0.00000000099999999975 0.00000000099999999975 0.00000000099999999975 0.00000000099999999975
49 49 (0) 6 : 0.00000000099999999726 0.00000000099999999726 0.00000000099999999726 0.00000000099999999726 0.00000000099999999726 0.00000000099999999726 0.00000000099999999726 0.00000000099999999726 0.00000000099999999726 0.00000000099999999726 0.00000000099999999726 0.99999998800000000632 0.00000000099999999726
50 50 (0) 6 : 0.07206670097653615492 0.04737265570170528378 0.00000000099999999996 0.19950017649878504233 0.00000000099999999996 0.43922446509634593959 0.00000000099999999996 0.00000000099999999996 0.20441365034706221460 0.03742230119420044548 0.00000004418536496602 0.00000000099999999996 0.00000000099999999996
51 51 (0) 6 : 0.01649448426349750876 0.05273028725725476679 0.15428568404323447782 0.30601777630273269137 0.00000000985812635975 0.00185958473125285477 0.10195266616342819888 0.01053934470203746025 0.00000000100000000000 0.02219039707294024472 0.20711814538154876830 0.05853166313867138454 0.06827995608527534510
52 52 (0) 6 : 0.00000000099999999903 0.00000000099999999903 0.00000000099999999903 0.00000000099999999903 0.00000000099999999903 0.00000000099999999903 0.00000000099999999903 0.99999998800000000632 0.00000000099999999903 0.00000000099999999903 0.00000000099999999903 0.00000000099999999903 0.00000000099999999903
53 53 (0) 6 : 0.00000000099999999977 0.00000000099999999977 0.00000000099999999977 0.00000000099999999977 0.00000000099999999977 0.99999998800000011734 0.00000000099999999977 0.00000000099999999977 0.00000000099999999977 0.00000000099999999977 0.00000000099999999977 0.00000000099999999977 0.00000000099999999977
54 54 (0) 6 : 0.00000000099999999950 0.00000000099999999950 0.00000000099999999950 0.00000000099999999950 0.00000000099999999950 0.00000000099999999950 0.00000000099999999950 0.00000000099999999950 0.00000000099999999950 0.00000000099999999950 0.00000000099999999950 0.00000000099999999950 0.99999998800000000632
55 55 (0) 6 : 0.00000000099999999974 0.00000000099999999974 0.00000000099999999974 0.00000000099999999974 0.00000000099999999974 0.99999998800000022836 0.00000000099999999974 0.00000000099999999974 0.00000000099999999974 0.00000000099999999974 0.00000000099999999974 0.00000000099999999974 0.00000000099999999974
56 56 (0) 6 : 0.00000000099999999974 0.00000000099999999974 0.99999998800000022836 0.00000000099999999974 0.00000000099999999974 0.00000000099999999974 0.00000000099999999974 0.00000000099999999974 0.00000000099999999974 0.00000000099999999974 0.00000000099999999974 0.00000000099999999974 0.00000000099999999974
57 57 (0) 6 : 0.00000000099999999956 0.00000000099999999956 0.00000000099999999956 0.00000000099999999956 0.00000000099999999956 0.00000000099999999956 0.00000000099999999956 0.00000000099999999956 0.99999998800000011734 0.00000000099999999956 0.00000000099999999956 0.00000000099999999956 0.00000000099999999956
58 58 (0) 7 : 0.00000000099999999977 0.00000000099999999977 0.00000000099999999977 0.00000000099999999977 0.00000000099999999977 0.99999998800000011734 0.00000000099999999977 0.00000000099999999977 0.00000000099999999977 0.00000000099999999977 0.00000000099999999977 0.00000000099999999977 0.00000000099999999977
59 59 (0) 7 : 0.00000000099999999972 0.00000000099999999972 0.00000000099999999972 0.00000000099999999972 0.99999998800000011734 0.00000000099999999972 0.00000000099999999972 0.00000000099999999972 0.00000000099999999972 0.00000000099999999972 0.00000000099999999972 0.00000000099999999972 0.00000000099999999972
60 60 (0) 7 : 0.00000000099999999970 0.00000000099999999970 0.00000000099999999970 0.99999998800000022836 0.00000000099999999970 0.00000000099999999970 0.00000000099999999970 0.00000000099999999970 0.00000000099999999970 0.00000000099999999970 0.00000000099999999970 0.00000000099999999970 0.00000000099999999970
61 61 (0) 7 : 0.00000000099999999958 0.00000000099999999958 0.00000000099999999958 0.00000000099999999958 0.00000000099999999958 0.00000000099999999958 0.00000000099999999958 0.00000000099999999958 0.99999998800000011734 0.00000000099999999958 0.00000000099999999958 0.00000000099999999958 0.00000000099999999958
62 62 (0) 7 : 0.00000000099999999884 0.00000000099999999884 0.00000000099999999884 0.00000000099999999884 0.00000000099999999884 0.00000000099999999884 0.00000000099999999884 0.00000000099999999884 0.00000000099999999884 0.99999998799999989529 0.00000000099999999884 0.00000000099999999884 0.00000000099999999884
63 63 (0) 7 : 0.00000000099999999973 0.00000000099999999973 0.00000000099999999973 0.00000000099999999973 0.00000000099999999973 0.00000000099999999973 0.99999998800000000632 0.00000000099999999973 0.00000000099999999973 0.00000000099999999973 0.00000000099999999973 0.00000000099999999973 0.00000000099999999973
64 64 (0) 8 : 0.00000000099999999993 0.00000000099999999993 0.00000000099999999993 0.40052317498215922464 0.00000000099999999993 0.00000000099999999993 0.00000000099999999993 0.00676927865180038200 0.00000000099999999993 0.00000000099999999993 0.59270753636604023296 0.00000000099999999993 0.00000000099999999993
65 65 (0) 8 : 0.00000000099999999993 0.00000000099999999993 0.37765544322905864050 0.00000000099999999993 0.00000000099999999993 0.00000000099999999993 0.62234454577094144856 0.00000000099999999993 0.00000000099999999993 0.00000000099999999993 0.00000000099999999993 0.00000000099999999993 0.00000000099999999993
66 66 (0) 9 : 0.00000000099999999971 0.00000000099999999971 0.00000000099999999971 0.00000000099999999971 0.00000000099999999971 0.00000000099999999971 0.00000000099999999971 0.00000000099999999971 0.00000000099999999971 0.00000000099999999971 0.99999998799999989529 0.00000000099999999971 0.00000000099999999971
67 67 (0) 10 : 0.00000000099999999975 0.00000000099999999975 0.00000000099999999975 0.00000000099999999975 0.00000000099999999975 0.00000000099999999975 0.00000000099999999975 0.00000000099999999975 0.00000000099999999975 0.00000000099999999975 0.99999998800000000632 0.00000000099999999975 0.00000000099999999975
68 68 (0) 10 : 0.02793107072983247799 0.00000000099999999998 0.21361784929412111489 0.00000001138891260707 0.30258267118111159544 0.11101224522587924137 0.23621230781251553732 0.00880168707068236349 0.00000021470906028549 0.00000000099999999998 0.00000000099999999998 0.00000000099999999998 0.09984193858788477371
69 69 (0) 10 : 0.00000000099999999983 0.00000000099999999983 0.00000000099999999983 0.00000000099999999983 0.00000000099999999983 0.99999998800000011734 0.00000000099999999983 0.00000000099999999983 0.00000000099999999983 0.00000000099999999983 0.00000000099999999983 0.00000000099999999983 0.00000000099999999983
70 70 (0) 10 : 0.03984367371792488233 0.03938851254877403368 0.12555920759869168557 0.10912343399691286361 0.00000000099999999998 0.43691049792248726202 0.00000000887211338158 0.00414035320899725379 0.00000000099999999998 0.00045333330814869530 0.16531878070238248402 0.00000000099999999998 0.07926219512356756647
71 71 (0) 10 : 0.00000000099999999975 0.00000000099999999975 0.00000000099999999975 0.00000000099999999975 0.00000000099999999975 0.00000000099999999975 0.00000000099999999975 0.00000000099999999975 0.00000000099999999975 0.00000000099999999975 0.99999998800000000632 0.00000000099999999975 0.00000000099999999975
72 72 (0) 10 : 0.00000000099999999970 0.00000000099999999970 0.00000000099999999970 0.00000000099999999970 0.00000000099999999970 0.00000000099999999970 0.00000000099999999970 0.00000000099999999970 0.00000000099999999970 0.00000000099999999970 0.99999998800000000632 0.00000000099999999970 0.00000000099999999970
73 73 (0) 10 : 0.00000000099999999999 0.00076566132945558591 0.00000000099999999999 0.00000000178880953179 0.00000000099999999999 0.25161748751493739906 0.00000000099999999999 0.00000000099999999999 0.16267924670116518104 0.00000000099999999999 0.36492839113391906114 0.01358787178611877908 0.20642133374559434866
74 74 (0) 10 : 0.99999998800000011734 0.00000000099999999896 0.00000000099999999896 0.00000000099999999896 0.00000000099999999896 0.00000000099999999896 0.00000000099999999896 0.00000000099999999896 0.00000000099999999896 0.00000000099999999896 0.00000000099999999896 0.00000000099999999896 0.00000000099999999896
75 75 (0) 10 : 0.00000000099999999997 0.00000000099999999997 0.00000000099999999997 0.00000000099999999997 0.16225120700472592250 0.22980512460756799542 0.26739882565870093378 0.00000007721705469329 0.03597848437582634035 0.02864121383830610726 0.13015262798270615940 0.00000000099999999997 0.14577243431511177629
76 76 (0) 10 : 0.99999998800000011734 0.00000000099999999898 0.00000000099999999898 0.00000000099999999898 0.00000000099999999898 0.00000000099999999898 0.00000000099999999898 0.00000000099999999898 0.00000000099999999898 0.00000000099999999898 0.00000000099999999898 0.00000000099999999898 0.00000000099999999898
