1:	0.0353 0.0132 0.0209 0.4528 0.0000 0.0000 0.0000 0.0000 0.0000 0.4523 0.0000 0.0000 0.0120 0.0134 	6
2:	0.2269 0.0247 0.0232 0.4855 0.0000 0.0000 0.0000 0.0095 0.0000 0.0574 0.0000 0.0000 0.1581 0.0147 	7
3:	0.0000 0.0000 0.0833 0.0000 0.1117 0.0091 0.2986 0.0950 0.0971 0.0000 0.1710 0.1342 0.0000 0.0000 	12
4:	0.1324 0.0024 0.0000 0.0018 0.0833 0.0106 0.0974 0.1965 0.0837 0.0125 0.1099 0.1681 0.0266 0.0749 	14
5:	0.1002 0.0093 0.0000 0.0000 0.1238 0.1600 0.0000 0.0769 0.1345 0.0214 0.0229 0.1741 0.0857 0.0911 	13
6:	0.0569 0.1170 0.2862 0.0076 0.0909 0.0000 0.0937 0.0909 0.0000 0.0490 0.0909 0.0909 0.0093 0.0167 	11
7:	0.7092 0.1128 0.0000 0.0000 0.0000 0.0000 0.0000 0.0000 0.0000 0.1780 0.0000 0.0000 0.0000 0.0000 	4
8:	0.0000 0.0000 0.1853 0.0000 0.0006 0.0788 0.2308 0.0190 0.4348 0.0090 0.0130 0.0285 0.0000 0.0000 	6
9:	0.4220 0.0000 0.0745 0.0283 0.0273 0.0000 0.0000 0.0000 0.0000 0.4479 0.0000 0.0000 0.0000 0.0000 	2
10:	0.0000 1.0000 0.0000 0.0000 0.0000 0.0000 0.0000 0.0000 0.0000 0.0000 0.0000 0.0000 0.0000 0.0000 	1
11:	0.0000 0.0000 0.0000 0.0000 0.0000 0.0000 0.0000 0.0000 0.0000 1.0000 0.0000 0.0000 0.0000 0.0000 	1
12:	1.0000 0.0000 0.0000 0.0000 0.0000 0.0000 0.0000 0.0000 0.0000 0.0000 0.0000 0.0000 0.0000 0.0000 	1
13:	0.0000 0.0000 0.2981 0.0000 0.5000 0.0000 0.0000 0.0000 0.0000 0.0000 0.0001 0.2019 0.0000 0.0000 	2
