1 1 (0) 1 : 0.00000000099999999905 0.00000000099999999905 0.00000000099999999905 0.00000000099999999905 0.00000000099999999905 0.99999998700000025664 0.00000000099999999905 0.00000000099999999905 0.00000000099999999905 0.00000000099999999905 0.00000000099999999905 0.00000000099999999905 0.00000000099999999905 0.00000000099999999905
2 2 (0) 1 : 0.09949031487022952369 0.00000000099999999965 0.00000000099999999965 0.00000000099999999965 0.08069279629872687376 0.33124232281716392556 0.12527597840996695933 0.00000000099999999965 0.00000000099999999965 0.21188383549945133399 0.07917542829803669857 0.00000000099999999965 0.00000000099999999965 0.07223931680642500797
3 3 (0) 1 : 0.99999998700000036767 0.00000000099999999921 0.00000000099999999921 0.00000000099999999921 0.00000000099999999921 0.00000000099999999921 0.00000000099999999921 0.00000000099999999921 0.00000000099999999921 0.00000000099999999921 0.00000000099999999921 0.00000000099999999921 0.00000000099999999921 0.00000000099999999921
4 4 (0) 1 : 0.61737605890833624489 0.00000000099999999948 0.00000000099999999948 0.00000000099999999948 0.00000000099999999948 0.38262392909166415000 0.00000000099999999948 0.00000000099999999948 0.00000000099999999948 0.00000000099999999948 0.00000000099999999948 0.00000000099999999948 0.00000000099999999948 0.00000000099999999948
5 5 (0) 1 : 0.00000000099999999916 0.00000000099999999916 0.00000000099999999916 0.00000000099999999916 0.00000000099999999916 0.99999998700000025664 0.00000000099999999916 0.00000000099999999916 0.00000000099999999916 0.00000000099999999916 0.00000000099999999916 0.00000000099999999916 0.00000000099999999916 0.00000000099999999916
6 6 (0) 1 : 0.99999998700000036767 0.00000000099999999915 0.00000000099999999915 0.00000000099999999915 0.00000000099999999915 0.00000000099999999915 0.00000000099999999915 0.00000000099999999915 0.00000000099999999915 0.00000000099999999915 0.00000000099999999915 0.00000000099999999915 0.00000000099999999915 0.00000000099999999915
7 7 (0) 2 : 0.00000000099999999856 0.00000000099999999856 0.00000000099999999856 0.00000000099999999856 0.00000000099999999856 0.00000000099999999856 0.00000000099999999856 0.00000000099999999856 0.00000000099999999856 0.00000000099999999856 0.00000000099999999856 0.00000000099999999856 0.00000000099999999856 0.99999998700000003460
8 8 (0) 2 : 0.99999998700000036767 0.00000000099999999939 0.00000000099999999939 0.00000000099999999939 0.00000000099999999939 0.00000000099999999939 0.00000000099999999939 0.00000000099999999939 0.00000000099999999939 0.00000000099999999939 0.00000000099999999939 0.00000000099999999939 0.00000000099999999939 0.00000000099999999939
9 9 (0) 2 : 0.01040340665950778738 0.00000000099999999995 0.00000000099999999995 0.00000000099999999995 0.04587264658063486961 0.40166328204366197330 0.00000000099999999995 0.00000000099999999995 0.00000000099999999995 0.34055190885053382432 0.10813591809480672945 0.06658838859318939873 0.00000000099999999995 0.02678444217766543997
10 10 (0) 2 : 0.00000000099999999921 0.00000000099999999921 0.00000000099999999921 0.00000000099999999921 0.00000000099999999921 0.00000000099999999921 0.00000000099999999921 0.00000000099999999921 0.00000000099999999921 0.99999998700000014562 0.00000000099999999921 0.00000000099999999921 0.00000000099999999921 0.00000000099999999921
11 11 (0) 2 : 0.99999998700000014562 0.00000000099999999887 0.00000000099999999887 0.00000000099999999887 0.00000000099999999887 0.00000000099999999887 0.00000000099999999887 0.00000000099999999887 0.00000000099999999887 0.00000000099999999887 0.00000000099999999887 0.00000000099999999887 0.00000000099999999887 0.00000000099999999887
12 12 (0) 2 : 0.55026349940720331588 0.00000000099999999921 0.00000000099999999921 0.00000000099999999921 0.05716794379059685766 0.00000000099999999921 0.00000000099999999921 0.00000000099999999921 0.00000000099999999921 0.24742356317923924758 0.06511910810470844524 0.00000000099999999921 0.00000000099999999921 0.08002587651825238124
13 13 (0) 2 : 0.83758098952762549683 0.00000000099999999973 0.00000000099999999973 0.00000000099999999973 0.00000000099999999973 0.00000000099999999973 0.16241899847237487031 0.00000000099999999973 0.00000000099999999973 0.00000000099999999973 0.00000000099999999973 0.00000000099999999973 0.00000000099999999973 0.00000000099999999973
14 14 (0) 3 : 0.00000000099999999922 0.00000000099999999922 0.00000000099999999922 0.00000000099999999922 0.00000000099999999922 0.00000000099999999922 0.00000000099999999922 0.00000000099999999922 0.00000000099999999922 0.00000000099999999922 0.00000000099999999922 0.00000000099999999922 0.99999998700000003460 0.00000000099999999922
15 15 (0) 3 : 0.00000000099999999919 0.00000000099999999919 0.00000000099999999919 0.00000000099999999919 0.00000000099999999919 0.00000000099999999919 0.00000000099999999919 0.00000000099999999919 0.00000000099999999919 0.00000000099999999919 0.00000000099999999919 0.99999998699999992358 0.00000000099999999919 0.00000000099999999919
16 16 (0) 3 : 0.00000000099999999910 0.00000000099999999910 0.00000000099999999910 0.00000000099999999910 0.00000000099999999910 0.00000000099999999910 0.00000000099999999910 0.00000000099999999910 0.99999998700000014562 0.00000000099999999910 0.00000000099999999910 0.00000000099999999910 0.00000000099999999910 0.00000000099999999910
17 17 (0) 3 : 0.00000000099999999951 0.16534473654193121428 0.05220913167872594934 0.00000000099999999951 0.00000000099999999951 0.00000000099999999951 0.00000000099999999951 0.37052385311963087489 0.07593399200092121326 0.00000000099999999951 0.00000000099999999951 0.13976691589744505428 0.19622136276134571897 0.00000000099999999951
18 18 (0) 3 : 0.00000000099999999916 0.00000000099999999916 0.00000000099999999916 0.00000000099999999916 0.00000000099999999916 0.00000000099999999916 0.00000000099999999916 0.99999998700000014562 0.00000000099999999916 0.00000000099999999916 0.00000000099999999916 0.00000000099999999916 0.00000000099999999916 0.00000000099999999916
19 19 (0) 3 : 0.00000000099999999907 0.99999998700000025664 0.00000000099999999907 0.00000000099999999907 0.00000000099999999907 0.00000000099999999907 0.00000000099999999907 0.00000000099999999907 0.00000000099999999907 0.00000000099999999907 0.00000000099999999907 0.00000000099999999907 0.00000000099999999907 0.00000000099999999907
20 20 (0) 3 : 0.00000000099999999926 0.00000000099999999926 0.00000000099999999926 0.00000000099999999926 0.00000000099999999926 0.00000000099999999926 0.00000000099999999926 0.99999998700000003460 0.00000000099999999926 0.00000000099999999926 0.00000000099999999926 0.00000000099999999926 0.00000000099999999926 0.00000000099999999926
21 21 (0) 3 : 0.00000000099999999905 0.00000000099999999905 0.99999998700000025664 0.00000000099999999905 0.00000000099999999905 0.00000000099999999905 0.00000000099999999905 0.00000000099999999905 0.00000000099999999905 0.00000000099999999905 0.00000000099999999905 0.00000000099999999905 0.00000000099999999905 0.00000000099999999905
22 22 (0) 3 : 0.00000000099999999898 0.00000000099999999898 0.99999998700000014562 0.00000000099999999898 0.00000000099999999898 0.00000000099999999898 0.00000000099999999898 0.00000000099999999898 0.00000000099999999898 0.00000000099999999898 0.00000000099999999898 0.00000000099999999898 0.00000000099999999898 0.00000000099999999898
23 23 (0) 3 : 0.00000000099999999911 0.00000000099999999911 0.00000000099999999911 0.00000000099999999911 0.00000000099999999911 0.00000000099999999911 0.00000000099999999911 0.99999998700000003460 0.00000000099999999911 0.00000000099999999911 0.00000000099999999911 0.00000000099999999911 0.00000000099999999911 0.00000000099999999911
24 24 (0) 3 : 0.00000000099999999928 0.00000000099999999928 0.00000000099999999928 0.10917642119688114599 0.00000000099999999928 0.00000000099999999928 0.00000000099999999928 0.21272619154478367154 0.26388758336730416820 0.00000000099999999928 0.00000000099999999928 0.00000000099999999928 0.41420979389103096402 0.00000000099999999928
25 25 (0) 3 : 0.00000000099999999917 0.00000000099999999917 0.00000000099999999917 0.00000000099999999917 0.00000000099999999917 0.00000000099999999917 0.99999998700000014562 0.00000000099999999917 0.00000000099999999917 0.00000000099999999917 0.00000000099999999917 0.00000000099999999917 0.00000000099999999917 0.00000000099999999917
26 26 (0) 4 : 0.00000000099999999872 0.00000000099999999872 0.00000000099999999872 0.00000000099999999872 0.99999998700000003460 0.00000000099999999872 0.00000000099999999872 0.00000000099999999872 0.00000000099999999872 0.00000000099999999872 0.00000000099999999872 0.00000000099999999872 0.00000000099999999872 0.00000000099999999872
27 27 (0) 4 : 0.00000000099999999937 0.11791739681235645365 0.16592362223865647630 0.14832538270131456759 0.00000000099999999937 0.00000000099999999937 0.00000000099999999937 0.20741900319674730357 0.08765013196047453936 0.00000000099999999937 0.00000000099999999937 0.00000000127155040487 0.27276445481890015943 0.00000000099999999937
28 28 (0) 4 : 0.00000000099999999906 0.00000000099999999906 0.00000000099999999906 0.00000000099999999906 0.00000000099999999906 0.00000000099999999906 0.00000000099999999906 0.00000000099999999906 0.00000000099999999906 0.00000000099999999906 0.00000000099999999906 0.99999998700000003460 0.00000000099999999906 0.00000000099999999906
29 29 (0) 4 : 0.00000000099999999929 0.00000000099999999929 0.00000000099999999929 0.00000000099999999929 0.00000000099999999929 0.00000000099999999929 0.00000000099999999929 0.00000000099999999929 0.00000000099999999929 0.99999998700000003460 0.00000000099999999929 0.00000000099999999929 0.00000000099999999929 0.00000000099999999929
30 30 (0) 4 : 0.00000000099999999924 0.00000000099999999924 0.32071942329211478029 0.00000000099999999924 0.00000000099999999924 0.00000000099999999924 0.00000000099999999924 0.00000000099999999924 0.00000000099999999924 0.00000000099999999924 0.00000000099999999924 0.67928056470788500398 0.00000000099999999924 0.00000000099999999924
31 31 (0) 4 : 0.00000000099999999918 0.00000000099999999918 0.00000000099999999918 0.00000000099999999918 0.00000000099999999918 0.00000000099999999918 0.00000000099999999918 0.99999998700000014562 0.00000000099999999918 0.00000000099999999918 0.00000000099999999918 0.00000000099999999918 0.00000000099999999918 0.00000000099999999918
32 32 (0) 4 : 0.02497998023481225183 0.05437240126474756491 0.05185565311028716290 0.00000000099999999998 0.04815846950671471421 0.17426247095490926542 0.00000000099999999998 0.15564786029251770350 0.07864209363469901182 0.18659118181182901552 0.03381242765127121658 0.07130145620231539971 0.08132937633435456670 0.03904662700154212795
33 33 (0) 4 : 0.00000000099999999903 0.99999998700000025664 0.00000000099999999903 0.00000000099999999903 0.00000000099999999903 0.00000000099999999903 0.00000000099999999903 0.00000000099999999903 0.00000000099999999903 0.00000000099999999903 0.00000000099999999903 0.00000000099999999903 0.00000000099999999903 0.00000000099999999903
34 34 (0) 4 : 0.00000000099999999917 0.00000000099999999917 0.00000000099999999917 0.00000000099999999917 0.00000000099999999917 0.00000000099999999917 0.00000000099999999917 0.00000000099999999917 0.00000000099999999917 0.00000000099999999917 0.00000000099999999917 0.00000000099999999917 0.99999998700000003460 0.00000000099999999917
35 35 (0) 4 : 0.00000000099999999911 0.00000000099999999911 0.00000000099999999911 0.00000000099999999911 0.00000000099999999911 0.00000000099999999911 0.00000000099999999911 0.00000000099999999911 0.00000000099999999911 0.00000000099999999911 0.00000000099999999911 0.00000000099999999911 0.99999998699999992358 0.00000000099999999911
36 36 (0) 4 : 0.00000000099999999902 0.00000000099999999902 0.00000000099999999902 0.00000000099999999902 0.00000000099999999902 0.00000000099999999902 0.00000000099999999902 0.00000000099999999902 0.99999998700000003460 0.00000000099999999902 0.00000000099999999902 0.00000000099999999902 0.00000000099999999902 0.00000000099999999902
37 37 (0) 4 : 0.00000000099999999896 0.00000000099999999896 0.00000000099999999896 0.00000000099999999896 0.00000000099999999896 0.00000000099999999896 0.00000000099999999896 0.00000000099999999896 0.00000000099999999896 0.00000000099999999896 0.00000000099999999896 0.99999998699999992358 0.00000000099999999896 0.00000000099999999896
38 38 (0) 4 : 0.00000000099999999897 0.00000000099999999897 0.99999998700000003460 0.00000000099999999897 0.00000000099999999897 0.00000000099999999897 0.00000000099999999897 0.00000000099999999897 0.00000000099999999897 0.00000000099999999897 0.00000000099999999897 0.00000000099999999897 0.00000000099999999897 0.00000000099999999897
39 39 (0) 4 : 0.00000000099999999938 0.00000000099999999938 0.00000000099999999938 0.00000000099999999938 0.00000000099999999938 0.00000000099999999938 0.00000000099999999938 0.00000000099999999938 0.00000000099999999938 0.66687671122396086076 0.00000000099999999938 0.00000000099999999938 0.00000000099999999938 0.33312327677603920106
40 40 (0) 5 : 0.00000000099999999918 0.99999998700000025664 0.00000000099999999918 0.00000000099999999918 0.00000000099999999918 0.00000000099999999918 0.00000000099999999918 0.00000000099999999918 0.00000000099999999918 0.00000000099999999918 0.00000000099999999918 0.00000000099999999918 0.00000000099999999918 0.00000000099999999918
41 41 (0) 5 : 0.00000000099999999917 0.00000000099999999917 0.00000000099999999917 0.00000000099999999917 0.00000000099999999917 0.00000000099999999917 0.00000000099999999917 0.00000000099999999917 0.00000000099999999917 0.00000000099999999917 0.00000000099999999917 0.00000000099999999917 0.99999998699999992358 0.00000000099999999917
42 42 (0) 5 : 0.00000000099999999919 0.00000000099999999919 0.00000000099999999919 0.00000000099999999919 0.00000000099999999919 0.00000000099999999919 0.00000000099999999919 0.00000000099999999919 0.99999998700000014562 0.00000000099999999919 0.00000000099999999919 0.00000000099999999919 0.00000000099999999919 0.00000000099999999919
43 43 (0) 5 : 0.00000000099999999861 0.00000000099999999861 0.00000000099999999861 0.00000000099999999861 0.00000000099999999861 0.00000000099999999861 0.00000000099999999861 0.00000000099999999861 0.00000000099999999861 0.00000000099999999861 0.00000000099999999861 0.00000000099999999861 0.00000000099999999861 0.99999998699999992358
44 44 (0) 5 : 0.00000000099999999928 0.19907771578401498025 0.29734020343034972544 0.08059364904034756194 0.00000000099999999928 0.00000000099999999928 0.00000000099999999928 0.00029132116625045203 0.15940874364153276299 0.00000000099999999928 0.00000000099999999928 0.00000000099999999928 0.26328835893750468511 0.00000000099999999928
45 45 (0) 5 : 0.00000000099999999918 0.00000000099999999918 0.00000000099999999918 0.00000000099999999918 0.00000000099999999918 0.00000000099999999918 0.00000000099999999918 0.00000000099999999918 0.00000000099999999918 0.00000000099999999918 0.00000000099999999918 0.99999998700000003460 0.00000000099999999918 0.00000000099999999918
46 46 (0) 5 : 0.00000000099999999867 0.00000000099999999867 0.00000000099999999867 0.99999998700000014562 0.00000000099999999867 0.00000000099999999867 0.00000000099999999867 0.00000000099999999867 0.00000000099999999867 0.00000000099999999867 0.00000000099999999867 0.00000000099999999867 0.00000000099999999867 0.00000000099999999867
47 47 (0) 5 : 0.00000000099999999864 0.00000000099999999864 0.00000000099999999864 0.99999998700000014562 0.00000000099999999864 0.00000000099999999864 0.00000000099999999864 0.00000000099999999864 0.00000000099999999864 0.00000000099999999864 0.00000000099999999864 0.00000000099999999864 0.00000000099999999864 0.00000000099999999864
48 48 (0) 5 : 0.00000000099999999908 0.00000000099999999908 0.00000000099999999908 0.00000000099999999908 0.00000000099999999908 0.00000000099999999908 0.00000000099999999908 0.00000000099999999908 0.00000000099999999908 0.00000000099999999908 0.00000000099999999908 0.00000000099999999908 0.99999998700000003460 0.00000000099999999908
49 49 (0) 5 : 0.00000000099999999916 0.00000000099999999916 0.00000000099999999916 0.00000000099999999916 0.00000000099999999916 0.00000000099999999916 0.00000000099999999916 0.00000000099999999916 0.00000000099999999916 0.99999998700000003460 0.00000000099999999916 0.00000000099999999916 0.00000000099999999916 0.00000000099999999916
50 50 (0) 5 : 0.00000000099999999941 0.54950232327713954827 0.00000000099999999941 0.00000453131263949131 0.00000000099999999941 0.00000000099999999941 0.00000000099999999941 0.00000000099999999941 0.45049313441022126314 0.00000000099999999941 0.00000000099999999941 0.00000000099999999941 0.00000000099999999941 0.00000000099999999941
51 51 (0) 5 : 0.00000000099999999931 0.00000000099999999931 0.00000000099999999931 0.00000000099999999931 0.18443853102871068939 0.27757310243854765863 0.00000000099999999931 0.00000000099999999931 0.00000000099999999931 0.30302345214540699070 0.12076574311976218112 0.00000000099999999931 0.00000000099999999931 0.11419916226757236000
52 52 (0) 5 : 0.00000000099999999859 0.00000000099999999859 0.00000000099999999859 0.00000000099999999859 0.99999998700000014562 0.00000000099999999859 0.00000000099999999859 0.00000000099999999859 0.00000000099999999859 0.00000000099999999859 0.00000000099999999859 0.00000000099999999859 0.00000000099999999859 0.00000000099999999859
53 53 (0) 6 : 0.00000000099999999850 0.00000000099999999850 0.00000000099999999850 0.00000000099999999850 0.00000000099999999850 0.00000000099999999850 0.00000000099999999850 0.00000000099999999850 0.00000000099999999850 0.00000000099999999850 0.99999998699999992358 0.00000000099999999850 0.00000000099999999850 0.00000000099999999850
54 54 (0) 6 : 0.00000000099999999899 0.00000000099999999899 0.99999998700000003460 0.00000000099999999899 0.00000000099999999899 0.00000000099999999899 0.00000000099999999899 0.00000000099999999899 0.00000000099999999899 0.00000000099999999899 0.00000000099999999899 0.00000000099999999899 0.00000000099999999899 0.00000000099999999899
55 55 (0) 6 : 0.06456088152116293277 0.00000000099999999977 0.00000000099999999977 0.00000000099999999977 0.00000000099999999977 0.25334871800234143313 0.05918037680889919744 0.00000000099999999977 0.00000000099999999977 0.40678440458373216204 0.21612561008386418915 0.00000000099999999977 0.00000000099999999977 0.00000000099999999977
56 56 (0) 6 : 0.00000000099999999954 0.00000000099999999954 0.00000000099999999954 0.00000000099999999954 0.00000000099999999954 0.00000000099999999954 0.99999998700000014562 0.00000000099999999954 0.00000000099999999954 0.00000000099999999954 0.00000000099999999954 0.00000000099999999954 0.00000000099999999954 0.00000000099999999954
57 57 (0) 6 : 0.00000000099999999926 0.00000000099999999926 0.00000000099999999926 0.00000000099999999926 0.00000000099999999926 0.00000000099999999926 0.99999998700000003460 0.00000000099999999926 0.00000000099999999926 0.00000000099999999926 0.00000000099999999926 0.00000000099999999926 0.00000000099999999926 0.00000000099999999926
58 58 (0) 6 : 0.00000000099999999943 0.00000000099999999943 0.00000000099999999943 0.00000000099999999943 0.00000000099999999943 0.00000000099999999943 0.99999998700000014562 0.00000000099999999943 0.00000000099999999943 0.00000000099999999943 0.00000000099999999943 0.00000000099999999943 0.00000000099999999943 0.00000000099999999943
59 59 (0) 6 : 0.00000000099999999960 0.00000000099999999960 0.00000000099999999960 0.00000000099999999960 0.00000000099999999960 0.00000000099999999960 0.00000000099999999960 0.00000000099999999960 0.00000000099999999960 0.00000000099999999960 0.00000000099999999960 0.99999998700000003460 0.00000000099999999960 0.00000000099999999960
60 60 (0) 6 : 0.00000000099999999918 0.00000000099999999918 0.00000000099999999918 0.00000000099999999918 0.00000000099999999918 0.00000000099999999918 0.00000000099999999918 0.00000000099999999918 0.99999998700000003460 0.00000000099999999918 0.00000000099999999918 0.00000000099999999918 0.00000000099999999918 0.00000000099999999918
61 61 (0) 6 : 0.00000000099999999929 0.00000000099999999929 0.00000000099999999929 0.00000000099999999929 0.00000000099999999929 0.00000000099999999929 0.00000000099999999929 0.00000000099999999929 0.00000000099999999929 0.00000000099999999929 0.00000000099999999929 0.00000000099999999929 0.99999998699999992358 0.00000000099999999929
62 62 (0) 6 : 0.00000000099999999916 0.00000000099999999916 0.00000000099999999916 0.00000000099999999916 0.00000000099999999916 0.00000000099999999916 0.00000000099999999916 0.99999998700000003460 0.00000000099999999916 0.00000000099999999916 0.00000000099999999916 0.00000000099999999916 0.00000000099999999916 0.00000000099999999916
63 63 (0) 6 : 0.01865448005697312867 0.00000000099999999996 0.00000000099999999996 0.00000000099999999996 0.18367069364321814140 0.28610050039188311688 0.08927418950557985955 0.03065962966131315776 0.00000000099999999996 0.21942408647011993339 0.07038234472935106512 0.00000000099999999996 0.00000000099999999996 0.10183406954156168367
64 64 (0) 7 : 0.00000000099999999920 0.00000000099999999920 0.00000000099999999920 0.00000000099999999920 0.00000000099999999920 0.00000000099999999920 0.00000000099999999920 0.00000000099999999920 0.00000000099999999920 0.99999998700000003460 0.00000000099999999920 0.00000000099999999920 0.00000000099999999920 0.00000000099999999920
65 65 (0) 7 : 0.00000000099999999918 0.00000000099999999918 0.00000000099999999918 0.00000000099999999918 0.00000000099999999918 0.00000000099999999918 0.00000000099999999918 0.00000000099999999918 0.00000000099999999918 0.83679554918909326844 0.16320443881090682114 0.00000000099999999918 0.00000000099999999918 0.00000000099999999918
66 66 (0) 7 : 0.00000000099999999963 0.00000000099999999963 0.00000000099999999963 0.00000000099999999963 0.00000000099999999963 0.00000000099999999963 0.00000000099999999963 0.00000000099999999963 0.00000000099999999963 0.99999998700000014562 0.00000000099999999963 0.00000000099999999963 0.00000000099999999963 0.00000000099999999963
67 67 (0) 7 : 0.00000000099999999966 0.00000000099999999966 0.00000000099999999966 0.00000000099999999966 0.00000000099999999966 0.71199958231998061731 0.00000000099999999966 0.00000000099999999966 0.00000000099999999966 0.00000001093906286165 0.28800039574095664952 0.00000000099999999966 0.00000000099999999966 0.00000000099999999966
68 68 (0) 8 : 0.00000000099999999960 0.00000000099999999960 0.00000000099999999960 0.00000000099999999960 0.00000000099999999960 0.00000000099999999960 0.00000000099999999960 0.99999998700000014562 0.00000000099999999960 0.00000000099999999960 0.00000000099999999960 0.00000000099999999960 0.00000000099999999960 0.00000000099999999960
69 69 (0) 8 : 0.00000000099999999997 0.03489338607780165247 0.07834443668239220171 0.04672293748320133916 0.00000000099999999997 0.05424147148139316088 0.11203710660530605270 0.38458262080556787632 0.00383241499979654820 0.00000000099999999997 0.00000000099999999997 0.11417462758565206926 0.17117099327888915528 0.00000000099999999997
70 70 (0) 8 : 0.00000000099999999898 0.99999998700000014562 0.00000000099999999898 0.00000000099999999898 0.00000000099999999898 0.00000000099999999898 0.00000000099999999898 0.00000000099999999898 0.00000000099999999898 0.00000000099999999898 0.00000000099999999898 0.00000000099999999898 0.00000000099999999898 0.00000000099999999898
71 71 (0) 8 : 0.00000000099999999967 0.57423969973384714205 0.00000000099999999967 0.42576028826615319733 0.00000000099999999967 0.00000000099999999967 0.00000000099999999967 0.00000000099999999967 0.00000000099999999967 0.00000000099999999967 0.00000000099999999967 0.00000000099999999967 0.00000000099999999967 0.00000000099999999967
72 72 (0) 8 : 0.00000000099999999966 0.99999998700000025664 0.00000000099999999966 0.00000000099999999966 0.00000000099999999966 0.00000000099999999966 0.00000000099999999966 0.00000000099999999966 0.00000000099999999966 0.00000000099999999966 0.00000000099999999966 0.00000000099999999966 0.00000000099999999966 0.00000000099999999966
73 73 (0) 8 : 0.00000000099999999984 0.00000000099999999984 0.00000000099999999984 0.00000000099999999984 0.00000000099999999984 0.00000000099999999984 0.99999998700000014562 0.00000000099999999984 0.00000000099999999984 0.00000000099999999984 0.00000000099999999984 0.00000000099999999984 0.00000000099999999984 0.00000000099999999984
74 74 (0) 9 : 0.05656124691822234790 0.00000000099999999995 0.00000000099999999995 0.00000000099999999995 0.00000000099999999995 0.26580847780855670903 0.09529977183998042389 0.00000000099999999995 0.05468420947223746192 0.52764628496100307586 0.00000000099999999995 0.00000000099999999995 0.00000000099999999995 0.00000000099999999995
75 75 (0) 9 : 0.00000000099999999986 0.00000000099999999986 0.00000000099999999986 0.00000000099999999986 0.00000000099999999986 0.63007653901943605490 0.05356355729338849875 0.00000000099999999986 0.00000000099999999986 0.31635989268717562561 0.00000000099999999986 0.00000000099999999986 0.00000000099999999986 0.00000000099999999986
76 76 (0) 10 : 0.00000000099999999863 0.00000000099999999863 0.00000000099999999863 0.00000000099999999863 0.00000000099999999863 0.00000000099999999863 0.00000000099999999863 0.00000000099999999863 0.00000000099999999863 0.00000000099999999863 0.99999998699999992358 0.00000000099999999863 0.00000000099999999863 0.00000000099999999863
77 77 (0) 11 : 0.00000000099999999902 0.00000000099999999902 0.00000000099999999902 0.00000000099999999902 0.00000000099999999902 0.99999998700000014562 0.00000000099999999902 0.00000000099999999902 0.00000000099999999902 0.00000000099999999902 0.00000000099999999902 0.00000000099999999902 0.00000000099999999902 0.00000000099999999902
78 78 (0) 12 : 0.00000000099999999924 0.00000000099999999924 0.00000000099999999924 0.00000000099999999924 0.00000000099999999924 0.00000000099999999924 0.00000000099999999924 0.00000000099999999924 0.00000000099999999924 0.99999998700000003460 0.00000000099999999924 0.00000000099999999924 0.00000000099999999924 0.00000000099999999924
79 79 (0) 13 : 0.00000000099999999993 0.00000000099999999993 0.00007142481731568159 0.00000000099999999993 0.00000000099999999993 0.00000000099999999993 0.59619110421559617929 0.00000000099999999993 0.00000000099999999993 0.00000000099999999993 0.00000000099999999993 0.00000009061391911217 0.40373737035316914490 0.00000000099999999993
80 80 (0) 13 : 0.00000000099999999902 0.00000000099999999902 0.00000000099999999902 0.00000000099999999902 0.00000000099999999902 0.00000000099999999902 0.00000000099999999902 0.00000000099999999902 0.99999998700000014562 0.00000000099999999902 0.00000000099999999902 0.00000000099999999902 0.00000000099999999902 0.00000000099999999902
