-------------------------------------------------------------------------------
 L       Percentage of nodes in the largest component
 D       Percentage of nodes in components of size at most 3 [-div option]
 R       Percentage of nodes not in L or D: 100 - L -D
 S       Percentage of nodes that are singletons
 E       Fraction of edges retained (input graph has 2450)
 cce     Expected size of component, nodewise [ sum(sz^2) / sum^2(sz) ]
 EW      Edge weight traits (mean, median and IQR)
 ND      Node degree traits [mean, median and IQR]
 CCF     Clustering coefficient (scale 1-100)
 eff     Induced component efficiency relative to start graph (scale 1-1000)
Total number of nodes: 50
----------------------------------------------------------------------------------------------
  L   D   R   S     E     cce  EWmean   EWmed   EWiqr  NDmean   NDmed  NDiqr CCF  eff  Cutoff 
----------------------------------------------------------------------------------------------
100   0   0   0 0.673      50    0.56    0.55    0.06    33.0    34.5   12.0   -    -     0.50
100   0   0   0 0.602      50    0.56    0.56    0.05    29.5    30.5   14.0   -    -     0.51
 98   2   0   2 0.532      48    0.57    0.56    0.05    26.1    26.5   13.0   -    -     0.52
 98   2   0   2 0.464      48    0.58    0.57    0.05    22.8    22.5   13.0   -    -     0.53
 98   2   0   2 0.404      48    0.58    0.57    0.04    19.8    19.5   12.5   -    -     0.54
 98   2   0   2 0.342      48    0.59    0.58    0.04    16.8    16.5   13.5   -    -     0.55
 98   2   0   2 0.281      48    0.60    0.59    0.04    13.8    12.5   13.5   -    -     0.56
 96   4   0   4 0.224      46    0.61    0.60    0.04    11.0    10.5   12.0   -    -     0.57
 90  10   0  10 0.171      41    0.62    0.61    0.04     8.4     8.5    9.5   -    -     0.58
 90  10   0  10 0.130      41    0.62    0.62    0.04     6.4     5.5    7.5   -    -     0.59
 76  24   0  16 0.104      29    0.63    0.62    0.03     5.1     4.5    7.0   -    -     0.60
 72  28   0  24 0.078      26    0.64    0.63    0.04     3.8     2.5    5.5   -    -     0.61
 70  30   0  26 0.060      25    0.65    0.64    0.04     2.9     2.5    4.0   -    -     0.62
 60  40   0  36 0.042      18    0.66    0.65    0.03     2.1     1.5    3.5   -    -     0.63
 56  44   0  44 0.030      16    0.67    0.66    0.03     1.5     1.5    2.5   -    -     0.64
 48  52   0  52 0.023      12    0.68    0.67    0.02     1.1     0.5    2.5   -    -     0.65
 32  58  10  52 0.020       6    0.68    0.67    0.03     1.0     0.5    2.0   -    -     0.66
 20  72   8  64 0.013       3    0.69    0.68    0.02     0.6     0.5    1.5   -    -     0.67
 14  86   0  76 0.007       2    0.71    0.70    0.01     0.4     0.5    0.5   -    -     0.68
  8  92   0  80 0.006       1    0.71    0.70    0.02     0.3     0.5    0.5   -    -     0.69
  0 100   0  94 0.002       1    0.76    0.76    0.08     0.1     0.5    0.5   -    -     0.70
  0 100   0  94 0.002       1    0.76    0.76    0.08     0.1     0.5    0.5   -    -     0.71
  0 100   0  94 0.002       1    0.76    0.76    0.08     0.1     0.5    0.5   -    -     0.72
  0 100   0  96 0.001       1    0.80    0.80    0.00     0.0     0.5    0.5   -    -     0.73
  0 100   0  96 0.001       1    0.80    0.80    0.00     0.0     0.5    0.5   -    -     0.74
  0 100   0  96 0.001       1    0.80    0.80    0.00     0.0     0.5    0.5   -    -     0.75
  0 100   0  96 0.001       1    0.80    0.80    0.00     0.0     0.5    0.5   -    -     0.76
  0 100   0  96 0.001       1    0.80    0.80    0.00     0.0     0.5    0.5   -    -     0.77
  0 100   0  96 0.001       1    0.80    0.80    0.00     0.0     0.5    0.5   -    -     0.78
  0 100   0  96 0.001       1    0.80    0.80    0.00     0.0     0.5    0.5   -    -     0.79
  0 100   0 100 0.000       1    0.00    0.00    0.00     0.0     0.5    0.5   -    -     0.80
  0 100   0 100 0.000       1    0.00    0.00    0.00     0.0     0.5    0.5   -    -     0.81
  0 100   0 100 0.000       1    0.00    0.00    0.00     0.0     0.5    0.5   -    -     0.82
  0 100   0 100 0.000       1    0.00    0.00    0.00     0.0     0.5    0.5   -    -     0.83
  0 100   0 100 0.000       1    0.00    0.00    0.00     0.0     0.5    0.5   -    -     0.84
  0 100   0 100 0.000       1    0.00    0.00    0.00     0.0     0.5    0.5   -    -     0.85
  0 100   0 100 0.000       1    0.00    0.00    0.00     0.0     0.5    0.5   -    -     0.86
  0 100   0 100 0.000       1    0.00    0.00    0.00     0.0     0.5    0.5   -    -     0.87
  0 100   0 100 0.000       1    0.00    0.00    0.00     0.0     0.5    0.5   -    -     0.88
  0 100   0 100 0.000       1    0.00    0.00    0.00     0.0     0.5    0.5   -    -     0.89
  0 100   0 100 0.000       1    0.00    0.00    0.00     0.0     0.5    0.5   -    -     0.90
  0 100   0 100 0.000       1    0.00    0.00    0.00     0.0     0.5    0.5   -    -     0.91
  0 100   0 100 0.000       1    0.00    0.00    0.00     0.0     0.5    0.5   -    -     0.92
  0 100   0 100 0.000       1    0.00    0.00    0.00     0.0     0.5    0.5   -    -     0.93
  0 100   0 100 0.000       1    0.00    0.00    0.00     0.0     0.5    0.5   -    -     0.94
  0 100   0 100 0.000       1    0.00    0.00    0.00     0.0     0.5    0.5   -    -     0.95
  0 100   0 100 0.000       1    0.00    0.00    0.00     0.0     0.5    0.5   -    -     0.96
  0 100   0 100 0.000       1    0.00    0.00    0.00     0.0     0.5    0.5   -    -     0.97
  0 100   0 100 0.000       1    0.00    0.00    0.00     0.0     0.5    0.5   -    -     0.98
  0 100   0 100 0.000       1    0.00    0.00    0.00     0.0     0.5    0.5   -    -     0.99
---------------------------------------------------------------------------------------------
