1:	0.0000 0.0000 0.0000 0.3672 0.0000 0.0138 0.0000 0.1538 0.0846 0.0000 0.0073 0.1648 0.1045 0.0000 0.1040 	13
2:	0.2456 0.0000 0.0662 0.0410 0.0000 0.0464 0.0714 0.0000 0.1487 0.0000 0.2560 0.1246 0.0000 0.0000 0.0000 	14
3:	0.0617 0.0813 0.1962 0.0556 0.1898 0.1111 0.1178 0.0045 0.0556 0.0000 0.0000 0.0000 0.0556 0.0000 0.0709 	18
4:	0.1215 0.1818 0.0603 0.0909 0.0000 0.0909 0.0000 0.0909 0.0000 0.0000 0.0909 0.1818 0.0000 0.0000 0.0909 	11
5:	0.0689 0.0554 0.0000 0.0000 0.0000 0.2797 0.1667 0.0000 0.0184 0.0817 0.0312 0.0353 0.0475 0.2045 0.0108 	6
6:	0.0134 0.1533 0.0268 0.0836 0.3392 0.0052 0.0022 0.0000 0.0059 0.1861 0.0000 0.0000 0.0105 0.1701 0.0036 	17
7:	0.0000 0.0000 0.0000 0.0000 0.0000 0.0000 0.0000 0.0000 1.0000 0.0000 0.0000 0.0000 0.0000 0.0000 0.0000 	1
8:	0.0000 0.0000 0.0000 0.0000 0.0000 0.0000 0.0000 0.0000 0.0000 0.0000 0.0000 1.0000 0.0000 0.0000 0.0000 	1
9:	0.0000 0.0000 1.0000 0.0000 0.0000 0.0000 0.0000 0.0000 0.0000 0.0000 0.0000 0.0000 0.0000 0.0000 0.0000 	1
10:	0.0783 0.0000 0.1146 0.1109 0.0000 0.0045 0.0000 0.0000 0.1263 0.0000 0.0000 0.4640 0.1013 0.0000 0.0000 	1
11:	0.0000 0.0000 0.2310 0.0000 0.0000 0.5000 0.0000 0.0000 0.0000 0.0000 0.0000 0.0000 0.2690 0.0000 0.0000 	2
12:	0.1107 0.0000 0.0958 0.1579 0.1250 0.0174 0.0000 0.0000 0.0000 0.0000 0.2038 0.1497 0.1250 0.0000 0.0147 	8
13:	0.0000 0.0000 0.0000 0.0000 0.0000 0.0000 0.0000 0.0000 0.0000 0.0000 0.0000 0.0000 1.0000 0.0000 0.0000 	1
