1:	0.1275 0.0000 0.0000 0.2248 0.0000 0.1591 0.0000 0.1538 0.0067 0.0000 0.2165 0.1116 	13
2:	0.1878 0.0000 0.0690 0.0462 0.0000 0.2717 0.0714 0.0000 0.0982 0.0000 0.2246 0.0311 	14
3:	0.0766 0.0556 0.1960 0.0913 0.1111 0.0583 0.1111 0.0000 0.0600 0.1111 0.0474 0.0816 	18
4:	0.0943 0.1818 0.0628 0.0224 0.0000 0.2007 0.0000 0.0019 0.1930 0.0000 0.0499 0.1931 	11
5:	0.0291 0.3363 0.0000 0.0487 0.0000 0.0298 0.1667 0.0001 0.2768 0.0000 0.0964 0.0161 	6
6:	0.0075 0.4721 0.0493 0.0069 0.3516 0.0104 0.0021 0.0010 0.0125 0.0023 0.0791 0.0051 	17
7:	0.0000 0.0000 0.0000 1.0000 0.0000 0.0000 0.0000 0.0000 0.0000 0.0000 0.0000 0.0000 	1
8:	0.0000 0.0000 0.0000 0.5000 0.0000 0.0000 0.0000 0.0000 0.0000 0.0000 0.0000 0.5000 	1
9:	0.0000 0.0000 1.0000 0.0000 0.0000 0.0000 0.0000 0.0000 0.0000 0.0000 0.0000 0.0000 	1
10:	0.0000 0.0000 0.1277 0.1929 0.0000 0.2345 0.0000 0.0198 0.2242 0.0000 0.1515 0.0494 	1
11:	0.5000 0.0000 0.2281 0.1361 0.0000 0.1358 0.0000 0.0000 0.0000 0.0000 0.0000 0.0000 	2
12:	0.1616 0.0000 0.0939 0.0260 0.0771 0.2600 0.0000 0.0000 0.1550 0.0479 0.0534 0.1252 	8
13:	0.0000 0.0000 0.0000 1.0000 0.0000 0.0000 0.0000 0.0000 0.0000 0.0000 0.0000 0.0000 	1
