1 1 (0) 1 : 0.00000000099999999957 0.00000000099999999957 0.99999998900000008906 0.00000000099999999957 0.00000000099999999957 0.00000000099999999957 0.00000000099999999957 0.00000000099999999957 0.00000000099999999957 0.00000000099999999957 0.00000000099999999957 0.00000000099999999957
2 2 (0) 1 : 0.00000000099999999935 0.00000000099999999935 0.00000000099999999935 0.00000000099999999935 0.99999998900000008906 0.00000000099999999935 0.00000000099999999935 0.00000000099999999935 0.00000000099999999935 0.00000000099999999935 0.00000000099999999935 0.00000000099999999935
3 3 (0) 1 : 0.00000000099999999979 0.00000000099999999979 0.63677140163192713640 0.00000000099999999979 0.00000000099999999979 0.00000000099999999979 0.00000000099999999979 0.00000000099999999979 0.36322858836807292437 0.00000000099999999979 0.00000000099999999979 0.00000000099999999979
4 4 (0) 1 : 0.00000000099999999945 0.00000000099999999945 0.00000000099999999945 0.00000000099999999945 0.00000000099999999945 0.00000000099999999945 0.00000000099999999945 0.99999998899999997803 0.00000000099999999945 0.00000000099999999945 0.00000000099999999945 0.00000000099999999945
5 5 (0) 1 : 0.00000000099999999963 0.00000000099999999963 0.00000000099999999963 0.00000000099999999963 0.00000000099999999963 0.00000000099999999963 0.00000000099999999963 0.53992390554721292339 0.46007608445278708187 0.00000000099999999963 0.00000000099999999963 0.00000000099999999963
6 6 (0) 1 : 0.00000000099999999964 0.00000000099999999964 0.54685406075873843612 0.00000000099999999964 0.00000000099999999964 0.00000000099999999964 0.00000000099999999964 0.45314592924126179119 0.00000000099999999964 0.00000000099999999964 0.00000000099999999964 0.00000000099999999964
7 7 (0) 1 : 0.00000000099999999949 0.00000000099999999949 0.00000000099999999949 0.00000000099999999949 0.00000000099999999949 0.00000000099999999949 0.00000000099999999949 0.99999998900000008906 0.00000000099999999949 0.00000000099999999949 0.00000000099999999949 0.00000000099999999949
8 8 (0) 1 : 0.00000000099999999965 0.00000000099999999965 0.00000000099999999965 0.00000000099999999965 0.00000000099999999965 0.00000000099999999965 0.00000000099999999965 0.64137960213258282671 0.00000000099999999965 0.35862038786741723406 0.00000000099999999965 0.00000000099999999965
9 9 (0) 1 : 0.00000000099999999976 0.00000000099999999976 0.00000000099999999976 0.00000000099999999976 0.00000000099999999976 0.00000000099999999976 0.00000000099999999976 0.27104399540866463969 0.21635484676156283013 0.51260114882977247941 0.00000000099999999976 0.00000000099999999976
10 10 (0) 1 : 0.00000000099999999975 0.00000000099999999975 0.29355246700377535252 0.00000000099999999975 0.00000000099999999975 0.00000000099999999975 0.00000000099999999975 0.25990792118835970292 0.00000000099999999975 0.44653960280786492154 0.00000000099999999975 0.00000000099999999975
11 11 (0) 1 : 0.00000000099999999957 0.00000000099999999957 0.00000000099999999957 0.00000000099999999957 0.00000000099999999957 0.00000000099999999957 0.00000000099999999957 0.00000000099999999957 0.00000000099999999957 0.00000000099999999957 0.00000000099999999957 0.99999998900000008906
12 12 (0) 1 : 0.00000000099999999868 0.00000000099999999868 0.00000000099999999868 0.00000000099999999868 0.99999998899999997803 0.00000000099999999868 0.00000000099999999868 0.00000000099999999868 0.00000000099999999868 0.00000000099999999868 0.00000000099999999868 0.00000000099999999868
13 13 (0) 1 : 0.00000000099999999975 0.00000000099999999975 0.46259356194480816260 0.00000000099999999975 0.00000000099999999975 0.00000000099999999975 0.00000000099999999975 0.00000000099999999975 0.53740642805519178715 0.00000000099999999975 0.00000000099999999975 0.00000000099999999975
14 14 (0) 2 : 0.00000000099999999970 0.00000000099999999970 0.25228677168341978598 0.00000000099999999970 0.00000000099999999970 0.00000000099999999970 0.00000000099999999970 0.14687880887541407415 0.00154606027697289593 0.31227060038345272330 0.00000000099999999970 0.28701775178074034889
15 15 (0) 2 : 0.00000000099999999905 0.00000000099999999905 0.00000000099999999905 0.99999998900000020008 0.00000000099999999905 0.00000000099999999905 0.00000000099999999905 0.00000000099999999905 0.00000000099999999905 0.00000000099999999905 0.00000000099999999905 0.00000000099999999905
16 16 (0) 2 : 0.00000000099999999951 0.00000000099999999951 0.00000000099999999951 0.00000000099999999951 0.00000000099999999951 0.00000000099999999951 0.00000000099999999951 0.00000000099999999951 0.00000000099999999951 0.99999998899999997803 0.00000000099999999951 0.00000000099999999951
17 17 (0) 2 : 0.00000000099999999951 0.00000000099999999951 0.99999998900000008906 0.00000000099999999951 0.00000000099999999951 0.00000000099999999951 0.00000000099999999951 0.00000000099999999951 0.00000000099999999951 0.00000000099999999951 0.00000000099999999951 0.00000000099999999951
18 18 (0) 2 : 0.00000000099999999952 0.00000000099999999952 0.00000000099999999952 0.00000000099999999952 0.00000000099999999952 0.00000000099999999952 0.00000000099999999952 0.00000000099999999952 0.99999998900000008906 0.00000000099999999952 0.00000000099999999952 0.00000000099999999952
19 19 (0) 2 : 0.00000000099999999955 0.00000000099999999955 0.00000000099999999955 0.00000000099999999955 0.00000000099999999955 0.00000000099999999955 0.00000000099999999955 0.00000000099999999955 0.00000000099999999955 0.99999998900000008906 0.00000000099999999955 0.00000000099999999955
20 20 (0) 2 : 0.00000000099999999988 0.00000000099999999988 0.27277678843683639265 0.00000000099999999988 0.00000000099999999988 0.00000000099999999988 0.04360359076597919437 0.00000000487379231716 0.37021243614063470417 0.13874715755310307319 0.03586921455693280192 0.13879080267272139726
21 21 (0) 2 : 0.00000000099999999961 0.00000000099999999961 0.99999998900000020008 0.00000000099999999961 0.00000000099999999961 0.00000000099999999961 0.00000000099999999961 0.00000000099999999961 0.00000000099999999961 0.00000000099999999961 0.00000000099999999961 0.00000000099999999961
22 22 (0) 2 : 0.00000000099999999986 0.00000000099999999986 0.27542305373218145537 0.00000000099999999986 0.00000000099999999986 0.00000000099999999986 0.00000000099999999986 0.07465046224681998188 0.20495358327334420312 0.19918225764881286599 0.08503880370637337260 0.16075183339246809644
23 23 (0) 2 : 0.00000000099999999995 0.00000000099999999995 0.56429811692280273938 0.00000000099999999995 0.00000000099999999995 0.00000000099999999995 0.00000000099999999995 0.00000000099999999995 0.00000000099999999995 0.00000000099999999995 0.43570187307719732139 0.00000000099999999995
24 24 (0) 2 : 0.00000000099999999970 0.00000000099999999970 0.34719785356089633011 0.00000000099999999970 0.00000000099999999970 0.00000000099999999970 0.00000000099999999970 0.00000000099999999970 0.00000000099999999970 0.65280213643910345311 0.00000000099999999970 0.00000000099999999970
25 25 (0) 2 : 0.00000000099999999970 0.00000000099999999970 0.00000000099999999970 0.00000000099999999970 0.00000000099999999970 0.00000000099999999970 0.00000000099999999970 0.35471227571492547348 0.00000000099999999970 0.64528771428507436525 0.00000000099999999970 0.00000000099999999970
26 26 (0) 2 : 0.00000000099999999996 0.00000000099999999996 0.00000000099999999996 0.00000000099999999996 0.00000000099999999996 0.00000000099999999996 0.00000000099999999996 0.00000032179846542708 0.58448793339855986684 0.00000000099999999996 0.41551169882522559496 0.00000003797774927282
27 27 (0) 2 : 0.00000000099999999959 0.00000000099999999959 0.00000000099999999959 0.00000000099999999959 0.00000000099999999959 0.00000000099999999959 0.00000000099999999959 0.00000000099999999959 0.99999998899999997803 0.00000000099999999959 0.00000000099999999959 0.00000000099999999959
28 28 (0) 3 : 0.00000000099999999942 0.00000000099999999942 0.00000000099999999942 0.00000000099999999942 0.00000000099999999942 0.99999998900000020008 0.00000000099999999942 0.00000000099999999942 0.00000000099999999942 0.00000000099999999942 0.00000000099999999942 0.00000000099999999942
29 29 (0) 3 : 0.00000000099999999939 0.00000000099999999939 0.00000000099999999939 0.00000000099999999939 0.00000000099999999939 0.00000000099999999939 0.00000000099999999939 0.00000000099999999939 0.00000000099999999939 0.00000000099999999939 0.00000000099999999939 0.99999998900000008906
30 30 (0) 3 : 0.00000000099999999900 0.00000000099999999900 0.00000000099999999900 0.00000000099999999900 0.00000000099999999900 0.00000000099999999900 0.00000000099999999900 0.00000000099999999900 0.00000000099999999900 0.00000000099999999900 0.99999998899999997803 0.00000000099999999900
31 31 (0) 3 : 0.00000000099999999996 0.00000000099999999996 0.00303357116422231076 0.00000000099999999996 0.00000000099999999996 0.00000000099999999996 0.15972586432513272148 0.00000000099999999996 0.00000020706637871363 0.00000216693733948086 0.52381649446884981369 0.31342169003807685002
32 32 (0) 3 : 0.00000000099999999893 0.00000000099999999893 0.00000000099999999893 0.99999998900000008906 0.00000000099999999893 0.00000000099999999893 0.00000000099999999893 0.00000000099999999893 0.00000000099999999893 0.00000000099999999893 0.00000000099999999893 0.00000000099999999893
33 33 (0) 3 : 0.00000000099999999960 0.00000000099999999960 0.00000000099999999960 0.00000000099999999960 0.00000000099999999960 0.00000000099999999960 0.00000000099999999960 0.00000000099999999960 0.99999998899999997803 0.00000000099999999960 0.00000000099999999960 0.00000000099999999960
34 34 (0) 3 : 0.00000000099999999938 0.99999998900000020008 0.00000000099999999938 0.00000000099999999938 0.00000000099999999938 0.00000000099999999938 0.00000000099999999938 0.00000000099999999938 0.00000000099999999938 0.00000000099999999938 0.00000000099999999938 0.00000000099999999938
35 35 (0) 3 : 0.99999998900000020008 0.00000000099999999886 0.00000000099999999886 0.00000000099999999886 0.00000000099999999886 0.00000000099999999886 0.00000000099999999886 0.00000000099999999886 0.00000000099999999886 0.00000000099999999886 0.00000000099999999886 0.00000000099999999886
36 36 (0) 3 : 0.00000000099999999927 0.99999998900000020008 0.00000000099999999927 0.00000000099999999927 0.00000000099999999927 0.00000000099999999927 0.00000000099999999927 0.00000000099999999927 0.00000000099999999927 0.00000000099999999927 0.00000000099999999927 0.00000000099999999927
37 37 (0) 3 : 0.00000000099999999961 0.00000000099999999961 0.00000000099999999961 0.00000000099999999961 0.00000000099999999961 0.00000000099999999961 0.00000000099999999961 0.00000000099999999961 0.99999998900000008906 0.00000000099999999961 0.00000000099999999961 0.00000000099999999961
38 38 (0) 3 : 0.00000000099999999936 0.00000000099999999936 0.00000000099999999936 0.00000000099999999936 0.00000000099999999936 0.00000000099999999936 0.00000000099999999936 0.00000000099999999936 0.00000000099999999936 0.00000000099999999936 0.99999998899999986701 0.00000000099999999936
39 39 (0) 3 : 0.00000000099999999913 0.00000000099999999913 0.00000000099999999913 0.00000000099999999913 0.00000000099999999913 0.00000000099999999913 0.00000000099999999913 0.00000000099999999913 0.00000000099999999913 0.00000000099999999913 0.99999998899999997803 0.00000000099999999913
40 40 (0) 3 : 0.00000000099999999974 0.00000000099999999974 0.30963511586882391802 0.00000000099999999974 0.00000000099999999974 0.00000000099999999974 0.00000000099999999974 0.28511659347002910048 0.00000000099999999974 0.40524828166114684747 0.00000000099999999974 0.00000000099999999974
41 41 (0) 3 : 0.00000000099999999931 0.00000000099999999931 0.00000000099999999931 0.00000000099999999931 0.00000000099999999931 0.00000000099999999931 0.99999998900000008906 0.00000000099999999931 0.00000000099999999931 0.00000000099999999931 0.00000000099999999931 0.00000000099999999931
42 42 (0) 3 : 0.00000000099999999901 0.00000000099999999901 0.00000000099999999901 0.99999998900000008906 0.00000000099999999901 0.00000000099999999901 0.00000000099999999901 0.00000000099999999901 0.00000000099999999901 0.00000000099999999901 0.00000000099999999901 0.00000000099999999901
43 43 (0) 3 : 0.99999998900000020008 0.00000000099999999874 0.00000000099999999874 0.00000000099999999874 0.00000000099999999874 0.00000000099999999874 0.00000000099999999874 0.00000000099999999874 0.00000000099999999874 0.00000000099999999874 0.00000000099999999874 0.00000000099999999874
44 44 (0) 3 : 0.00000000099999999958 0.00000000099999999958 0.00000000099999999958 0.00000000099999999958 0.00000000099999999958 0.00000000099999999958 0.00000000099999999958 0.99999998899999997803 0.00000000099999999958 0.00000000099999999958 0.00000000099999999958 0.00000000099999999958
45 45 (0) 3 : 0.00000000099999999952 0.00000000099999999952 0.00000000099999999952 0.00000000099999999952 0.00000000099999999952 0.00000000099999999952 0.00000000099999999952 0.00000000099999999952 0.00000000099999999952 0.99999998900000008906 0.00000000099999999952 0.00000000099999999952
46 46 (0) 4 : 0.00000000099999999940 0.00000000099999999940 0.00000000099999999940 0.00000000099999999940 0.00000000099999999940 0.99999998900000008906 0.00000000099999999940 0.00000000099999999940 0.00000000099999999940 0.00000000099999999940 0.00000000099999999940 0.00000000099999999940
47 47 (0) 4 : 0.00000000099999999938 0.00000000099999999938 0.00000000099999999938 0.00000000099999999938 0.00000000099999999938 0.99999998900000020008 0.00000000099999999938 0.00000000099999999938 0.00000000099999999938 0.00000000099999999938 0.00000000099999999938 0.00000000099999999938
48 48 (0) 4 : 0.00000000099999999962 0.00000000099999999962 0.99999998900000008906 0.00000000099999999962 0.00000000099999999962 0.00000000099999999962 0.00000000099999999962 0.00000000099999999962 0.00000000099999999962 0.00000000099999999962 0.00000000099999999962 0.00000000099999999962
49 49 (0) 4 : 0.00000000099999999988 0.00000000099999999988 0.29287945581475482992 0.00000000099999999988 0.00950067502082677616 0.00000000099999999988 0.00000000099999999988 0.27838442506361449347 0.00000000099999999988 0.00000000099999999988 0.00000000099999999988 0.41923543610080388211
50 50 (0) 4 : 0.00000000099999999954 0.00000000099999999954 0.00000000099999999954 0.00000000099999999954 0.00000000099999999954 0.00000000099999999954 0.99999998900000008906 0.00000000099999999954 0.00000000099999999954 0.00000000099999999954 0.00000000099999999954 0.00000000099999999954
51 51 (0) 4 : 0.00000000099999999953 0.00000000099999999953 0.00000000099999999953 0.00000000099999999953 0.00000000099999999953 0.00000000099999999953 0.00000000099999999953 0.00000000099999999953 0.00000000099999999953 0.00000000099999999953 0.00000000099999999953 0.99999998899999997803
52 52 (0) 4 : 0.00000000099999999948 0.00000000099999999948 0.00000000099999999948 0.00000000099999999948 0.00000000099999999948 0.00000000099999999948 0.99999998899999997803 0.00000000099999999948 0.00000000099999999948 0.00000000099999999948 0.00000000099999999948 0.00000000099999999948
53 53 (0) 4 : 0.00000000099999999957 0.00000000099999999957 0.99999998900000008906 0.00000000099999999957 0.00000000099999999957 0.00000000099999999957 0.00000000099999999957 0.00000000099999999957 0.00000000099999999957 0.00000000099999999957 0.00000000099999999957 0.00000000099999999957
54 54 (0) 4 : 0.00000000099999999960 0.00000000099999999960 0.00000000099999999960 0.00000000099999999960 0.00000000099999999960 0.00000000099999999960 0.00000000099999999960 0.00000000099999999960 0.00000000099999999960 0.99999998900000008906 0.00000000099999999960 0.00000000099999999960
55 55 (0) 4 : 0.00000000099999999996 0.00000000099999999996 0.00000000099999999996 0.00000000099999999996 0.00000000099999999996 0.00000000099999999996 0.00000000099999999996 0.00000000099999999996 0.00000000099999999996 0.00000000099999999996 0.63775628191522737431 0.36224370808477257544
56 56 (0) 4 : 0.00000000099999999959 0.00000000099999999959 0.00000000099999999959 0.00000000099999999959 0.00000000099999999959 0.00000000099999999959 0.00000000099999999959 0.00000000099999999959 0.99999998899999997803 0.00000000099999999959 0.00000000099999999959 0.00000000099999999959
57 57 (0) 5 : 0.00000000099999999979 0.00000000099999999979 0.20643443343989739680 0.00000000099999999979 0.00000000099999999979 0.00000000099999999979 0.23771681354806634134 0.09032478675735083895 0.23458638610645496381 0.15692720031688200955 0.00000000099999999979 0.07401037383134841108
58 58 (0) 5 : 0.00000000099999999982 0.00000000099999999982 0.00000000099999999982 0.00000000099999999982 0.00000000099999999982 0.00000000099999999982 0.00000000099999999982 0.00000000099999999982 0.00000000099999999982 0.99999998900000008906 0.00000000099999999982 0.00000000099999999982
59 59 (0) 5 : 0.00000000099999999945 0.00000000099999999945 0.00000000099999999945 0.00000000099999999945 0.00000000099999999945 0.00000000099999999945 0.99999998899999997803 0.00000000099999999945 0.00000000099999999945 0.00000000099999999945 0.00000000099999999945 0.00000000099999999945
60 60 (0) 5 : 0.00000000099999999935 0.00000000099999999935 0.00000000099999999935 0.00000000099999999935 0.00000000099999999935 0.99999998900000020008 0.00000000099999999935 0.00000000099999999935 0.00000000099999999935 0.00000000099999999935 0.00000000099999999935 0.00000000099999999935
61 61 (0) 5 : 0.00000000099999999995 0.00000000099999999995 0.00000000099999999995 0.00000000099999999995 0.00000000099999999995 0.99999998900000020008 0.00000000099999999995 0.00000000099999999995 0.00000000099999999995 0.00000000099999999995 0.00000000099999999995 0.00000000099999999995
62 62 (0) 5 : 0.00000000099999999967 0.00000000099999999967 0.00000000099999999967 0.99999998900000008906 0.00000000099999999967 0.00000000099999999967 0.00000000099999999967 0.00000000099999999967 0.00000000099999999967 0.00000000099999999967 0.00000000099999999967 0.00000000099999999967
63 63 (0) 6 : 0.00000000099999999932 0.99999998900000031110 0.00000000099999999932 0.00000000099999999932 0.00000000099999999932 0.00000000099999999932 0.00000000099999999932 0.00000000099999999932 0.00000000099999999932 0.00000000099999999932 0.00000000099999999932 0.00000000099999999932
64 64 (0) 6 : 0.00000000099999999941 0.00000000099999999941 0.00000000099999999941 0.00000000099999999941 0.00000000099999999941 0.99999998900000008906 0.00000000099999999941 0.00000000099999999941 0.00000000099999999941 0.00000000099999999941 0.00000000099999999941 0.00000000099999999941
65 65 (0) 6 : 0.00000000099999999944 0.99999998900000020008 0.00000000099999999944 0.00000000099999999944 0.00000000099999999944 0.00000000099999999944 0.00000000099999999944 0.00000000099999999944 0.00000000099999999944 0.00000000099999999944 0.00000000099999999944 0.00000000099999999944
66 66 (0) 6 : 0.03609081368952219565 0.00456073343078089617 0.00000000099999999989 0.03412879575138198784 0.00000000099999999989 0.67510048198942584907 0.00000000218327453862 0.00000000130199099288 0.15640773195913276750 0.09371143569449078004 0.00000000099999999989 0.00000000099999999989
67 67 (0) 6 : 0.00000000099999999938 0.00000000099999999938 0.00000000099999999938 0.00000000099999999938 0.00000000099999999938 0.99999998900000020008 0.00000000099999999938 0.00000000099999999938 0.00000000099999999938 0.00000000099999999938 0.00000000099999999938 0.00000000099999999938
68 68 (0) 6 : 0.00000000099999999983 0.11041582365539104327 0.00000000099999999983 0.00000000099999999983 0.00000000099999999983 0.76630964871680418149 0.00000000099999999983 0.00000000099999999983 0.00000000099999999983 0.00000000099999999983 0.12327451862780493264 0.00000000099999999983
69 69 (0) 6 : 0.00000000100000000000 0.07859673129756411525 0.26809403661348668590 0.00001882548984118442 0.01689256084381857148 0.06282636107055129815 0.12916697104811072916 0.11973620327372917760 0.00010231295761078858 0.23006049537852485409 0.02175985264936078356 0.07274564837740186973
70 70 (0) 6 : 0.00000000099999999939 0.00000000099999999939 0.00000000099999999939 0.00000000099999999939 0.00000000099999999939 0.99999998900000020008 0.00000000099999999939 0.00000000099999999939 0.00000000099999999939 0.00000000099999999939 0.00000000099999999939 0.00000000099999999939
71 71 (0) 6 : 0.00000000099999999953 0.00000000099999999953 0.00000000099999999953 0.00000000099999999953 0.00000000099999999953 0.00000000099999999953 0.00000000099999999953 0.00000000099999999953 0.00000000099999999953 0.99999998899999997803 0.00000000099999999953 0.00000000099999999953
72 72 (0) 6 : 0.00000000099999999933 0.00000000099999999933 0.00000000099999999933 0.00000000099999999933 0.00000000099999999933 0.99999998900000020008 0.00000000099999999933 0.00000000099999999933 0.00000000099999999933 0.00000000099999999933 0.00000000099999999933 0.00000000099999999933
73 73 (0) 6 : 0.00000000099999999948 0.99999998900000020008 0.00000000099999999948 0.00000000099999999948 0.00000000099999999948 0.00000000099999999948 0.00000000099999999948 0.00000000099999999948 0.00000000099999999948 0.00000000099999999948 0.00000000099999999948 0.00000000099999999948
74 74 (0) 6 : 0.00000000099999999974 0.00000000099999999974 0.00000000099999999974 0.00000000099999999974 0.00000000099999999974 0.86766068079109481825 0.00000000099999999974 0.00000000099999999974 0.00000000099999999974 0.00000000099999999974 0.13233930920890540905 0.00000000099999999974
75 75 (0) 6 : 0.00000000099999999970 0.99518218332674679427 0.00000000099999999970 0.00000000099999999970 0.00000000099999999970 0.00000000099999999970 0.00000000099999999970 0.00000000099999999970 0.00000000099999999970 0.00000000099999999970 0.00481780667325346253 0.00000000099999999970
76 76 (0) 6 : 0.00000000099999999986 0.00000000099999999986 0.00000000099999999986 0.00000000099999999986 0.00000000099999999986 0.83518099778375498587 0.00000000099999999986 0.00000000099999999986 0.00000000099999999986 0.00000000099999999986 0.16481899221624510266 0.00000000099999999986
77 77 (0) 6 : 0.00000000099999999986 0.00000001845001319482 0.00000000099999999986 0.00000000099999999986 0.00000000099999999986 0.81920328173007150863 0.00000000099999999986 0.00000000099999999986 0.00000000099999999986 0.00000000099999999986 0.18079669081991542323 0.00000000099999999986
78 78 (0) 6 : 0.00000000099999999977 0.78886701763953603894 0.00000000099999999977 0.00000000099999999977 0.00000000099999999977 0.00000000099999999977 0.00000000099999999977 0.00000000099999999977 0.00000000099999999977 0.00000000099999999977 0.21113297236046413285 0.00000000099999999977
79 79 (0) 6 : 0.00000000099999999957 0.99999998900000031110 0.00000000099999999957 0.00000000099999999957 0.00000000099999999957 0.00000000099999999957 0.00000000099999999957 0.00000000099999999957 0.00000000099999999957 0.00000000099999999957 0.00000000099999999957 0.00000000099999999957
80 80 (0) 7 : 0.00000000099999999947 0.00000000099999999947 0.00000000099999999947 0.00000000099999999947 0.00000000099999999947 0.00000000099999999947 0.00000000099999999947 0.99999998900000008906 0.00000000099999999947 0.00000000099999999947 0.00000000099999999947 0.00000000099999999947
81 81 (0) 8 : 0.00000000099999999949 0.00000000099999999949 0.00000000099999999949 0.00000000099999999949 0.00000000099999999949 0.00000000099999999949 0.00000000099999999949 0.00000000099999999949 0.00000000099999999949 0.00000000099999999949 0.00000000099999999949 0.99999998899999997803
82 82 (0) 9 : 0.00000000099999999923 0.00000000099999999923 0.00000000099999999923 0.00000000099999999923 0.00000000099999999923 0.00000000099999999923 0.00000000099999999923 0.00000000099999999923 0.00000000099999999923 0.00000000099999999923 0.99999998899999997803 0.00000000099999999923
83 83 (0) 10 : 0.00000000099999999996 0.00000000099999999996 0.39193115463674399468 0.00000000099999999996 0.01944543949264612714 0.00000000099999999996 0.18708459145008313196 0.23239238394985264891 0.00001185898106234472 0.00000000099999999996 0.12589176546131386480 0.04324280102829810429
84 84 (0) 11 : 0.00000000099999999960 0.00000000099999999960 0.00000000099999999960 0.00000000099999999960 0.00000000099999999960 0.00000000099999999960 0.00000000099999999960 0.00000000099999999960 0.99999998900000008906 0.00000000099999999960 0.00000000099999999960 0.00000000099999999960
85 85 (0) 11 : 0.00000000099999999973 0.00000000099999999973 0.54303617166112871928 0.00000000099999999973 0.00000000099999999973 0.00000000099999999973 0.00000000099999999973 0.00000236147292763647 0.00000000099999999973 0.00000000099999999973 0.45696145786594366545 0.00000000099999999973
86 86 (0) 12 : 0.00000000099999999991 0.00000000099999999991 0.00000000099999999991 0.00000000099999999991 0.00000000099999999991 0.00000000099999999991 0.00000000099999999991 0.00000000099999999991 0.00000000099999999991 0.00000000099999999991 0.38871787019959985754 0.61128211980040025875
87 87 (0) 12 : 0.00000000099999999995 0.00000000099999999995 0.41395582259187524432 0.00000000099999999995 0.00000000099999999995 0.00000000099999999995 0.00000000099999999995 0.00000000099999999995 0.32500800244061189836 0.00000000099999999995 0.17179035525113553473 0.08924581171637717414
88 88 (0) 12 : 0.00000000099999999976 0.00000000099999999976 0.29562209683536555538 0.00000000099999999976 0.00000000099999999976 0.00000000099999999976 0.00000000099999999976 0.00000000099999999976 0.70437789316463428335 0.00000000099999999976 0.00000000099999999976 0.00000000099999999976
89 89 (0) 12 : 0.00000000099999999982 0.00000000099999999982 0.82644569587173799530 0.00000000099999999982 0.00000000099999999982 0.00000000099999999982 0.00000000099999999982 0.00000000099999999982 0.00000000099999999982 0.00000000099999999982 0.17355429412826212099 0.00000000099999999982
90 90 (0) 12 : 0.38296331932278038224 0.61703667067721990058 0.00000000099999999982 0.00000000099999999982 0.00000000099999999982 0.00000000099999999982 0.00000000099999999982 0.00000000099999999982 0.00000000099999999982 0.00000000099999999982 0.00000000099999999982 0.00000000099999999982
91 91 (0) 12 : 0.00000000099999999963 0.00000000099999999963 0.62664108875207702454 0.00000000099999999963 0.00000000099999999963 0.00000000099999999963 0.37335890124792309175 0.00000000099999999963 0.00000000099999999963 0.00000000099999999963 0.00000000099999999963 0.00000000099999999963
92 92 (0) 12 : 0.00000000099999999957 0.00000000099999999957 0.99999998900000008906 0.00000000099999999957 0.00000000099999999957 0.00000000099999999957 0.00000000099999999957 0.00000000099999999957 0.00000000099999999957 0.00000000099999999957 0.00000000099999999957 0.00000000099999999957
93 93 (0) 12 : 0.00000000099999999959 0.00000000099999999959 0.00000000099999999959 0.00000000099999999959 0.00000000099999999959 0.00000000099999999959 0.00000000099999999959 0.00000000099999999959 0.99999998899999997803 0.00000000099999999959 0.00000000099999999959 0.00000000099999999959
94 94 (0) 13 : 0.00000000099999999949 0.00000000099999999949 0.00000000099999999949 0.00000000099999999949 0.00000000099999999949 0.00000000099999999949 0.00000000099999999949 0.99999998899999997803 0.00000000099999999949 0.00000000099999999949 0.00000000099999999949 0.00000000099999999949
1 1 (0) 1 : 0.00000000099999999950 0.00000000099999999950 0.00000000099999999950 0.00000000099999999950 0.00000000099999999950 0.99999998900000020008 0.00000000099999999950 0.00000000099999999950 0.00000000099999999950 0.00000000099999999950 0.00000000099999999950 0.00000000099999999950
2 2 (0) 1 : 0.00000000099999999935 0.00000000099999999935 0.00000000099999999935 0.00000000099999999935 0.00000000099999999935 0.00000000099999999935 0.99999998900000008906 0.00000000099999999935 0.00000000099999999935 0.00000000099999999935 0.00000000099999999935 0.00000000099999999935
3 3 (0) 1 : 0.00000000099999999949 0.00000000099999999949 0.00000000099999999949 0.00000000099999999949 0.00000000099999999949 0.00000000099999999949 0.00000000099999999949 0.00000000099999999949 0.00000000099999999949 0.00000000099999999949 0.00000000099999999949 0.99999998900000008906
4 4 (0) 1 : 0.00000000099999999952 0.00000000099999999952 0.00000000099999999952 0.00000000099999999952 0.00000000099999999952 0.99999998900000020008 0.00000000099999999952 0.00000000099999999952 0.00000000099999999952 0.00000000099999999952 0.00000000099999999952 0.00000000099999999952
5 5 (0) 1 : 0.00000000099999999963 0.00000000099999999963 0.00000000099999999963 0.00000000099999999963 0.00000000099999999963 0.39882557465271822883 0.00000000099999999963 0.00000000099999999963 0.00000000099999999963 0.00000000099999999963 0.00000000099999999963 0.60117441534728155439
6 6 (0) 1 : 0.00000000099999999958 0.00000000099999999958 0.35656416417749442482 0.00000000099999999958 0.00000000099999999958 0.64343582582250558044 0.00000000099999999958 0.00000000099999999958 0.00000000099999999958 0.00000000099999999958 0.00000000099999999958 0.00000000099999999958
7 7 (0) 1 : 0.00000000099999999953 0.00000000099999999953 0.00000000099999999953 0.00000000099999999953 0.00000000099999999953 0.99999998900000020008 0.00000000099999999953 0.00000000099999999953 0.00000000099999999953 0.00000000099999999953 0.00000000099999999953 0.00000000099999999953
8 8 (0) 1 : 0.00000000099999999956 0.00000000099999999956 0.00000000099999999956 0.00000000099999999956 0.00000000099999999956 0.00000000099999999956 0.00000000099999999956 0.00000000099999999956 0.99999998899999997803 0.00000000099999999956 0.00000000099999999956 0.00000000099999999956
9 9 (0) 1 : 0.17295051059138977223 0.00000000099999999979 0.00612519065752649590 0.00000000099999999979 0.19780088504207138378 0.26772605984565733817 0.00000000099999999979 0.00000000099999999979 0.21966141589705476256 0.00000000099999999979 0.00000000099999999979 0.13573593196630023838
10 10 (0) 1 : 0.00000000099999999968 0.00000000099999999968 0.53973430221497797898 0.00000000099999999968 0.00000000099999999968 0.00000000099999999968 0.00000000099999999968 0.00000000099999999968 0.46026568778502224832 0.00000000099999999968 0.00000000099999999968 0.00000000099999999968
11 11 (0) 1 : 0.00000000099999999966 0.00000000099999999966 0.99999998900000020008 0.00000000099999999966 0.00000000099999999966 0.00000000099999999966 0.00000000099999999966 0.00000000099999999966 0.00000000099999999966 0.00000000099999999966 0.00000000099999999966 0.00000000099999999966
12 12 (0) 1 : 0.00000000099999999868 0.00000000099999999868 0.00000000099999999868 0.00000000099999999868 0.00000000099999999868 0.00000000099999999868 0.99999998899999986701 0.00000000099999999868 0.00000000099999999868 0.00000000099999999868 0.00000000099999999868 0.00000000099999999868
13 13 (0) 1 : 0.00000000099999999954 0.00000000099999999954 0.00000000099999999954 0.00000000099999999954 0.99999998900000020008 0.00000000099999999954 0.00000000099999999954 0.00000000099999999954 0.00000000099999999954 0.00000000099999999954 0.00000000099999999954 0.00000000099999999954
14 14 (0) 2 : 0.99999998900000031110 0.00000000099999999957 0.00000000099999999957 0.00000000099999999957 0.00000000099999999957 0.00000000099999999957 0.00000000099999999957 0.00000000099999999957 0.00000000099999999957 0.00000000099999999957 0.00000000099999999957 0.00000000099999999957
15 15 (0) 2 : 0.00000000099999999906 0.00000000099999999906 0.00000000099999999906 0.00000000099999999906 0.00000000099999999906 0.00000000099999999906 0.00000000099999999906 0.00000000099999999906 0.00000000099999999906 0.00000000099999999906 0.99999998899999997803 0.00000000099999999906
16 16 (0) 2 : 0.99999998900000020008 0.00000000099999999957 0.00000000099999999957 0.00000000099999999957 0.00000000099999999957 0.00000000099999999957 0.00000000099999999957 0.00000000099999999957 0.00000000099999999957 0.00000000099999999957 0.00000000099999999957 0.00000000099999999957
17 17 (0) 2 : 0.00000000099999999948 0.00000000099999999948 0.00000000099999999948 0.00000000099999999948 0.00000000099999999948 0.99999998900000008906 0.00000000099999999948 0.00000000099999999948 0.00000000099999999948 0.00000000099999999948 0.00000000099999999948 0.00000000099999999948
18 18 (0) 2 : 0.00000000099999999959 0.00000000099999999959 0.00000000099999999959 0.00000000099999999959 0.00000000099999999959 0.00000000099999999959 0.00000000099999999959 0.00000000099999999959 0.39580632140199667468 0.00000000099999999959 0.00000000099999999959 0.60419366859800327507
19 19 (0) 2 : 0.42567931024877148083 0.00000000099999999968 0.00000000099999999968 0.00000000099999999968 0.00000000099999999968 0.57432067975122857995 0.00000000099999999968 0.00000000099999999968 0.00000000099999999968 0.00000000099999999968 0.00000000099999999968 0.00000000099999999968
20 20 (0) 2 : 0.24479469540435214170 0.00000000099999999988 0.00000000099999999988 0.04065134376131312316 0.29439329824768295518 0.12959452560348014294 0.00000000099999999988 0.00000000099999999988 0.18652586262666606687 0.00000000099999999988 0.00000000099999999988 0.10404026835650564964
21 21 (0) 2 : 0.00000000099999999952 0.00000000099999999952 0.00000000099999999952 0.00000000099999999952 0.99999998900000008906 0.00000000099999999952 0.00000000099999999952 0.00000000099999999952 0.00000000099999999952 0.00000000099999999952 0.00000000099999999952 0.00000000099999999952
22 22 (0) 2 : 0.03459161260367427104 0.00000000099999999986 0.00000000099999999986 0.09099710927119006310 0.42839841262566485947 0.23568469000350425469 0.00000000099999999986 0.00000000099999999986 0.13599158715855977353 0.00000000099999999986 0.00000000099999999986 0.07433658233740671195
23 23 (0) 2 : 0.00000000099999999994 0.00000000099999999994 0.00000000099999999994 0.42607425080586469601 0.57392573919413536476 0.00000000099999999994 0.00000000099999999994 0.00000000099999999994 0.00000000099999999994 0.00000000099999999994 0.00000000099999999994 0.00000000099999999994
24 24 (0) 2 : 0.00000000099999999967 0.00000000099999999967 0.00000000099999999967 0.00000000099999999967 0.59846453541851063473 0.40153545458148964808 0.00000000099999999967 0.00000000099999999967 0.00000000099999999967 0.00000000099999999967 0.00000000099999999967 0.00000000099999999967
25 25 (0) 2 : 0.00000000099999999959 0.00000000099999999959 0.00000000099999999959 0.00000000099999999959 0.99999998900000020008 0.00000000099999999959 0.00000000099999999959 0.00000000099999999959 0.00000000099999999959 0.00000000099999999959 0.00000000099999999959 0.00000000099999999959
26 26 (0) 2 : 0.00000000099999999996 0.00000000099999999996 0.28298159076649875843 0.40332856673139949599 0.00000000099999999996 0.00000000099999999996 0.00000000099999999996 0.00000000099999999996 0.00000000099999999996 0.00000000099999999996 0.00000000099999999996 0.31368983350210205563
27 27 (0) 2 : 0.00000000099999999943 0.00000000099999999943 0.00000000099999999943 0.00000000099999999943 0.00000000099999999943 0.00000000099999999943 0.00000000099999999943 0.00000000099999999943 0.00000000099999999943 0.00000000099999999943 0.00000000099999999943 0.99999998899999997803
28 28 (0) 3 : 0.00000000099999999943 0.00000000099999999943 0.00000000099999999943 0.00000000099999999943 0.00000000099999999943 0.00000000099999999943 0.00000000099999999943 0.99999998900000008906 0.00000000099999999943 0.00000000099999999943 0.00000000099999999943 0.00000000099999999943
29 29 (0) 3 : 0.99999998900000020008 0.00000000099999999962 0.00000000099999999962 0.00000000099999999962 0.00000000099999999962 0.00000000099999999962 0.00000000099999999962 0.00000000099999999962 0.00000000099999999962 0.00000000099999999962 0.00000000099999999962 0.00000000099999999962
30 30 (0) 3 : 0.00000000099999999900 0.00000000099999999900 0.00000000099999999900 0.99999998900000008906 0.00000000099999999900 0.00000000099999999900 0.00000000099999999900 0.00000000099999999900 0.00000000099999999900 0.00000000099999999900 0.00000000099999999900 0.00000000099999999900
31 31 (0) 3 : 0.00000000099999999994 0.00000000099999999994 0.00000000099999999994 0.53275381552972611576 0.46724617447027394501 0.00000000099999999994 0.00000000099999999994 0.00000000099999999994 0.00000000099999999994 0.00000000099999999994 0.00000000099999999994 0.00000000099999999994
32 32 (0) 3 : 0.00000000099999999894 0.00000000099999999894 0.00000000099999999894 0.00000000099999999894 0.00000000099999999894 0.00000000099999999894 0.00000000099999999894 0.00000000099999999894 0.00000000099999999894 0.00000000099999999894 0.99999998899999986701 0.00000000099999999894
33 33 (0) 3 : 0.00000000099999999965 0.00000000099999999965 0.62351313355924331550 0.00000000099999999965 0.00000000099999999965 0.00000000099999999965 0.00000000099999999965 0.00000000099999999965 0.00000000099999999965 0.00000000099999999965 0.00000000099999999965 0.37648685644075685630
34 34 (0) 3 : 0.00000000099999999938 0.00000000099999999938 0.00000000099999999938 0.00000000099999999938 0.00000000099999999938 0.00000000099999999938 0.00000000099999999938 0.00000000099999999938 0.00000000099999999938 0.99999998899999997803 0.00000000099999999938 0.00000000099999999938
35 35 (0) 3 : 0.00000000099999999887 0.99999998900000008906 0.00000000099999999887 0.00000000099999999887 0.00000000099999999887 0.00000000099999999887 0.00000000099999999887 0.00000000099999999887 0.00000000099999999887 0.00000000099999999887 0.00000000099999999887 0.00000000099999999887
36 36 (0) 3 : 0.00000000099999999927 0.00000000099999999927 0.00000000099999999927 0.00000000099999999927 0.00000000099999999927 0.00000000099999999927 0.00000000099999999927 0.00000000099999999927 0.00000000099999999927 0.99999998900000008906 0.00000000099999999927 0.00000000099999999927
37 37 (0) 3 : 0.00000000099999999947 0.00000000099999999947 0.99999998900000020008 0.00000000099999999947 0.00000000099999999947 0.00000000099999999947 0.00000000099999999947 0.00000000099999999947 0.00000000099999999947 0.00000000099999999947 0.00000000099999999947 0.00000000099999999947
38 38 (0) 3 : 0.00000000099999999936 0.00000000099999999936 0.00000000099999999936 0.99999998900000020008 0.00000000099999999936 0.00000000099999999936 0.00000000099999999936 0.00000000099999999936 0.00000000099999999936 0.00000000099999999936 0.00000000099999999936 0.00000000099999999936
39 39 (0) 3 : 0.00000000099999999913 0.00000000099999999913 0.00000000099999999913 0.99999998900000020008 0.00000000099999999913 0.00000000099999999913 0.00000000099999999913 0.00000000099999999913 0.00000000099999999913 0.00000000099999999913 0.00000000099999999913 0.00000000099999999913
40 40 (0) 3 : 0.00000000099999999953 0.00000000099999999953 0.00000000099999999953 0.00000000099999999953 0.99999998900000020008 0.00000000099999999953 0.00000000099999999953 0.00000000099999999953 0.00000000099999999953 0.00000000099999999953 0.00000000099999999953 0.00000000099999999953
41 41 (0) 3 : 0.00000000099999999953 0.00000000099999999953 0.00000000099999999953 0.00000000099999999953 0.00000000099999999953 0.00000000099999999953 0.00000000099999999953 0.00000000099999999953 0.99999998899999997803 0.00000000099999999953 0.00000000099999999953 0.00000000099999999953
42 42 (0) 3 : 0.00000000099999999901 0.00000000099999999901 0.00000000099999999901 0.00000000099999999901 0.00000000099999999901 0.00000000099999999901 0.00000000099999999901 0.00000000099999999901 0.00000000099999999901 0.00000000099999999901 0.99999998899999997803 0.00000000099999999901
43 43 (0) 3 : 0.00000000099999999874 0.99999998900000020008 0.00000000099999999874 0.00000000099999999874 0.00000000099999999874 0.00000000099999999874 0.00000000099999999874 0.00000000099999999874 0.00000000099999999874 0.00000000099999999874 0.00000000099999999874 0.00000000099999999874
44 44 (0) 3 : 0.00000000099999999962 0.00000000099999999962 0.00000000099999999962 0.00000000099999999962 0.00000000099999999962 0.00000000099999999962 0.00000000099999999962 0.00000000099999999962 0.99999998899999997803 0.00000000099999999962 0.00000000099999999962 0.00000000099999999962
45 45 (0) 3 : 0.00000000099999999975 0.00000000099999999975 0.00000000099999999975 0.00000000099999999975 0.32035526929565405485 0.30004230057969244472 0.00000000099999999975 0.00000000099999999975 0.00000000099999999975 0.00000000099999999975 0.00000000099999999975 0.37960242112465369946
46 46 (0) 4 : 0.00000000099999999940 0.00000000099999999940 0.00000000099999999940 0.00000000099999999940 0.00000000099999999940 0.00000000099999999940 0.00000000099999999940 0.99999998900000008906 0.00000000099999999940 0.00000000099999999940 0.00000000099999999940 0.00000000099999999940
47 47 (0) 4 : 0.00000000099999999939 0.00000000099999999939 0.00000000099999999939 0.00000000099999999939 0.00000000099999999939 0.00000000099999999939 0.00000000099999999939 0.99999998900000008906 0.00000000099999999939 0.00000000099999999939 0.00000000099999999939 0.00000000099999999939
48 48 (0) 4 : 0.00000000099999999945 0.00000000099999999945 0.99999998900000020008 0.00000000099999999945 0.00000000099999999945 0.00000000099999999945 0.00000000099999999945 0.00000000099999999945 0.00000000099999999945 0.00000000099999999945 0.00000000099999999945 0.00000000099999999945
49 49 (0) 4 : 0.00000000099999999971 0.00000000099999999971 0.00000000099999999971 0.00000000099999999971 0.99999998900000020008 0.00000000099999999971 0.00000000099999999971 0.00000000099999999971 0.00000000099999999971 0.00000000099999999971 0.00000000099999999971 0.00000000099999999971
50 50 (0) 4 : 0.28124950827688693922 0.00000004249366518778 0.12821141751832182409 0.04792054823475557640 0.12285140410254283272 0.09820042936115264132 0.03123724768490783107 0.00000000099999999999 0.21475032944067443119 0.00000000099999999999 0.00000000099999999999 0.07557906988709285623
51 51 (0) 4 : 0.96577861364437933567 0.00000000099999999982 0.00000000099999999982 0.03422137635562093327 0.00000000099999999982 0.00000000099999999982 0.00000000099999999982 0.00000000099999999982 0.00000000099999999982 0.00000000099999999982 0.00000000099999999982 0.00000000099999999982
52 52 (0) 4 : 0.99999998900000020008 0.00000000099999999971 0.00000000099999999971 0.00000000099999999971 0.00000000099999999971 0.00000000099999999971 0.00000000099999999971 0.00000000099999999971 0.00000000099999999971 0.00000000099999999971 0.00000000099999999971 0.00000000099999999971
53 53 (0) 4 : 0.00000000099999999951 0.00000000099999999951 0.00000000099999999951 0.00000000099999999951 0.99999998900000020008 0.00000000099999999951 0.00000000099999999951 0.00000000099999999951 0.00000000099999999951 0.00000000099999999951 0.00000000099999999951 0.00000000099999999951
54 54 (0) 4 : 0.00000000099999999944 0.00000000099999999944 0.99999998900000020008 0.00000000099999999944 0.00000000099999999944 0.00000000099999999944 0.00000000099999999944 0.00000000099999999944 0.00000000099999999944 0.00000000099999999944 0.00000000099999999944 0.00000000099999999944
55 55 (0) 4 : 0.00000000099999999997 0.00000000099999999997 0.33914813420928652254 0.66085185579071359374 0.00000000099999999997 0.00000000099999999997 0.00000000099999999997 0.00000000099999999997 0.00000000099999999997 0.00000000099999999997 0.00000000099999999997 0.00000000099999999997
56 56 (0) 4 : 0.00000000099999999945 0.00000000099999999945 0.00000000099999999945 0.00000000099999999945 0.00000000099999999945 0.00000000099999999945 0.00000000099999999945 0.00000000099999999945 0.00000000099999999945 0.00000000099999999945 0.00000000099999999945 0.99999998900000008906
57 57 (0) 5 : 0.63952124912803198775 0.00000000099999999973 0.00000000099999999973 0.00000000099999999973 0.00000000099999999973 0.00000000099999999973 0.00000000099999999973 0.00000000099999999973 0.36047874087196823956 0.00000000099999999973 0.00000000099999999973 0.00000000099999999973
58 58 (0) 5 : 0.44481300992475564238 0.00000000099999999997 0.11893102597330976189 0.00000000099999999997 0.15126213599863735926 0.00000000333092362284 0.00100358257162081192 0.03520873793948479935 0.13348994471579753163 0.00000000099999999997 0.00000000099999999997 0.11529155554547054763
59 59 (0) 5 : 0.99999998900000031110 0.00000000099999999964 0.00000000099999999964 0.00000000099999999964 0.00000000099999999964 0.00000000099999999964 0.00000000099999999964 0.00000000099999999964 0.00000000099999999964 0.00000000099999999964 0.00000000099999999964 0.00000000099999999964
60 60 (0) 5 : 0.00000000099999999936 0.00000000099999999936 0.00000000099999999936 0.00000000099999999936 0.00000000099999999936 0.00000000099999999936 0.00000000099999999936 0.99999998899999997803 0.00000000099999999936 0.00000000099999999936 0.00000000099999999936 0.00000000099999999936
61 61 (0) 5 : 0.00000000099999999995 0.00000000099999999995 0.00000000099999999995 0.00000000099999999995 0.00000000099999999995 0.00000000099999999995 0.00000000099999999995 0.99999998899999997803 0.00000000099999999995 0.00000000099999999995 0.00000000099999999995 0.00000000099999999995
62 62 (0) 5 : 0.00000000099999999967 0.00000000099999999967 0.00000000099999999967 0.00000000099999999967 0.00000000099999999967 0.00000000099999999967 0.00000000099999999967 0.00000000099999999967 0.00000000099999999967 0.00000000099999999967 0.99999998899999986701 0.00000000099999999967
63 63 (0) 6 : 0.00000000099999999933 0.00000000099999999933 0.00000000099999999933 0.00000000099999999933 0.00000000099999999933 0.00000000099999999933 0.00000000099999999933 0.00000000099999999933 0.00000000099999999933 0.99999998899999997803 0.00000000099999999933 0.00000000099999999933
64 64 (0) 6 : 0.00000000099999999942 0.00000000099999999942 0.00000000099999999942 0.00000000099999999942 0.00000000099999999942 0.00000000099999999942 0.00000000099999999942 0.99999998900000008906 0.00000000099999999942 0.00000000099999999942 0.00000000099999999942 0.00000000099999999942
65 65 (0) 6 : 0.00000000099999999944 0.00000000099999999944 0.00000000099999999944 0.00000000099999999944 0.00000000099999999944 0.00000000099999999944 0.00000000099999999944 0.00000000099999999944 0.00000000099999999944 0.99999998899999997803 0.00000000099999999944 0.00000000099999999944
66 66 (0) 6 : 0.00000003656852987060 0.04300262288541559924 0.09932400077090150492 0.00000000099999999990 0.00000000099999999990 0.09074348850665880928 0.00000000099999999990 0.67534083912520304072 0.00000000099999999990 0.00000114686021863878 0.03630434894964419679 0.05528351233342829185
67 67 (0) 6 : 0.00000000099999999939 0.00000000099999999939 0.00000000099999999939 0.00000000099999999939 0.00000000099999999939 0.00000000099999999939 0.00000000099999999939 0.99999998900000008906 0.00000000099999999939 0.00000000099999999939 0.00000000099999999939 0.00000000099999999939
68 68 (0) 6 : 0.00000000099999999984 0.00000000099999999984 0.00000000099999999984 0.12294294972969986579 0.00000000099999999984 0.00000000099999999984 0.00000000099999999984 0.76432038815997382919 0.00000000099999999984 0.11273665311032640690 0.00000000099999999984 0.00000000099999999984
69 69 (0) 6 : 0.29741715010345121106 0.00000000100000000000 0.00000000100000000000 0.02499310867283806650 0.08488323532959603235 0.27514387255248379249 0.01585869334546279388 0.06469514902869387407 0.11520042782596200126 0.07624359937670419085 0.00060220969135991065 0.04496255207344784094
70 70 (0) 6 : 0.00000000099999999940 0.00000000099999999940 0.00000000099999999940 0.00000000099999999940 0.00000000099999999940 0.00000000099999999940 0.00000000099999999940 0.99999998899999997803 0.00000000099999999940 0.00000000099999999940 0.00000000099999999940 0.00000000099999999940
71 71 (0) 6 : 0.00000000099999999953 0.00000000099999999953 0.00000000099999999953 0.00000000099999999953 0.00000000099999999953 0.99999998900000008906 0.00000000099999999953 0.00000000099999999953 0.00000000099999999953 0.00000000099999999953 0.00000000099999999953 0.00000000099999999953
72 72 (0) 6 : 0.00000000099999999933 0.00000000099999999933 0.00000000099999999933 0.00000000099999999933 0.00000000099999999933 0.00000000099999999933 0.00000000099999999933 0.99999998899999997803 0.00000000099999999933 0.00000000099999999933 0.00000000099999999933 0.00000000099999999933
73 73 (0) 6 : 0.00000000099999999948 0.00000000099999999948 0.00000000099999999948 0.00000000099999999948 0.00000000099999999948 0.00000000099999999948 0.00000000099999999948 0.00000000099999999948 0.00000000099999999948 0.99999998899999997803 0.00000000099999999948 0.00000000099999999948
74 74 (0) 6 : 0.00000000099999999973 0.00000000099999999973 0.00000000099999999973 0.13293715411136669546 0.00000000099999999973 0.00000000099999999973 0.00000000099999999973 0.86706283588863330980 0.00000000099999999973 0.00000000099999999973 0.00000000099999999973 0.00000000099999999973
75 75 (0) 6 : 0.00000000099999999970 0.00000000099999999970 0.00000000099999999970 0.00423430735940613645 0.00000000099999999970 0.00000000099999999970 0.00000000099999999970 0.00000000099999999970 0.00000000099999999970 0.99576568264059384106 0.00000000099999999970 0.00000000099999999970
76 76 (0) 6 : 0.00000000099999999986 0.00000000099999999986 0.00000000099999999986 0.16554141291092841493 0.00000000099999999986 0.00000000099999999986 0.00000000099999999986 0.83445857708907167360 0.00000000099999999986 0.00000000099999999986 0.00000000099999999986 0.00000000099999999986
77 77 (0) 6 : 0.00000000099999999986 0.00000000099999999986 0.00000000099999999986 0.18003512585273254154 0.00000000099999999986 0.00000000099999999986 0.00000000099999999986 0.81996475686231995450 0.00000000099999999986 0.00000010828494770745 0.00000000099999999986 0.00000000099999999986
78 78 (0) 6 : 0.00000000099999999977 0.00000000099999999977 0.00000000099999999977 0.20835436135413254455 0.00000000099999999977 0.00000000099999999977 0.00000000099999999977 0.00000000099999999977 0.00000000099999999977 0.79164562864586740520 0.00000000099999999977 0.00000000099999999977
79 79 (0) 6 : 0.00000000099999999956 0.00000000099999999956 0.00000000099999999956 0.00000000099999999956 0.00000000099999999956 0.00000000099999999956 0.00000000099999999956 0.00000000099999999956 0.00000000099999999956 0.99999998900000008906 0.00000000099999999956 0.00000000099999999956
80 80 (0) 7 : 0.00000000099999999951 0.00000000099999999951 0.00000000099999999951 0.00000000099999999951 0.00000000099999999951 0.00000000099999999951 0.00000000099999999951 0.00000000099999999951 0.99999998899999997803 0.00000000099999999951 0.00000000099999999951 0.00000000099999999951
81 81 (0) 8 : 0.00000000099999999962 0.00000000099999999962 0.00000000099999999962 0.00000000099999999962 0.00000000099999999962 0.00000000099999999962 0.00000000099999999962 0.00000000099999999962 0.99999998899999997803 0.00000000099999999962 0.00000000099999999962 0.00000000099999999962
82 82 (0) 9 : 0.00000000099999999923 0.00000000099999999923 0.00000000099999999923 0.99999998900000020008 0.00000000099999999923 0.00000000099999999923 0.00000000099999999923 0.00000000099999999923 0.00000000099999999923 0.00000000099999999923 0.00000000099999999923 0.00000000099999999923
83 83 (0) 10 : 0.26126936196191880013 0.00000000099999999996 0.05555190901130590414 0.12952292193049200208 0.07704341864378290439 0.30309441110179508039 0.02012704934165458412 0.00000000099999999996 0.15339075109399225028 0.00000000099999999996 0.00000000099999999996 0.00000017291505850863
84 84 (0) 11 : 0.00000000099999999945 0.00000000099999999945 0.00000000099999999945 0.00000000099999999945 0.00000000099999999945 0.00000000099999999945 0.00000000099999999945 0.00000000099999999945 0.00000000099999999945 0.00000000099999999945 0.00000000099999999945 0.99999998899999997803
85 85 (0) 11 : 0.00000000099999999973 0.00000000099999999973 0.00000000099999999973 0.45567229740826792339 0.00000000099999999973 0.00000000099999999973 0.00000000099999999973 0.00000000099999999973 0.54432769259173197085 0.00000000099999999973 0.00000000099999999973 0.00000000099999999973
86 86 (0) 12 : 0.00000000099999999992 0.00000000099999999992 0.57489971740018575019 0.42510027259981436609 0.00000000099999999992 0.00000000099999999992 0.00000000099999999992 0.00000000099999999992 0.00000000099999999992 0.00000000099999999992 0.00000000099999999992 0.00000000099999999992
87 87 (0) 12 : 0.00003159717224158042 0.00000000099999999995 0.14250732650604214236 0.17623067768062400384 0.35778346389877307976 0.24070672576817889188 0.00006972355915999719 0.00000000099999999995 0.00084037480918025011 0.00000000099999999995 0.00000000099999999995 0.08183010660580015971
88 88 (0) 12 : 0.00000000099999999972 0.00000000099999999972 0.58489523765654338749 0.00000000099999999972 0.00000000099999999972 0.00000000099999999972 0.00000000099999999972 0.00000000099999999972 0.00000000099999999972 0.00000000099999999972 0.00000000099999999972 0.41510475234345672879
89 89 (0) 12 : 0.10583326550454512371 0.00000000099999999985 0.00000000099999999985 0.16785236287538624067 0.18872171180708208205 0.32243322871225849058 0.00000000099999999985 0.00000000099999999985 0.15588172375483230758 0.00000000099999999985 0.00000000099999999985 0.05927770134589582796
90 90 (0) 12 : 0.00000000099999999983 0.38349359582261616231 0.00000000099999999983 0.00000000099999999983 0.00000000099999999983 0.00000000099999999983 0.00000000099999999983 0.00000000099999999983 0.00000000099999999983 0.61650639417738373194 0.00000000099999999983 0.00000000099999999983
91 91 (0) 12 : 0.99999998900000031110 0.00000000099999999957 0.00000000099999999957 0.00000000099999999957 0.00000000099999999957 0.00000000099999999957 0.00000000099999999957 0.00000000099999999957 0.00000000099999999957 0.00000000099999999957 0.00000000099999999957 0.00000000099999999957
92 92 (0) 12 : 0.00000000099999999970 0.00000000099999999970 0.00000000099999999970 0.00000000099999999970 0.45032323420541353620 0.29107835885373312124 0.00000000099999999970 0.00000000099999999970 0.25859839794085359710 0.00000000099999999970 0.00000000099999999970 0.00000000099999999970
93 93 (0) 12 : 0.99999998900000020008 0.00000000099999999958 0.00000000099999999958 0.00000000099999999958 0.00000000099999999958 0.00000000099999999958 0.00000000099999999958 0.00000000099999999958 0.00000000099999999958 0.00000000099999999958 0.00000000099999999958 0.00000000099999999958
94 94 (0) 13 : 0.00000000099999999948 0.00000000099999999948 0.00000000099999999948 0.00000000099999999948 0.00000000099999999948 0.00000000099999999948 0.00000000099999999948 0.00000000099999999948 0.99999998900000008906 0.00000000099999999948 0.00000000099999999948 0.00000000099999999948
