1.0000	0.9994	0.9997	0.9994	0.9656	0.9801	0.9997	0.9660	0.9661	0.9801	0.9689	0.7246	0.9993	0.9801	0.7434	0.9997	0.9386	0.9801	0.9994	0.9662	0.9801	0.7436	0.9623	0.9997	0.7720	0.9996	0.9998	0.9660	0.7706	0.9997	0.9658	0.9667	0.9662	0.9801	0.7436	0.9669	0.7246	0.9996	0.9386	0.9996	0.7245	0.9997	0.9997	0.9801	0.9997	0.9801	0.9997	0.9801	0.9666	0.9997
0.9994	1.0000	0.9995	0.9999	0.9655	0.9802	0.9995	0.9659	0.9661	0.9802	0.9688	0.7246	0.9999	0.9802	0.7434	0.9995	0.9386	0.9802	0.9999	0.9661	0.9802	0.7436	0.9623	0.9994	0.7720	0.9995	0.9995	0.9659	0.7706	0.9995	0.9657	0.9666	0.9661	0.9802	0.7436	0.9668	0.7246	0.9994	0.9386	0.9995	0.7245	0.9995	0.9995	0.9802	0.9995	0.9802	0.9995	0.9802	0.9666	0.9995
0.9997	0.9995	1.0000	0.9994	0.9656	0.9800	0.9998	0.9661	0.9662	0.9800	0.9690	0.7247	0.9994	0.9800	0.7435	0.9998	0.9387	0.9800	0.9994	0.9662	0.9800	0.7437	0.9624	0.9999	0.7720	0.9997	0.9999	0.9661	0.7706	0.9998	0.9659	0.9667	0.9663	0.9800	0.7437	0.9669	0.7247	0.9997	0.9387	0.9997	0.7246	0.9998	0.9997	0.9800	0.9998	0.9800	0.9997	0.9800	0.9667	0.9997
0.9994	0.9999	0.9994	1.0000	0.9655	0.9802	0.9995	0.9659	0.9661	0.9802	0.9688	0.7246	0.9999	0.9802	0.7434	0.9995	0.9386	0.9802	1.0000	0.9661	0.9802	0.7436	0.9623	0.9994	0.7720	0.9995	0.9995	0.9659	0.7706	0.9995	0.9657	0.9666	0.9661	0.9802	0.7436	0.9668	0.7246	0.9995	0.9386	0.9995	0.7245	0.9995	0.9995	0.9802	0.9995	0.9802	0.9995	0.9802	0.9666	0.9995
0.9656	0.9655	0.9656	0.9655	1.0000	0.9524	0.9656	0.9993	0.9991	0.9524	0.9959	0.7277	0.9655	0.9524	0.7501	0.9655	0.9568	0.9524	0.9655	0.9991	0.9524	0.7503	0.9917	0.9656	0.7660	0.9655	0.9656	0.9993	0.7646	0.9656	0.9995	0.9985	0.9991	0.9524	0.7503	0.9983	0.7277	0.9656	0.9568	0.9655	0.7276	0.9656	0.9656	0.9524	0.9656	0.9524	0.9655	0.9524	0.9985	0.9655
0.9801	0.9802	0.9800	0.9802	0.9524	1.0000	0.9801	0.9528	0.9530	0.9995	0.9553	0.7224	0.9802	0.9995	0.7397	0.9801	0.9282	0.9997	0.9802	0.9530	0.9998	0.7399	0.9495	0.9799	0.7702	0.9801	0.9801	0.9528	0.7689	0.9800	0.9527	0.9534	0.9530	0.9995	0.7399	0.9536	0.7224	0.9801	0.9282	0.9801	0.7223	0.9801	0.9801	0.9994	0.9800	0.9995	0.9801	0.9996	0.9534	0.9801
0.9997	0.9995	0.9998	0.9995	0.9656	0.9801	1.0000	0.9660	0.9661	0.9801	0.9689	0.7246	0.9995	0.9801	0.7434	0.9999	0.9386	0.9801	0.9995	0.9662	0.9801	0.7436	0.9623	0.9997	0.7720	0.9999	0.9998	0.9660	0.7706	0.9999	0.9658	0.9667	0.9662	0.9801	0.7436	0.9669	0.7247	0.9998	0.9386	0.9999	0.7245	0.9999	0.9999	0.9801	0.9999	0.9801	0.9999	0.9801	0.9666	0.9999
0.9660	0.9659	0.9661	0.9659	0.9993	0.9528	0.9660	1.0000	0.9997	0.9528	0.9964	0.7277	0.9659	0.9528	0.7500	0.9660	0.9563	0.9528	0.9659	0.9998	0.9528	0.7502	0.9911	0.9661	0.7662	0.9660	0.9660	0.9999	0.7647	0.9660	0.9998	0.9992	0.9997	0.9528	0.7502	0.9989	0.7277	0.9660	0.9563	0.9660	0.7276	0.9660	0.9660	0.9528	0.9660	0.9528	0.9660	0.9528	0.9992	0.9660
0.9661	0.9661	0.9662	0.9661	0.9991	0.9530	0.9661	0.9997	1.0000	0.9530	0.9966	0.7276	0.9660	0.9530	0.7500	0.9661	0.9562	0.9530	0.9661	0.9998	0.9530	0.7501	0.9909	0.9662	0.7662	0.9661	0.9661	0.9998	0.7647	0.9662	0.9996	0.9994	0.9998	0.9530	0.7501	0.9991	0.7276	0.9662	0.9562	0.9661	0.7276	0.9662	0.9661	0.9530	0.9662	0.9530	0.9661	0.9530	0.9994	0.9661
0.9801	0.9802	0.9800	0.9802	0.9524	0.9995	0.9801	0.9528	0.9530	1.0000	0.9553	0.7224	0.9802	1.0000	0.7397	0.9801	0.9282	0.9998	0.9802	0.9530	0.9995	0.7399	0.9495	0.9799	0.7702	0.9801	0.9801	0.9529	0.7689	0.9801	0.9527	0.9534	0.9530	1.0000	0.7399	0.9536	0.7224	0.9801	0.9282	0.9801	0.7223	0.9801	0.9801	0.9998	0.9801	0.9998	0.9801	0.9999	0.9534	0.9801
0.9689	0.9688	0.9690	0.9688	0.9959	0.9553	0.9689	0.9964	0.9966	0.9553	1.0000	0.7275	0.9688	0.9553	0.7494	0.9689	0.9550	0.9553	0.9688	0.9966	0.9553	0.7496	0.9890	0.9690	0.7666	0.9689	0.9689	0.9965	0.7651	0.9689	0.9962	0.9972	0.9967	0.9553	0.7496	0.9974	0.7275	0.9689	0.9549	0.9689	0.7275	0.9689	0.9689	0.9553	0.9689	0.9553	0.9689	0.9553	0.9972	0.9689
0.7246	0.7246	0.7247	0.7246	0.7277	0.7224	0.7246	0.7277	0.7276	0.7224	0.7275	1.0000	0.7246	0.7224	0.8181	0.7246	0.7256	0.7224	0.7246	0.7276	0.7224	0.8190	0.7278	0.7247	0.6755	0.7246	0.7246	0.7277	0.6744	0.7246	0.7277	0.7276	0.7276	0.7224	0.8190	0.7276	0.9999	0.7246	0.7256	0.7246	0.9968	0.7246	0.7246	0.7224	0.7246	0.7224	0.7246	0.7224	0.7276	0.7246
0.9993	0.9999	0.9994	0.9999	0.9655	0.9802	0.9995	0.9659	0.9660	0.9802	0.9688	0.7246	1.0000	0.9802	0.7434	0.9995	0.9385	0.9802	0.9999	0.9661	0.9802	0.7436	0.9622	0.9994	0.7720	0.9995	0.9994	0.9659	0.7706	0.9995	0.9657	0.9666	0.9661	0.9802	0.7436	0.9668	0.7246	0.9995	0.9385	0.9995	0.7245	0.9995	0.9995	0.9802	0.9995	0.9802	0.9995	0.9802	0.9665	0.9995
0.9801	0.9802	0.9800	0.9802	0.9524	0.9995	0.9801	0.9528	0.9530	1.0000	0.9553	0.7224	0.9802	1.0000	0.7397	0.9801	0.9282	0.9998	0.9802	0.9530	0.9995	0.7399	0.9495	0.9799	0.7702	0.9801	0.9801	0.9529	0.7689	0.9801	0.9527	0.9534	0.9530	1.0000	0.7399	0.9536	0.7224	0.9801	0.9282	0.9801	0.7223	0.9801	0.9801	0.9998	0.9801	0.9998	0.9801	0.9999	0.9534	0.9801
0.7434	0.7434	0.7435	0.7434	0.7501	0.7397	0.7434	0.7500	0.7500	0.7397	0.7494	0.8181	0.7434	0.7397	1.0000	0.7434	0.7528	0.7397	0.7434	0.7500	0.7397	0.9941	0.7512	0.7435	0.6567	0.7434	0.7434	0.7500	0.6557	0.7434	0.7500	0.7499	0.7500	0.7397	0.9940	0.7498	0.8180	0.7434	0.7528	0.7434	0.8185	0.7434	0.7434	0.7397	0.7434	0.7397	0.7434	0.7397	0.7499	0.7434
0.9997	0.9995	0.9998	0.9995	0.9655	0.9801	0.9999	0.9660	0.9661	0.9801	0.9689	0.7246	0.9995	0.9801	0.7434	1.0000	0.9386	0.9801	0.9995	0.9661	0.9801	0.7436	0.9623	0.9997	0.7720	0.9999	0.9998	0.9660	0.7706	0.9999	0.9658	0.9666	0.9662	0.9801	0.7436	0.9668	0.7246	0.9999	0.9386	0.9999	0.7245	0.9999	0.9999	0.9801	0.9999	0.9801	1.0000	0.9801	0.9666	1.0000
0.9386	0.9386	0.9387	0.9386	0.9568	0.9282	0.9386	0.9563	0.9562	0.9282	0.9550	0.7256	0.9385	0.9282	0.7528	0.9386	1.0000	0.9282	0.9386	0.9562	0.9282	0.7528	0.9638	0.9387	0.7566	0.9386	0.9386	0.9563	0.7552	0.9387	0.9565	0.9559	0.9562	0.9282	0.7528	0.9558	0.7256	0.9387	0.9994	0.9386	0.7256	0.9387	0.9386	0.9282	0.9387	0.9282	0.9386	0.9282	0.9559	0.9386
0.9801	0.9802	0.9800	0.9802	0.9524	0.9997	0.9801	0.9528	0.9530	0.9998	0.9553	0.7224	0.9802	0.9998	0.7397	0.9801	0.9282	1.0000	0.9802	0.9530	0.9997	0.7399	0.9495	0.9799	0.7702	0.9801	0.9801	0.9529	0.7689	0.9801	0.9527	0.9534	0.9530	0.9998	0.7399	0.9536	0.7224	0.9801	0.9282	0.9801	0.7223	0.9801	0.9801	0.9997	0.9801	0.9996	0.9801	0.9998	0.9534	0.9801
0.9994	0.9999	0.9994	1.0000	0.9655	0.9802	0.9995	0.9659	0.9661	0.9802	0.9688	0.7246	0.9999	0.9802	0.7434	0.9995	0.9386	0.9802	1.0000	0.9661	0.9802	0.7436	0.9623	0.9994	0.7720	0.9995	0.9995	0.9659	0.7706	0.9995	0.9657	0.9666	0.9661	0.9802	0.7436	0.9668	0.7246	0.9995	0.9386	0.9995	0.7245	0.9995	0.9995	0.9802	0.9995	0.9802	0.9995	0.9802	0.9666	0.9995
0.9662	0.9661	0.9662	0.9661	0.9991	0.9530	0.9662	0.9998	0.9998	0.9530	0.9966	0.7276	0.9661	0.9530	0.7500	0.9661	0.9562	0.9530	0.9661	1.0000	0.9530	0.7502	0.9910	0.9662	0.7662	0.9661	0.9661	0.9998	0.7647	0.9662	0.9996	0.9994	0.9999	0.9530	0.7502	0.9991	0.7276	0.9662	0.9562	0.9661	0.7276	0.9662	0.9662	0.9530	0.9662	0.9530	0.9661	0.9530	0.9994	0.9661
0.9801	0.9802	0.9800	0.9802	0.9524	0.9998	0.9801	0.9528	0.9530	0.9995	0.9553	0.7224	0.9802	0.9995	0.7397	0.9801	0.9282	0.9997	0.9802	0.9530	1.0000	0.7399	0.9495	0.9799	0.7702	0.9801	0.9801	0.9529	0.7689	0.9800	0.9527	0.9534	0.9530	0.9995	0.7399	0.9536	0.7224	0.9801	0.9282	0.9801	0.7223	0.9801	0.9801	0.9995	0.9800	0.9994	0.9801	0.9996	0.9534	0.9801
0.7436	0.7436	0.7437	0.7436	0.7503	0.7399	0.7436	0.7502	0.7501	0.7399	0.7496	0.8190	0.7436	0.7399	0.9941	0.7436	0.7528	0.7399	0.7436	0.7502	0.7399	1.0000	0.7513	0.7437	0.6570	0.7436	0.7436	0.7502	0.6560	0.7436	0.7502	0.7500	0.7501	0.7399	0.9996	0.7500	0.8190	0.7436	0.7528	0.7436	0.8194	0.7436	0.7436	0.7399	0.7436	0.7399	0.7436	0.7399	0.7500	0.7436
0.9623	0.9623	0.9624	0.9623	0.9917	0.9495	0.9623	0.9911	0.9909	0.9495	0.9890	0.7278	0.9622	0.9495	0.7512	0.9623	0.9638	0.9495	0.9623	0.9910	0.9495	0.7513	1.0000	0.9624	0.7647	0.9623	0.9623	0.9911	0.7632	0.9623	0.9912	0.9905	0.9909	0.9495	0.7513	0.9904	0.7278	0.9623	0.9638	0.9623	0.7278	0.9623	0.9623	0.9495	0.9623	0.9495	0.9623	0.9495	0.9905	0.9623
0.9997	0.9994	0.9999	0.9994	0.9656	0.9799	0.9997	0.9661	0.9662	0.9799	0.9690	0.7247	0.9994	0.9799	0.7435	0.9997	0.9387	0.9799	0.9994	0.9662	0.9799	0.7437	0.9624	1.0000	0.7720	0.9996	0.9998	0.9661	0.7706	0.9997	0.9659	0.9667	0.9663	0.9799	0.7437	0.9669	0.7247	0.9996	0.9387	0.9996	0.7246	0.9997	0.9996	0.9799	0.9997	0.9799	0.9996	0.9799	0.9667	0.9996
0.7720	0.7720	0.7720	0.7720	0.7660	0.7702	0.7720	0.7662	0.7662	0.7702	0.7666	0.6755	0.7720	0.7702	0.6567	0.7720	0.7566	0.7702	0.7720	0.7662	0.7702	0.6570	0.7647	0.7720	1.0000	0.7720	0.7720	0.7662	0.9967	0.7720	0.7661	0.7663	0.7662	0.7702	0.6570	0.7664	0.6755	0.7720	0.7566	0.7720	0.6755	0.7720	0.7720	0.7702	0.7720	0.7702	0.7720	0.7702	0.7663	0.7720
0.9996	0.9995	0.9997	0.9995	0.9655	0.9801	0.9999	0.9660	0.9661	0.9801	0.9689	0.7246	0.9995	0.9801	0.7434	0.9999	0.9386	0.9801	0.9995	0.9661	0.9801	0.7436	0.9623	0.9996	0.7720	1.0000	0.9997	0.9660	0.7706	0.9999	0.9658	0.9666	0.9662	0.9801	0.7436	0.9668	0.7246	0.9999	0.9386	1.0000	0.7245	0.9999	0.9999	0.9801	0.9999	0.9801	0.9999	0.9801	0.9666	1.0000
0.9998	0.9995	0.9999	0.9995	0.9656	0.9801	0.9998	0.9660	0.9661	0.9801	0.9689	0.7246	0.9994	0.9801	0.7434	0.9998	0.9386	0.9801	0.9995	0.9661	0.9801	0.7436	0.9623	0.9998	0.7720	0.9997	1.0000	0.9660	0.7706	0.9998	0.9658	0.9667	0.9662	0.9801	0.7436	0.9669	0.7247	0.9997	0.9386	0.9997	0.7245	0.9998	0.9997	0.9801	0.9997	0.9801	0.9997	0.9801	0.9666	0.9997
0.9660	0.9659	0.9661	0.9659	0.9993	0.9528	0.9660	0.9999	0.9998	0.9529	0.9965	0.7277	0.9659	0.9529	0.7500	0.9660	0.9563	0.9529	0.9659	0.9998	0.9529	0.7502	0.9911	0.9661	0.7662	0.9660	0.9660	1.0000	0.7647	0.9660	0.9997	0.9992	0.9997	0.9529	0.7502	0.9990	0.7277	0.9660	0.9563	0.9660	0.7276	0.9660	0.9660	0.9529	0.9660	0.9529	0.9660	0.9529	0.9992	0.9660
0.7706	0.7706	0.7706	0.7706	0.7646	0.7689	0.7706	0.7647	0.7647	0.7689	0.7651	0.6744	0.7706	0.7689	0.6557	0.7706	0.7552	0.7689	0.7706	0.7647	0.7689	0.6560	0.7632	0.7706	0.9967	0.7706	0.7706	0.7647	1.0000	0.7706	0.7647	0.7649	0.7648	0.7689	0.6560	0.7649	0.6744	0.7706	0.7552	0.7706	0.6744	0.7706	0.7706	0.7689	0.7706	0.7689	0.7706	0.7689	0.7649	0.7706
0.9997	0.9995	0.9998	0.9995	0.9656	0.9800	0.9999	0.9660	0.9662	0.9801	0.9689	0.7246	0.9995	0.9801	0.7434	0.9999	0.9387	0.9801	0.9995	0.9662	0.9800	0.7436	0.9623	0.9997	0.7720	0.9999	0.9998	0.9660	0.7706	1.0000	0.9658	0.9667	0.9662	0.9801	0.7436	0.9669	0.7247	0.9999	0.9386	0.9999	0.7245	1.0000	0.9999	0.9801	1.0000	0.9801	0.9999	0.9801	0.9667	0.9999
0.9658	0.9657	0.9659	0.9657	0.9995	0.9527	0.9658	0.9998	0.9996	0.9527	0.9962	0.7277	0.9657	0.9527	0.7500	0.9658	0.9565	0.9527	0.9657	0.9996	0.9527	0.7502	0.9912	0.9659	0.7661	0.9658	0.9658	0.9997	0.7647	0.9658	1.0000	0.9989	0.9995	0.9527	0.7502	0.9987	0.7277	0.9658	0.9564	0.9658	0.7276	0.9658	0.9658	0.9527	0.9658	0.9527	0.9658	0.9527	0.9990	0.9658
0.9667	0.9666	0.9667	0.9666	0.9985	0.9534	0.9667	0.9992	0.9994	0.9534	0.9972	0.7276	0.9666	0.9534	0.7499	0.9666	0.9559	0.9534	0.9666	0.9994	0.9534	0.7500	0.9905	0.9667	0.7663	0.9666	0.9667	0.9992	0.7649	0.9667	0.9989	1.0000	0.9994	0.9534	0.7501	0.9998	0.7276	0.9667	0.9559	0.9666	0.7276	0.9667	0.9667	0.9534	0.9667	0.9534	0.9666	0.9534	0.9999	0.9666
0.9662	0.9661	0.9663	0.9661	0.9991	0.9530	0.9662	0.9997	0.9998	0.9530	0.9967	0.7276	0.9661	0.9530	0.7500	0.9662	0.9562	0.9530	0.9661	0.9999	0.9530	0.7501	0.9909	0.9663	0.7662	0.9662	0.9662	0.9997	0.7648	0.9662	0.9995	0.9994	1.0000	0.9530	0.7501	0.9992	0.7276	0.9662	0.9562	0.9662	0.7276	0.9662	0.9662	0.9530	0.9662	0.9530	0.9662	0.9530	0.9995	0.9662
0.9801	0.9802	0.9800	0.9802	0.9524	0.9995	0.9801	0.9528	0.9530	1.0000	0.9553	0.7224	0.9802	1.0000	0.7397	0.9801	0.9282	0.9998	0.9802	0.9530	0.9995	0.7399	0.9495	0.9799	0.7702	0.9801	0.9801	0.9529	0.7689	0.9801	0.9527	0.9534	0.9530	1.0000	0.7399	0.9536	0.7224	0.9801	0.9282	0.9801	0.7223	0.9801	0.9801	0.9998	0.9801	0.9998	0.9801	0.9999	0.9534	0.9801
0.7436	0.7436	0.7437	0.7436	0.7503	0.7399	0.7436	0.7502	0.7501	0.7399	0.7496	0.8190	0.7436	0.7399	0.9940	0.7436	0.7528	0.7399	0.7436	0.7502	0.7399	0.9996	0.7513	0.7437	0.6570	0.7436	0.7436	0.7502	0.6560	0.7436	0.7502	0.7501	0.7501	0.7399	1.0000	0.7500	0.8190	0.7436	0.7528	0.7436	0.8194	0.7436	0.7436	0.7399	0.7436	0.7399	0.7436	0.7399	0.7501	0.7436
0.9669	0.9668	0.9669	0.9668	0.9983	0.9536	0.9669	0.9989	0.9991	0.9536	0.9974	0.7276	0.9668	0.9536	0.7498	0.9668	0.9558	0.9536	0.9668	0.9991	0.9536	0.7500	0.9904	0.9669	0.7664	0.9668	0.9669	0.9990	0.7649	0.9669	0.9987	0.9998	0.9992	0.9536	0.7500	1.0000	0.7276	0.9669	0.9558	0.9668	0.7276	0.9669	0.9669	0.9536	0.9669	0.9536	0.9668	0.9536	0.9997	0.9668
0.7246	0.7246	0.7247	0.7246	0.7277	0.7224	0.7247	0.7277	0.7276	0.7224	0.7275	0.9999	0.7246	0.7224	0.8180	0.7246	0.7256	0.7224	0.7246	0.7276	0.7224	0.8190	0.7278	0.7247	0.6755	0.7246	0.7247	0.7277	0.6744	0.7247	0.7277	0.7276	0.7276	0.7224	0.8190	0.7276	1.0000	0.7246	0.7256	0.7246	0.9969	0.7247	0.7246	0.7224	0.7247	0.7224	0.7246	0.7224	0.7276	0.7246
0.9996	0.9994	0.9997	0.9995	0.9656	0.9801	0.9998	0.9660	0.9662	0.9801	0.9689	0.7246	0.9995	0.9801	0.7434	0.9999	0.9387	0.9801	0.9995	0.9662	0.9801	0.7436	0.9623	0.9996	0.7720	0.9999	0.9997	0.9660	0.7706	0.9999	0.9658	0.9667	0.9662	0.9801	0.7436	0.9669	0.7246	1.0000	0.9386	0.9999	0.7245	0.9999	0.9999	0.9801	0.9999	0.9801	0.9999	0.9801	0.9666	0.9999
0.9386	0.9386	0.9387	0.9386	0.9568	0.9282	0.9386	0.9563	0.9562	0.9282	0.9549	0.7256	0.9385	0.9282	0.7528	0.9386	0.9994	0.9282	0.9386	0.9562	0.9282	0.7528	0.9638	0.9387	0.7566	0.9386	0.9386	0.9563	0.7552	0.9386	0.9564	0.9559	0.9562	0.9282	0.7528	0.9558	0.7256	0.9386	1.0000	0.9386	0.7256	0.9386	0.9386	0.9282	0.9386	0.9282	0.9386	0.9282	0.9559	0.9386
0.9996	0.9995	0.9997	0.9995	0.9655	0.9801	0.9999	0.9660	0.9661	0.9801	0.9689	0.7246	0.9995	0.9801	0.7434	0.9999	0.9386	0.9801	0.9995	0.9661	0.9801	0.7436	0.9623	0.9996	0.7720	1.0000	0.9997	0.9660	0.7706	0.9999	0.9658	0.9666	0.9662	0.9801	0.7436	0.9668	0.7246	0.9999	0.9386	1.0000	0.7245	0.9999	0.9999	0.9801	0.9999	0.9801	1.0000	0.9801	0.9666	1.0000
0.7245	0.7245	0.7246	0.7245	0.7276	0.7223	0.7245	0.7276	0.7276	0.7223	0.7275	0.9968	0.7245	0.7223	0.8185	0.7245	0.7256	0.7223	0.7245	0.7276	0.7223	0.8194	0.7278	0.7246	0.6755	0.7245	0.7245	0.7276	0.6744	0.7245	0.7276	0.7276	0.7276	0.7223	0.8194	0.7276	0.9969	0.7245	0.7256	0.7245	1.0000	0.7245	0.7245	0.7223	0.7245	0.7223	0.7245	0.7223	0.7276	0.7245
0.9997	0.9995	0.9998	0.9995	0.9656	0.9801	0.9999	0.9660	0.9662	0.9801	0.9689	0.7246	0.9995	0.9801	0.7434	0.9999	0.9387	0.9801	0.9995	0.9662	0.9801	0.7436	0.9623	0.9997	0.7720	0.9999	0.9998	0.9660	0.7706	1.0000	0.9658	0.9667	0.9662	0.9801	0.7436	0.9669	0.7247	0.9999	0.9386	0.9999	0.7245	1.0000	0.9999	0.9801	1.0000	0.9801	0.9999	0.9801	0.9666	0.9999
0.9997	0.9995	0.9997	0.9995	0.9656	0.9801	0.9999	0.9660	0.9661	0.9801	0.9689	0.7246	0.9995	0.9801	0.7434	0.9999	0.9386	0.9801	0.9995	0.9662	0.9801	0.7436	0.9623	0.9996	0.7720	0.9999	0.9997	0.9660	0.7706	0.9999	0.9658	0.9667	0.9662	0.9801	0.7436	0.9669	0.7246	0.9999	0.9386	0.9999	0.7245	0.9999	1.0000	0.9801	1.0000	0.9801	0.9999	0.9801	0.9666	0.9999
0.9801	0.9802	0.9800	0.9802	0.9524	0.9994	0.9801	0.9528	0.9530	0.9998	0.9553	0.7224	0.9802	0.9998	0.7397	0.9801	0.9282	0.9997	0.9802	0.9530	0.9995	0.7399	0.9495	0.9799	0.7702	0.9801	0.9801	0.9529	0.7689	0.9801	0.9527	0.9534	0.9530	0.9998	0.7399	0.9536	0.7224	0.9801	0.9282	0.9801	0.7223	0.9801	0.9801	1.0000	0.9801	0.9996	0.9801	0.9997	0.9534	0.9801
0.9997	0.9995	0.9998	0.9995	0.9656	0.9800	0.9999	0.9660	0.9662	0.9801	0.9689	0.7246	0.9995	0.9801	0.7434	0.9999	0.9387	0.9801	0.9995	0.9662	0.9800	0.7436	0.9623	0.9997	0.7720	0.9999	0.9997	0.9660	0.7706	1.0000	0.9658	0.9667	0.9662	0.9801	0.7436	0.9669	0.7247	0.9999	0.9386	0.9999	0.7245	1.0000	1.0000	0.9801	1.0000	0.9801	0.9999	0.9801	0.9666	0.9999
0.9801	0.9802	0.9800	0.9802	0.9524	0.9995	0.9801	0.9528	0.9530	0.9998	0.9553	0.7224	0.9802	0.9998	0.7397	0.9801	0.9282	0.9996	0.9802	0.9530	0.9994	0.7399	0.9495	0.9799	0.7702	0.9801	0.9801	0.9529	0.7689	0.9801	0.9527	0.9534	0.9530	0.9998	0.7399	0.9536	0.7224	0.9801	0.9282	0.9801	0.7223	0.9801	0.9801	0.9996	0.9801	1.0000	0.9801	0.9998	0.9534	0.9801
0.9997	0.9995	0.9997	0.9995	0.9655	0.9801	0.9999	0.9660	0.9661	0.9801	0.9689	0.7246	0.9995	0.9801	0.7434	1.0000	0.9386	0.9801	0.9995	0.9661	0.9801	0.7436	0.9623	0.9996	0.7720	0.9999	0.9997	0.9660	0.7706	0.9999	0.9658	0.9666	0.9662	0.9801	0.7436	0.9668	0.7246	0.9999	0.9386	1.0000	0.7245	0.9999	0.9999	0.9801	0.9999	0.9801	1.0000	0.9801	0.9666	1.0000
0.9801	0.9802	0.9800	0.9802	0.9524	0.9996	0.9801	0.9528	0.9530	0.9999	0.9553	0.7224	0.9802	0.9999	0.7397	0.9801	0.9282	0.9998	0.9802	0.9530	0.9996	0.7399	0.9495	0.9799	0.7702	0.9801	0.9801	0.9529	0.7689	0.9801	0.9527	0.9534	0.9530	0.9999	0.7399	0.9536	0.7224	0.9801	0.9282	0.9801	0.7223	0.9801	0.9801	0.9997	0.9801	0.9998	0.9801	1.0000	0.9534	0.9801
0.9666	0.9666	0.9667	0.9666	0.9985	0.9534	0.9666	0.9992	0.9994	0.9534	0.9972	0.7276	0.9665	0.9534	0.7499	0.9666	0.9559	0.9534	0.9666	0.9994	0.9534	0.7500	0.9905	0.9667	0.7663	0.9666	0.9666	0.9992	0.7649	0.9667	0.9990	0.9999	0.9995	0.9534	0.7501	0.9997	0.7276	0.9666	0.9559	0.9666	0.7276	0.9666	0.9666	0.9534	0.9666	0.9534	0.9666	0.9534	1.0000	0.9666
0.9997	0.9995	0.9997	0.9995	0.9655	0.9801	0.9999	0.9660	0.9661	0.9801	0.9689	0.7246	0.9995	0.9801	0.7434	1.0000	0.9386	0.9801	0.9995	0.9661	0.9801	0.7436	0.9623	0.9996	0.7720	1.0000	0.9997	0.9660	0.7706	0.9999	0.9658	0.9666	0.9662	0.9801	0.7436	0.9668	0.7246	0.9999	0.9386	1.0000	0.7245	0.9999	0.9999	0.9801	0.9999	0.9801	1.0000	0.9801	0.9666	1.0000
