-------------------------------------------------------------------------------
 L       Percentage of nodes in the largest component
 D       Percentage of nodes in components of size at most 3 [-div option]
 R       Percentage of nodes not in L or D: 100 - L -D
 S       Percentage of nodes that are singletons
 E       Fraction of edges retained (input graph has 2450)
 cce     Expected size of component, nodewise [ sum(sz^2) / sum^2(sz) ]
 EW      Edge weight traits (mean, median and IQR)
 ND      Node degree traits [mean, median and IQR]
 CCF     Clustering coefficient (scale 1-100)
 eff     Induced component efficiency relative to start graph (scale 1-1000)
Total number of nodes: 50
----------------------------------------------------------------------------------------------
  L   D   R   S     E     cce  EWmean   EWmed   EWiqr  NDmean   NDmed  NDiqr CCF  eff  Cutoff 
----------------------------------------------------------------------------------------------
100   0   0   0 1.000      50    0.91    0.97    0.21    49.0    49.5    0.5   -    -     0.50
100   0   0   0 1.000      50    0.91    0.97    0.21    49.0    49.5    0.5   -    -     0.51
100   0   0   0 1.000      50    0.91    0.97    0.21    49.0    49.5    0.5   -    -     0.52
100   0   0   0 1.000      50    0.91    0.97    0.21    49.0    49.5    0.5   -    -     0.53
100   0   0   0 1.000      50    0.91    0.97    0.21    49.0    49.5    0.5   -    -     0.54
100   0   0   0 1.000      50    0.91    0.97    0.21    49.0    49.5    0.5   -    -     0.55
100   0   0   0 1.000      50    0.91    0.97    0.21    49.0    49.5    0.5   -    -     0.56
100   0   0   0 1.000      50    0.91    0.97    0.21    49.0    49.5    0.5   -    -     0.57
100   0   0   0 1.000      50    0.91    0.97    0.21    49.0    49.5    0.5   -    -     0.58
100   0   0   0 1.000      50    0.91    0.97    0.21    49.0    49.5    0.5   -    -     0.59
100   0   0   0 1.000      50    0.91    0.97    0.21    49.0    49.5    0.5   -    -     0.60
100   0   0   0 1.000      50    0.91    0.97    0.21    49.0    49.5    0.5   -    -     0.61
100   0   0   0 1.000      50    0.91    0.97    0.21    49.0    49.5    0.5   -    -     0.62
100   0   0   0 1.000      50    0.91    0.97    0.21    49.0    49.5    0.5   -    -     0.63
100   0   0   0 1.000      50    0.91    0.97    0.21    49.0    49.5    0.5   -    -     0.64
100   0   0   0 1.000      50    0.91    0.97    0.21    49.0    49.5    0.5   -    -     0.65
100   0   0   0 0.995      50    0.91    0.97    0.21    48.8    49.5    0.5   -    -     0.66
100   0   0   0 0.995      50    0.91    0.97    0.21    48.8    49.5    0.5   -    -     0.67
100   0   0   0 0.990      50    0.91    0.97    0.21    48.5    49.5    0.5   -    -     0.68
100   0   0   0 0.990      50    0.91    0.97    0.21    48.5    49.5    0.5   -    -     0.69
100   0   0   0 0.990      50    0.91    0.97    0.21    48.5    49.5    0.5   -    -     0.70
100   0   0   0 0.990      50    0.91    0.97    0.21    48.5    49.5    0.5   -    -     0.71
100   0   0   0 0.990      50    0.91    0.97    0.21    48.5    49.5    0.5   -    -     0.72
100   0   0   0 0.887      50    0.93    0.97    0.05    43.5    46.5    0.5   -    -     0.73
100   0   0   0 0.865      50    0.94    0.97    0.04    42.4    46.5    3.5   -    -     0.74
100   0   0   0 0.814      50    0.95    0.97    0.05    39.9    43.5    1.5   -    -     0.75
 88   0  12   0 0.781      39    0.96    0.97    0.05    38.3    43.5    0.5   -    -     0.76
 88   0  12   0 0.754      39    0.96    0.97    0.04    37.0    42.5    2.5   -    -     0.77
 84   4  12   0 0.716      36    0.97    0.98    0.03    35.1    41.5    0.5   -    -     0.78
 84   4  12   0 0.716      36    0.97    0.98    0.03    35.1    41.5    0.5   -    -     0.79
 84   4  12   0 0.716      36    0.97    0.98    0.03    35.1    41.5    0.5   -    -     0.80
 84   4  12   0 0.716      36    0.97    0.98    0.03    35.1    41.5    0.5   -    -     0.81
 84  16   0   0 0.709      36    0.98    0.98    0.03    34.7    41.5    0.5   -    -     0.82
 84  16   0   0 0.709      36    0.98    0.98    0.03    34.7    41.5    0.5   -    -     0.83
 84  16   0   0 0.709      36    0.98    0.98    0.03    34.7    41.5    0.5   -    -     0.84
 84  16   0   0 0.709      36    0.98    0.98    0.03    34.7    41.5    0.5   -    -     0.85
 84  16   0   0 0.709      36    0.98    0.98    0.03    34.7    41.5    0.5   -    -     0.86
 84  16   0   0 0.709      36    0.98    0.98    0.03    34.7    41.5    0.5   -    -     0.87
 84  16   0   0 0.709      36    0.98    0.98    0.03    34.7    41.5    0.5   -    -     0.88
 84  16   0   0 0.709      36    0.98    0.98    0.03    34.7    41.5    0.5   -    -     0.89
 84  16   0   0 0.709      36    0.98    0.98    0.03    34.7    41.5    0.5   -    -     0.90
 84  16   0   0 0.709      36    0.98    0.98    0.03    34.7    41.5    0.5   -    -     0.91
 84  16   0   0 0.709      36    0.98    0.98    0.03    34.7    41.5    0.5   -    -     0.92
 84  16   0   0 0.694      36    0.98    0.98    0.03    34.0    41.5    2.5   -    -     0.93
 84  16   0   0 0.663      36    0.98    0.98    0.03    32.5    39.5    0.5   -    -     0.94
 84  16   0   0 0.656      36    0.98    0.98    0.03    32.1    39.5    1.5   -    -     0.95
 84  16   0   0 0.557      36    0.98    0.98    0.03    27.3    30.5   12.5   -    -     0.96
 56  20  24   0 0.369      19    0.99    1.00    0.02    18.1    27.5   16.5   -    -     0.97
 56  20  24   0 0.362      19    0.99    1.00    0.02    17.7    26.5   16.5   -    -     0.98
 38  20  42   0 0.229      12    1.00    1.00    0.00    11.2    11.5   10.5   -    -     0.99
---------------------------------------------------------------------------------------------
