1 1 (0) 1 : 0.11561099991616610727 0.13474737610004416943 0.46708332738610530699 0.19352102438589702249 0.00000000100000000000 0.08903727021178739487 0.00000000100000000000
2 2 (0) 1 : 0.00000000099999999999 0.33021443185907578544 0.31351284670280921141 0.00000000099999999999 0.02626056283735607108 0.06206737328902391104 0.26794478331173493535
3 3 (0) 1 : 0.00000000099999999998 0.33965676548948475766 0.13335259010610631125 0.11846581852106564947 0.03988514578539446853 0.00000000099999999998 0.36863967809794878638
4 4 (0) 1 : 0.02927194090949704688 0.73331801924903339263 0.00000000099999999999 0.00000000099999999999 0.02361876884779679983 0.21379126799367284550 0.00000000099999999999
5 5 (0) 1 : 0.00000000099999999991 0.00000000099999999991 0.99999999400000005867 0.00000000099999999991 0.00000000099999999991 0.00000000099999999991 0.00000000099999999991
6 6 (0) 1 : 0.03870683620533969110 0.28036789080145418929 0.26616917544980284172 0.00000000099999999999 0.02412391000862525864 0.00000000099999999999 0.39063218553477796480
7 7 (0) 1 : 0.00000000099999999999 0.30098566909983798245 0.26745473747892939409 0.00000000099999999999 0.02311517313958406580 0.08480946732016222955 0.32363495096148625629
8 8 (0) 2 : 0.00000000099999999998 0.12647664438036035350 0.28056526624763583611 0.18371092908852573733 0.00000000099999999998 0.20014338833919889660 0.20910376994427923303
9 9 (0) 2 : 0.00000000099999999986 0.00000000099999999986 0.00000000099999999986 0.00000000099999999986 0.00000000099999999986 0.99999999399999994765 0.00000000099999999986
10 10 (0) 2 : 0.00000000099999999980 0.00000000099999999980 0.00000000099999999980 0.00000000099999999980 0.00000000099999999980 0.99999999400000005867 0.00000000099999999980
11 11 (0) 2 : 0.12859458801656223348 0.00000000099999999995 0.00000000099999999995 0.00000000099999999995 0.00000000099999999995 0.87140540698343771364 0.00000000099999999995
12 12 (0) 2 : 0.00000000099999999992 0.99999999400000005867 0.00000000099999999992 0.00000000099999999992 0.00000000099999999992 0.00000000099999999992 0.00000000099999999992
13 13 (0) 2 : 0.00000000099999999993 0.00000000099999999993 0.00000000099999999993 0.00000000099999999993 0.00000000099999999993 0.00000000099999999993 0.99999999400000005867
14 14 (0) 3 : 0.00000000099999999995 0.84024765455046812601 0.15975234044953198764 0.00000000099999999995 0.00000000099999999995 0.00000000099999999995 0.00000000099999999995
15 15 (0) 3 : 0.00000000099999999993 0.99999999400000016969 0.00000000099999999993 0.00000000099999999993 0.00000000099999999993 0.00000000099999999993 0.00000000099999999993
16 16 (0) 3 : 0.00000000099999999996 0.70514524918169108059 0.29485474581830911633 0.00000000099999999996 0.00000000099999999996 0.00000000099999999996 0.00000000099999999996
17 17 (0) 3 : 0.00000000099999999992 0.99999999400000016969 0.00000000099999999992 0.00000000099999999992 0.00000000099999999992 0.00000000099999999992 0.00000000099999999992
18 18 (0) 4 : 0.00230130823397868122 0.29425571422813157074 0.17825303942348644237 0.11797173644586983476 0.02594674529236268984 0.09894736385563902836 0.28232409252053169979
19 19 (0) 4 : 0.01134858766328408590 0.00000000099999999999 0.64396397678876382553 0.00000391559829194626 0.00000000099999999999 0.00000000099999999999 0.34468351694966009591
20 20 (0) 4 : 0.00394939690171641593 0.00000000099999999999 0.38744076374512315120 0.00000000099999999999 0.00000000099999999999 0.09824869390072869801 0.51036114245243158205
21 21 (0) 4 : 0.00730961628090122384 0.34544927915716139299 0.05703329937986747339 0.18452201175546281697 0.01216060924027636062 0.17358562059542029243 0.21993956359091035302
22 22 (0) 4 : 0.00000001412150539591 0.14812328418804146524 0.28293637632407425686 0.18256935229679444044 0.01398573460290168657 0.00000000100000000000 0.37238523746668267256
23 23 (0) 4 : 0.00000000099999999988 0.00000000099999999988 0.00000000099999999988 0.99999999399999994765 0.00000000099999999988 0.00000000099999999988 0.00000000099999999988
24 24 (0) 4 : 0.00000000099999999998 0.35697258127455516741 0.22577501582781228651 0.00000000099999999998 0.00000000099999999998 0.00000000099999999998 0.41725239889763254819
25 25 (0) 4 : 0.00000000099999999995 0.00000000099999999995 0.00000000099999999995 0.00000000099999999995 0.00000000099999999995 0.00000000099999999995 0.99999999400000005867
26 26 (0) 4 : 0.04293496294567240856 0.00000000100000000000 0.00000000100000000000 0.22654614316663004847 0.00000000839074662327 0.18507109746637862013 0.54544778603057231248
27 27 (0) 4 : 0.00000000099999999998 0.45225798628103935917 0.00000000099999999998 0.54774200871896061571 0.00000000099999999998 0.00000000099999999998 0.00000000099999999998
28 28 (0) 4 : 0.01744542705499428289 0.17915569521347129989 0.12544563373080855340 0.14284671779087732002 0.04790333258248635068 0.11338994364547756721 0.37381324998188453224
29 29 (0) 4 : 0.03812495395181728086 0.00021634777787263919 0.27078173224016921505 0.00000000100000000000 0.00558557980069876534 0.16494092959396750020 0.52035045563547455139
30 30 (0) 4 : 0.00000000099999999990 0.00000000099999999990 0.99999999399999994765 0.00000000099999999990 0.00000000099999999990 0.00000000099999999990 0.00000000099999999990
31 31 (0) 4 : 0.00000000099999999987 0.99999999400000016969 0.00000000099999999987 0.00000000099999999987 0.00000000099999999987 0.00000000099999999987 0.00000000099999999987
32 32 (0) 4 : 0.00000000099999999998 0.48067025607393021325 0.00000000099999999998 0.20692092662322705832 0.00000000099999999998 0.00000000099999999998 0.31240881330284281381
33 33 (0) 4 : 0.00000000099999999998 0.57748036138479141854 0.00000000099999999998 0.00000000099999999998 0.04079310965628086399 0.11897023349654402280 0.26275629246238385583
34 34 (0) 5 : 0.01294694376325847274 0.25806312822949467600 0.22951705386268234088 0.00000000099999999999 0.00000000099999999999 0.04888425250616686146 0.45058861963839769160
35 35 (0) 6 : 0.00770481867425130973 0.24732729896128133329 0.33785103837942087601 0.24201609223134259996 0.00000002648941513530 0.16510072426428876180 0.00000000100000000000
36 36 (0) 6 : 0.00000000099999999998 0.00000000099999999998 0.45829939173483286163 0.37603900019957237078 0.00000000099999999998 0.16566160406559476970 0.00000000099999999998
37 37 (0) 6 : 0.00000000099999999980 0.00000000099999999980 0.00000000099999999980 0.00000000099999999980 0.00000000099999999980 0.99999999399999994765 0.00000000099999999980
38 38 (0) 6 : 0.00000000099999999998 0.34392199025064384976 0.02488975352744414449 0.27173746075297705582 0.00000000099999999998 0.16298540617768580985 0.19646538729124918277
39 39 (0) 6 : 0.00000000099999999993 0.00000000099999999993 0.00000000099999999993 0.00000000099999999993 0.00000000099999999993 0.00000000099999999993 0.99999999400000005867
40 40 (0) 6 : 0.00000000099999999994 0.99999999400000005867 0.00000000099999999994 0.00000000099999999994 0.00000000099999999994 0.00000000099999999994 0.00000000099999999994
41 41 (0) 6 : 0.99999999400000005867 0.00000000099999999983 0.00000000099999999983 0.00000000099999999983 0.00000000099999999983 0.00000000099999999983 0.00000000099999999983
42 42 (0) 6 : 0.00000000099999999994 0.99999999400000005867 0.00000000099999999994 0.00000000099999999994 0.00000000099999999994 0.00000000099999999994 0.00000000099999999994
43 43 (0) 6 : 0.00000000099999999988 0.00000000099999999988 0.99999999399999994765 0.00000000099999999988 0.00000000099999999988 0.00000000099999999988 0.00000000099999999988
44 44 (0) 6 : 0.02580891948444906034 0.15982691570935275704 0.25890225927263682548 0.14019585874855067242 0.00000000100000000000 0.02607118922753854512 0.38919485655747210195
45 45 (0) 6 : 0.00000000099999999999 0.00014418150588320954 0.35127797511264502450 0.21805087435218545311 0.03093903055764173418 0.10417291816411280991 0.29541501930753161220
46 46 (0) 6 : 0.00000000099999999916 0.00000000099999999916 0.00000000099999999916 0.00000000099999999916 0.99999999399999994765 0.00000000099999999916 0.00000000099999999916
47 47 (0) 6 : 0.00000000099999999988 0.00000000099999999988 0.99999999400000005867 0.00000000099999999988 0.00000000099999999988 0.00000000099999999988 0.00000000099999999988
48 48 (0) 6 : 0.00000000099999999989 0.00000000099999999989 0.00000000099999999989 0.99999999400000005867 0.00000000099999999989 0.00000000099999999989 0.00000000099999999989
49 49 (0) 6 : 0.99999999399999994765 0.00000000099999999861 0.00000000099999999861 0.00000000099999999861 0.00000000099999999861 0.00000000099999999861 0.00000000099999999861
50 50 (0) 6 : 0.00000000099999999994 0.00000000099999999994 0.00000000099999999994 0.00000000099999999994 0.00000000099999999994 0.00000000099999999994 0.99999999400000005867
51 51 (0) 6 : 0.06383107252559686029 0.11886508521044480968 0.27180247634292409309 0.13869104839536988694 0.01423216140859592284 0.09842456883124149625 0.29415358728582685632
52 52 (0) 6 : 0.00000000099999999949 0.00000000099999999949 0.00000000099999999949 0.00000000099999999949 0.99999999399999994765 0.00000000099999999949 0.00000000099999999949
53 53 (0) 6 : 0.00000000099999999997 0.00000000099999999997 0.00000000099999999997 0.42282969919227991751 0.00000000099999999997 0.00000000099999999997 0.57717029580771994635
54 54 (0) 6 : 0.00000000099999999996 0.00000000099999999996 0.00000000099999999996 0.41722141163926312890 0.01856426052596329979 0.00000000099999999996 0.56421432383477343464
55 55 (0) 6 : 0.00000000099999999987 0.00000000099999999987 0.00000000099999999987 0.99999999400000005867 0.00000000099999999987 0.00000000099999999987 0.00000000099999999987
56 56 (0) 6 : 0.02258058992951216329 0.24210358379609267510 0.28283823641598887511 0.07700920236153621645 0.00598512157622735613 0.10483141644749358057 0.26465184947314918107
57 57 (0) 6 : 0.00000000099999999993 0.00000000099999999993 0.00000000099999999993 0.00000000099999999993 0.00000000099999999993 0.00000000099999999993 0.99999999399999994765
58 58 (0) 7 : 0.00000000099999999986 0.00000000099999999986 0.00000000099999999986 0.99999999399999994765 0.00000000099999999986 0.00000000099999999986 0.00000000099999999986
59 59 (0) 7 : 0.00000000099999999998 0.29197531368385987172 0.15124595245470456861 0.26507606505504138772 0.00000000099999999998 0.13127193672531833890 0.16043073008107577859
60 60 (0) 7 : 0.00000000099999999988 0.00000000099999999988 0.99999999400000005867 0.00000000099999999988 0.00000000099999999988 0.00000000099999999988 0.00000000099999999988
61 61 (0) 7 : 0.00000000099999999997 0.00000000099999999997 0.00000000099999999997 0.00000000099999999997 0.00000000099999999997 0.37632796611162527833 0.62367202888837480756
62 62 (0) 7 : 0.00000000099999999977 0.00000000099999999977 0.00000000099999999977 0.00000000099999999977 0.00000000099999999977 0.99999999400000005867 0.00000000099999999977
63 63 (0) 7 : 0.00000000099999999989 0.00000000099999999989 0.99999999400000005867 0.00000000099999999989 0.00000000099999999989 0.00000000099999999989 0.00000000099999999989
64 64 (0) 8 : 0.00000000099999999996 0.99112612249709830525 0.00000000099999999996 0.00000000099999999996 0.00887387250290187606 0.00000000099999999996 0.00000000099999999996
65 65 (0) 8 : 0.00000000100000000000 0.29404390965110094314 0.41252815628700340023 0.13577188371775400499 0.02866899679618576183 0.12896546588733467931 0.00002158666062125762
66 66 (0) 9 : 0.00000000099999999998 0.17798268249394336160 0.11525726364183432049 0.22323406331219361465 0.00000000099999999998 0.06240996407036893817 0.42111602448165980084
67 67 (0) 10 : 0.00551736052960658929 0.27660098810403105363 0.35560582253500377936 0.36227582583135858885 0.00000000099999999999 0.00000000099999999999 0.00000000099999999999
68 68 (0) 10 : 0.00000000099999999999 0.31229876385286109430 0.28929895665014293549 0.09450976937307242753 0.01301746827995761517 0.00476230610563865234 0.28611273473832710135
69 69 (0) 10 : 0.00000000099999999995 0.00000000099999999995 0.00000000099999999995 0.00000000099999999995 0.06187325151392570471 0.00000000099999999995 0.93812674348607438812
70 70 (0) 10 : 0.00000000099999999999 0.18297139892295916086 0.13417870547321003594 0.31148830829465101733 0.02104923377078064123 0.02768728116178287291 0.32262507137661627921
71 71 (0) 10 : 0.00000000099999999987 0.00000000099999999987 0.00000000099999999987 0.99999999399999994765 0.00000000099999999987 0.00000000099999999987 0.00000000099999999987
72 72 (0) 10 : 0.00000000099999999990 0.00000000099999999990 0.00000000099999999990 0.99999999399999994765 0.00000000099999999990 0.00000000099999999990 0.00000000099999999990
73 73 (0) 10 : 0.01768883669267549280 0.13193423841301687993 0.20021736890946387200 0.24973334532887028758 0.00925820066313625539 0.07605992514359825873 0.31510808484923896744
74 74 (0) 10 : 0.00000000099999999991 0.00000000099999999991 0.00000000099999999991 0.00000000099999999991 0.00000000099999999991 0.00000000099999999991 0.99999999399999994765
75 75 (0) 10 : 0.00000000099999999994 0.00000000099999999994 0.00000000099999999994 0.00000000099999999994 0.00000000099999999994 0.00000000099999999994 0.99999999400000005867
76 76 (0) 10 : 0.00000000099999999995 0.00000000099999999995 0.00000000099999999995 0.00000000099999999995 0.00000000099999999995 0.00000000099999999995 0.99999999399999994765
1 1 (0) 1 : 0.33897778580109272362 0.10630806841834469778 0.00000000100000000000 0.11924641320200994599 0.00000000100000000000 0.43546772957855250930 0.00000000100000000000
2 2 (0) 1 : 0.00000000099999999997 0.46648536852476885084 0.00000000099999999997 0.00000000099999999997 0.02363618647604278158 0.00000000099999999997 0.50987844099918810947
3 3 (0) 1 : 0.00000000099999999982 0.00000000099999999982 0.99999999399999994765 0.00000000099999999982 0.00000000099999999982 0.00000000099999999982 0.00000000099999999982
4 4 (0) 1 : 0.00000000099999999997 0.00000000099999999997 0.00000000099999999997 0.05896945345507257491 0.01464219836157364292 0.00000000099999999997 0.92638834418335391785
5 5 (0) 1 : 0.31843371707191281406 0.00000000099999999999 0.00000000099999999999 0.02302767994588179531 0.00000000966963728728 0.00000000099999999999 0.65853859031256800627
6 6 (0) 1 : 0.00000000100000000000 0.11516126782731715694 0.17899608893951804434 0.04152032752269843585 0.01874704793198122416 0.34184300725670602183 0.30373225952177906883
7 7 (0) 1 : 0.00000000099999999994 0.00000000099999999994 0.00000000099999999994 0.00000000099999999994 0.00000000099999999994 0.00000000099999999994 0.99999999399999994765
8 8 (0) 2 : 0.00000000099999999998 0.28616234691291297931 0.00000000099999999998 0.00000000099999999998 0.00000000099999999998 0.40773156789537795541 0.30610608119170912289
9 9 (0) 2 : 0.99999999400000005867 0.00000000099999999991 0.00000000099999999991 0.00000000099999999991 0.00000000099999999991 0.00000000099999999991 0.00000000099999999991
10 10 (0) 2 : 0.99999999400000016969 0.00000000099999999984 0.00000000099999999984 0.00000000099999999984 0.00000000099999999984 0.00000000099999999984 0.00000000099999999984
11 11 (0) 2 : 0.87553265616300068874 0.00000000099999999995 0.00000000099999999995 0.12446733883699945267 0.00000000099999999995 0.00000000099999999995 0.00000000099999999995
12 12 (0) 2 : 0.00000000099999999993 0.00000000099999999993 0.00000000099999999993 0.00000000099999999993 0.00000000099999999993 0.00000000099999999993 0.99999999400000005867
13 13 (0) 2 : 0.00000000099999999995 0.47064338063042132632 0.00000000099999999995 0.00000000099999999995 0.00000000099999999995 0.52935661436957859305 0.00000000099999999995
14 14 (0) 3 : 0.00000000099999999993 0.00000000099999999993 0.00000000099999999993 0.00000000099999999993 0.00000000099999999993 0.00000000099999999993 0.99999999400000005867
15 15 (0) 3 : 0.00000000099999999999 0.00000000099999999999 0.33759143158928039963 0.03157035366300614543 0.00000000099999999999 0.00000000099999999999 0.63083821074771340154
16 16 (0) 3 : 0.00000000099999999985 0.00000000099999999985 0.99999999400000005867 0.00000000099999999985 0.00000000099999999985 0.00000000099999999985 0.00000000099999999985
17 17 (0) 3 : 0.00000000099999999999 0.24764220788283708430 0.31991262110677037844 0.00000000099999999999 0.03903002280472864238 0.00000000865111908342 0.39341513755454493584
18 18 (0) 4 : 0.00000000099999999997 0.58361675598680906596 0.00000000099999999997 0.00000000099999999997 0.01468659725931302507 0.00000000099999999997 0.40169664275387800823
19 19 (0) 4 : 0.29596934594998164370 0.00000000099999999998 0.00000000099999999998 0.02756952151348883093 0.00000000099999999998 0.67646112853652951014 0.00000000099999999998
20 20 (0) 4 : 0.00000000099999999992 0.00000000099999999992 0.00000000099999999992 0.00000000099999999992 0.00000000099999999992 0.00000000099999999992 0.99999999399999994765
21 21 (0) 4 : 0.00000000099999999999 0.41009658064262743959 0.00000000099999999999 0.00000000934659666964 0.00000000099999999999 0.00000000099999999999 0.58990340601077573268
22 22 (0) 4 : 0.00000000099999999991 0.00000000099999999991 0.00000000099999999991 0.00000000099999999991 0.00000000099999999991 0.99999999400000005867 0.00000000099999999991
23 23 (0) 4 : 0.51058533465711264387 0.00000000099999999997 0.00000000099999999997 0.00000000099999999997 0.00000000099999999997 0.00000000099999999997 0.48941466034288766407
24 24 (0) 4 : 0.00000000099999999997 0.00000000099999999997 0.25400151921562380553 0.00000000099999999997 0.00000000099999999997 0.20860030609876689667 0.53739817068560924440
25 25 (0) 4 : 0.00000000099999999997 0.00000000099999999997 0.22092701638890935301 0.00000000099999999997 0.00000000099999999997 0.00000000099999999997 0.77907297861109070514
26 26 (0) 4 : 0.09369189464016466906 0.34864522115442353467 0.16086265599514146252 0.03011521075007456139 0.00000004441664772915 0.12481042775644742016 0.24187454528710081170
27 27 (0) 4 : 0.00000000099999999999 0.35509239891877170114 0.00000000099999999999 0.00000000099999999999 0.00000000099999999999 0.64490759608122805169 0.00000000099999999999
28 28 (0) 4 : 0.00000000099999999999 0.23816265790053489648 0.17338159556886004187 0.03254246088200407616 0.04062456978043283568 0.51528871386816821332 0.00000000099999999999
29 29 (0) 4 : 0.00583328417241721960 0.32848958312990012010 0.00000000100000000000 0.02312716391735232177 0.00486651000260116765 0.24872105102412564448 0.38896240675360332917
30 30 (0) 4 : 0.00000000099999999991 0.00000000099999999991 0.00000000099999999991 0.00000000099999999991 0.00000000099999999991 0.99999999400000005867 0.00000000099999999991
31 31 (0) 4 : 0.00000000099999999997 0.00000000099999999997 0.36408180178861787590 0.00000000099999999997 0.00000000099999999997 0.00000000099999999997 0.63591819321138209897
32 32 (0) 4 : 0.00000000099999999997 0.00000000099999999997 0.00000000099999999997 0.00000000099999999997 0.00000000099999999997 0.51197470677385270577 0.48802528822614732462
33 33 (0) 4 : 0.10890030860897080556 0.09871698728389979860 0.20729374364222280525 0.00000000099999999999 0.04277804019325895379 0.38320333910148446366 0.15910758017016318755
34 34 (0) 5 : 0.04242996486647077764 0.16439714491752782655 0.17694592514440074527 0.02014483630000996062 0.00000000099999999999 0.21753666911291791308 0.37854545865867278431
35 35 (0) 6 : 0.19822403391443160769 0.29842522539244781266 0.00000000100000000000 0.01439674820467608425 0.00980316704824493561 0.00000000100000000000 0.47915082344019938043
36 36 (0) 6 : 0.27953876848293945923 0.36791060367949607324 0.00000000099999999997 0.00000000099999999997 0.00000000099999999997 0.00000000099999999997 0.35255062383756452515
37 37 (0) 6 : 0.00000000099999999977 0.99999999400000005867 0.00000000099999999977 0.00000000099999999977 0.00000000099999999977 0.00000000099999999977 0.00000000099999999977
38 38 (0) 6 : 0.23042356573953809429 0.19501606090632847557 0.15250835188506087214 0.00000000099999999998 0.00000000099999999998 0.10496981617045440804 0.31708220329861813713
39 39 (0) 6 : 0.00000000099999999999 0.20064434005592224342 0.00000000099999999999 0.01582196171646098673 0.00000000099999999999 0.42427540251154055584 0.35925829271607623294
40 40 (0) 6 : 0.00000000099999999997 0.62272168404545014120 0.37727831095455000021 0.00000000099999999997 0.00000000099999999997 0.00000000099999999997 0.00000000099999999997
41 41 (0) 6 : 0.00000000099999999983 0.00000000099999999983 0.00000000099999999983 0.99999999399999994765 0.00000000099999999983 0.00000000099999999983 0.00000000099999999983
42 42 (0) 6 : 0.08945968238533888450 0.27597070632744941099 0.16419122938675201340 0.02033180896803922846 0.00000000099999999999 0.00000000996635477166 0.45004656196606573904
43 43 (0) 6 : 0.99999999400000016969 0.00000000099999999993 0.00000000099999999993 0.00000000099999999993 0.00000000099999999993 0.00000000099999999993 0.00000000099999999993
44 44 (0) 6 : 0.16268975147325867581 0.03605552220941048852 0.07807724552589574707 0.02594967032095359116 0.00000048000208857108 0.28192361424422446303 0.41530371622416833999
45 45 (0) 6 : 0.07550212931854123621 0.13779648415010437024 0.30630946757825910920 0.00000000099999999999 0.02372073322809802737 0.18133762400343453325 0.27533356072156284222
46 46 (0) 6 : 0.00000000099999999917 0.00000000099999999917 0.00000000099999999917 0.00000000099999999917 0.99999999400000005867 0.00000000099999999917 0.00000000099999999917
47 47 (0) 6 : 0.00000000099999999993 0.00000000099999999993 0.00000000099999999993 0.00000000099999999993 0.00000000099999999993 0.99999999399999994765 0.00000000099999999993
48 48 (0) 6 : 0.13280153857398960260 0.19644753072652457182 0.14275459642121662851 0.00000000099999999999 0.02971545244411500156 0.32247655762956123349 0.17580432320459302153
49 49 (0) 6 : 0.00000000099999999862 0.00000000099999999862 0.00000000099999999862 0.99999999399999983662 0.00000000099999999862 0.00000000099999999862 0.00000000099999999862
50 50 (0) 6 : 0.99999999400000005867 0.00000000099999999992 0.00000000099999999992 0.00000000099999999992 0.00000000099999999992 0.00000000099999999992 0.00000000099999999992
51 51 (0) 6 : 0.20733036347777450414 0.01196756028529617939 0.00000000100000000000 0.05721572614651029842 0.01157415551823236764 0.24244234192179608955 0.46946985165039056831
52 52 (0) 6 : 0.00000000099999999950 0.00000000099999999950 0.00000000099999999950 0.00000000099999999950 0.99999999400000005867 0.00000000099999999950 0.00000000099999999950
53 53 (0) 6 : 0.00000000099999999989 0.00000000099999999989 0.00000000099999999989 0.00000000099999999989 0.00000000099999999989 0.99999999400000005867 0.00000000099999999989
54 54 (0) 6 : 0.00000000099999999984 0.00000000099999999984 0.99999999399999994765 0.00000000099999999984 0.00000000099999999984 0.00000000099999999984 0.00000000099999999984
55 55 (0) 6 : 0.26143270860257905586 0.40869543368670130379 0.32982212390567988702 0.00000000099999999998 0.00004973080503979581 0.00000000099999999998 0.00000000099999999998
56 56 (0) 6 : 0.00000000099999999999 0.48817064281303557127 0.19074713266139245449 0.02396645807656850452 0.00000000099999999999 0.29711576344900347824 0.00000000099999999999
57 57 (0) 6 : 0.00000000197677708381 0.15665826511874741955 0.00000000100000000000 0.00388166505483520134 0.00000000100000000000 0.39711533950243615987 0.44234472634720423123
58 58 (0) 7 : 0.47563843068395489366 0.52436156431604519224 0.00000000099999999996 0.00000000099999999996 0.00000000099999999996 0.00000000099999999996 0.00000000099999999996
59 59 (0) 7 : 0.99999999400000016969 0.00000000099999999990 0.00000000099999999990 0.00000000099999999990 0.00000000099999999990 0.00000000099999999990 0.00000000099999999990
60 60 (0) 7 : 0.00000000099999999993 0.00000000099999999993 0.00000000099999999993 0.00000000099999999993 0.00000000099999999993 0.00000000099999999993 0.99999999400000005867
61 61 (0) 7 : 0.26100843343574081645 0.32202697818457254320 0.16250203739469687436 0.00000000099999999999 0.00000000099999999999 0.00000000099999999999 0.25446254798498990635
62 62 (0) 7 : 0.00000000099999999975 0.99999999400000016969 0.00000000099999999975 0.00000000099999999975 0.00000000099999999975 0.00000000099999999975 0.00000000099999999975
63 63 (0) 7 : 0.99999999400000016969 0.00000000099999999992 0.00000000099999999992 0.00000000099999999992 0.00000000099999999992 0.00000000099999999992 0.00000000099999999992
64 64 (0) 8 : 0.00000000099999999999 0.29454072035837358667 0.00000000099999999999 0.00002375984585999811 0.02629518343739364189 0.67914033335837264982 0.00000000099999999999
65 65 (0) 8 : 0.28465226340044991193 0.20483142135671644768 0.13802851906183713493 0.00590262489604952926 0.04131726393120689622 0.00000000100000000000 0.32526790635374008831
66 66 (0) 9 : 0.04516350643522830388 0.25372284746853174253 0.25075074584854195603 0.00000000099999999998 0.00000000099999999998 0.45036289724769801301 0.00000000099999999998
67 67 (0) 10 : 0.30641017803484288384 0.17882500795037820085 0.15368210659520187278 0.01354178829176823536 0.00000000099999999999 0.23695356292872166160 0.11058735519908709233
68 68 (0) 10 : 0.00000000099999999998 0.00000000099999999998 0.38285780085285947560 0.00000000099999999998 0.00000000099999999998 0.00000000099999999998 0.61714219414714033274
69 69 (0) 10 : 0.00000000099999999994 0.00000000099999999994 0.00000000099999999994 0.00000000099999999994 0.00000070284769849272 0.99999929215230154433 0.00000000099999999994
70 70 (0) 10 : 0.00000000099999999994 0.00000000099999999994 0.00000000099999999994 0.00000000099999999994 0.00000000099999999994 0.99999999400000005867 0.00000000099999999994
71 71 (0) 10 : 0.30043050611513449910 0.18452781739825285801 0.07243672995808635162 0.00000000099999999999 0.00000000099999999999 0.35346809854197031031 0.08913684598655598201
72 72 (0) 10 : 0.00000000099999999991 0.00000000099999999991 0.00000000099999999991 0.00000000099999999991 0.00000000099999999991 0.99999999399999994765 0.00000000099999999991
73 73 (0) 10 : 0.00000000099999999990 0.99999999400000005867 0.00000000099999999990 0.00000000099999999990 0.00000000099999999990 0.00000000099999999990 0.00000000099999999990
74 74 (0) 10 : 0.00000000099999999983 0.00000000099999999983 0.99999999400000005867 0.00000000099999999983 0.00000000099999999983 0.00000000099999999983 0.00000000099999999983
75 75 (0) 10 : 0.00000000099999999997 0.00000000099999999997 0.00000000099999999997 0.00000000099999999997 0.00000000099999999997 0.00000000099999999997 0.99999999399999994765
76 76 (0) 10 : 0.00000000099999999983 0.00000000099999999983 0.99999999400000005867 0.00000000099999999983 0.00000000099999999983 0.00000000099999999983 0.00000000099999999983
1 1 (0) 1 : 0.17582767793149572944 0.04039013532097265879 0.00550147800709523561 0.17397505183348332958 0.16294637403697703748 0.11671169380132635773 0.32464758906864960020
2 2 (0) 1 : 0.19646207583311747769 0.13083574125530914034 0.03936037864719778290 0.14077202495500507062 0.00002018859014926349 0.00000000100000000000 0.49254958971922135902
3 3 (0) 1 : 0.49578811363011932034 0.00000000099999999998 0.03671964245245853964 0.00000000099999999998 0.32495428352305322228 0.00000000099999999998 0.14253795739436894707
4 4 (0) 1 : 0.38759941327833402624 0.04794298850579367666 0.03456267338320753030 0.06863820739332139598 0.41542920760108448253 0.04582750883825883331 0.00000000100000000000
5 5 (0) 1 : 0.00000000099999999997 0.00000000099999999997 0.00000000099999999997 0.00000000099999999997 0.00000000099999999997 0.05193594194661294711 0.94806405305338703471
6 6 (0) 1 : 0.29004694502500250053 0.00000000100000000000 0.02384038485303095409 0.03076016569192727146 0.29398724667267639443 0.03871018719228517396 0.32265506956507772340
7 7 (0) 1 : 0.29265028594524822303 0.00000000099999999999 0.02537549164669939197 0.18337756415906977803 0.35842497593503136466 0.00000000099999999999 0.14017168031395113581
8 8 (0) 2 : 0.00000000099999999998 0.07386539125530000582 0.00000000099999999998 0.35046832037018427197 0.57566626616164040531 0.00000000099999999998 0.00000001921287530747
9 9 (0) 2 : 0.00000000099999999991 0.00000000099999999991 0.00000000099999999991 0.99999999400000005867 0.00000000099999999991 0.00000000099999999991 0.00000000099999999991
10 10 (0) 2 : 0.00000000099999999983 0.00000000099999999983 0.00000000099999999983 0.99999999400000005867 0.00000000099999999983 0.00000000099999999983 0.00000000099999999983
11 11 (0) 2 : 0.00000000099999999995 0.00000000099999999995 0.00000000099999999995 0.87605867728397313066 0.00000000099999999995 0.12394131771602673320 0.00000000099999999995
12 12 (0) 2 : 0.99999999400000016969 0.00000000099999999992 0.00000000099999999992 0.00000000099999999992 0.00000000099999999992 0.00000000099999999992 0.00000000099999999992
13 13 (0) 2 : 0.00000000099999999991 0.00000000099999999991 0.00000000099999999991 0.00000000099999999991 0.00000000099999999991 0.00000000099999999991 0.99999999399999994765
14 14 (0) 3 : 0.00000000099999999995 0.00000000099999999995 0.00000000099999999995 0.00000000099999999995 0.99999999399999994765 0.00000000099999999995 0.00000000099999999995
15 15 (0) 3 : 0.00000000099999999994 0.00000000099999999994 0.00000000099999999994 0.99999999400000005867 0.00000000099999999994 0.00000000099999999994 0.00000000099999999994
16 16 (0) 3 : 0.99999999400000016969 0.00000000099999999988 0.00000000099999999988 0.00000000099999999988 0.00000000099999999988 0.00000000099999999988 0.00000000099999999988
17 17 (0) 3 : 0.00000000099999999994 0.00000000099999999994 0.00000000099999999994 0.00000000099999999994 0.99999999399999994765 0.00000000099999999994 0.00000000099999999994
18 18 (0) 4 : 0.39251959447593076646 0.00920695457077582227 0.03388600716025233495 0.00000000099999999999 0.00000000099999999999 0.00000000099999999999 0.56438744079304081769
19 19 (0) 4 : 0.10483235974007901192 0.00000000099999999999 0.00000000099999999999 0.21064650822805225383 0.25676572691499011114 0.02488321645486670994 0.40287218666201179973
20 20 (0) 4 : 0.99999999400000005867 0.00000000099999999994 0.00000000099999999994 0.00000000099999999994 0.00000000099999999994 0.00000000099999999994 0.00000000099999999994
21 21 (0) 4 : 0.44146964462742355195 0.00000000099999999999 0.00011438227410115260 0.00000000099999999999 0.00000000099999999999 0.00000000099999999999 0.55841596909847512897
22 22 (0) 4 : 0.28929579164617974518 0.00000000099999999999 0.01062363049786082397 0.00000000099999999999 0.23968195207665055069 0.00000000099999999999 0.46039862277930865275
23 23 (0) 4 : 0.99999999400000005867 0.00000000099999999992 0.00000000099999999992 0.00000000099999999992 0.00000000099999999992 0.00000000099999999992 0.00000000099999999992
24 24 (0) 4 : 0.00000000099999999993 0.00000000099999999993 0.00000000099999999993 0.00000000099999999993 0.99999999400000005867 0.00000000099999999993 0.00000000099999999993
25 25 (0) 4 : 0.30149737927640690716 0.03178623379063031523 0.00000000099999999999 0.19553740506486091966 0.47117897886810183872 0.00000000099999999999 0.00000000099999999999
26 26 (0) 4 : 0.00000012496603642719 0.03625150950224475394 0.00000000100000000000 0.14214684160237192612 0.44327339364234064067 0.03178461916956186462 0.34654351011744438660
27 27 (0) 4 : 0.35326313156970234886 0.00030697243461565816 0.00550317975934907274 0.00000000099999999999 0.64092671323633298996 0.00000000099999999999 0.00000000099999999999
28 28 (0) 4 : 0.00000000099999999999 0.10503423437036356336 0.03542206032322660347 0.00000000099999999999 0.84437712662542208086 0.01516657568098761684 0.00000000099999999999
29 29 (0) 4 : 0.00000000100000000000 0.06751552574855709810 0.01298004670745469061 0.17590526288871455307 0.36905229975300202216 0.03159460115636154864 0.34295226274591006366
30 30 (0) 4 : 0.00000000099999999996 0.00000000099999999996 0.00000000099999999996 0.00000000099999999996 0.99999999399999994765 0.00000000099999999996 0.00000000099999999996
31 31 (0) 4 : 0.99999999400000005867 0.00000000099999999990 0.00000000099999999990 0.00000000099999999990 0.00000000099999999990 0.00000000099999999990 0.00000000099999999990
32 32 (0) 4 : 0.00000000099999999994 0.00000000099999999994 0.00000000099999999994 0.00000000099999999994 0.99999999399999994765 0.00000000099999999994 0.00000000099999999994
33 33 (0) 4 : 0.00000000099999999995 0.00000000099999999995 0.01382821951363350475 0.00000000099999999995 0.98617177548636647533 0.00000000099999999995 0.00000000099999999995
34 34 (0) 5 : 0.00000000099999999999 0.00000000099999999999 0.00000000099999999999 0.00000000099999999999 0.59338484937880164871 0.00786221859394122327 0.39875292802725714747
35 35 (0) 6 : 0.38615265175899970984 0.09908342797331751162 0.01085320864475827762 0.11242990150705124697 0.20962321856986340651 0.02159924749019382847 0.16025834405581607101
36 36 (0) 6 : 0.31188713217993430105 0.07672706639977612542 0.00984187321885712438 0.29903558993697038071 0.00000000099999999998 0.00000000099999999998 0.30250833626446199665
37 37 (0) 6 : 0.00000000099999999962 0.99999999400000016969 0.00000000099999999962 0.00000000099999999962 0.00000000099999999962 0.00000000099999999962 0.00000000099999999962
38 38 (0) 6 : 0.29785487982339353685 0.00071039398837829460 0.00000000099999999996 0.35677596896264179849 0.34465875422558639452 0.00000000099999999996 0.00000000099999999996
39 39 (0) 6 : 0.00000000099999999993 0.00000000099999999993 0.00000000099999999993 0.00000000099999999993 0.00000000099999999993 0.00000000099999999993 0.99999999400000005867
40 40 (0) 6 : 0.00000000099999999997 0.00000000099999999997 0.00000000099999999997 0.00000000099999999997 0.95912648129282329634 0.04087351370717682425 0.00000000099999999997
41 41 (0) 6 : 0.00000000099999999983 0.00000000099999999983 0.00000000099999999983 0.00000000099999999983 0.00000000099999999983 0.99999999400000005867 0.00000000099999999983
42 42 (0) 6 : 0.22736562663229534231 0.06092432453874043613 0.00000000099999999999 0.29029882879374901972 0.40596605721723760807 0.01527522760454426767 0.00016993421343333102
43 43 (0) 6 : 0.52332043712088094356 0.06832394065846809916 0.03115126712866660499 0.37720435209198438509 0.00000000099999999999 0.00000000099999999999 0.00000000099999999999
44 44 (0) 6 : 0.38303713195936112124 0.03524011079651007128 0.00919179314795738091 0.14755193617354916968 0.26967883006348242203 0.02409547718270146910 0.13120472067643840219
45 45 (0) 6 : 0.46603768386383237488 0.03898249297517532991 0.04089521706890092423 0.00000000099999999999 0.00000000099999999999 0.00000000099999999999 0.45408460309209153216
46 46 (0) 6 : 0.00000000099999999917 0.00000000099999999917 0.99999999399999994765 0.00000000099999999917 0.00000000099999999917 0.00000000099999999917 0.00000000099999999917
47 47 (0) 6 : 0.00000000099999999994 0.00000000099999999994 0.00000000099999999994 0.00000000099999999994 0.00000000099999999994 0.00000000099999999994 0.99999999400000005867
48 48 (0) 6 : 0.33608612091183170945 0.10151966459837107049 0.03227314573017459748 0.00000000099999999999 0.28773698986717799464 0.00000000099999999999 0.24238407689244470533
49 49 (0) 6 : 0.00000000099999999863 0.00000000099999999863 0.00000000099999999863 0.00000000099999999863 0.00000000099999999863 0.99999999399999994765 0.00000000099999999863
50 50 (0) 6 : 0.00000000099999999994 0.09126023520077534978 0.00000000099999999994 0.00000000099999999994 0.00000000099999999994 0.00000000099999999994 0.90873975979922461121
51 51 (0) 6 : 0.18209579443756152006 0.05554582287385215894 0.01455227303290041255 0.05646752279118051610 0.28896375703536375523 0.06443840104802477098 0.33793642878111690431
52 52 (0) 6 : 0.00000000099999999949 0.00000000099999999949 0.99999999400000005867 0.00000000099999999949 0.00000000099999999949 0.00000000099999999949 0.00000000099999999949
53 53 (0) 6 : 0.00000000099999999973 0.99999999400000016969 0.00000000099999999973 0.00000000099999999973 0.00000000099999999973 0.00000000099999999973 0.00000000099999999973
54 54 (0) 6 : 0.00000000099999999998 0.05557042411508697488 0.02117524047743504778 0.00000000099999999998 0.48210486330303808922 0.00000000099999999998 0.44114946910443980643
55 55 (0) 6 : 0.99999999400000005867 0.00000000099999999992 0.00000000099999999992 0.00000000099999999992 0.00000000099999999992 0.00000000099999999992 0.00000000099999999992
56 56 (0) 6 : 0.00000000099999999993 0.00000000099999999993 0.00000000099999999993 0.00000000099999999993 0.00000000099999999993 0.00000000099999999993 0.99999999399999994765
57 57 (0) 6 : 0.29874904577893424129 0.00000000233169857135 0.00000000099999999999 0.00000000099999999999 0.70125094788936714885 0.00000000099999999999 0.00000000099999999999
58 58 (0) 7 : 0.00000000099999999990 0.00000000099999999990 0.00000000099999999990 0.00000000099999999990 0.00000000099999999990 0.00000000099999999990 0.99999999399999994765
59 59 (0) 7 : 0.99999999400000016969 0.00000000099999999990 0.00000000099999999990 0.00000000099999999990 0.00000000099999999990 0.00000000099999999990 0.00000000099999999990
60 60 (0) 7 : 0.00000000099999999994 0.00000000099999999994 0.00000000099999999994 0.00000000099999999994 0.00000000099999999994 0.00000000099999999994 0.99999999400000005867
61 61 (0) 7 : 0.00000000099999999999 0.06530999480473519136 0.00000000099999999999 0.20502158007255277816 0.29306277947769704406 0.00000000099999999999 0.43660564264501489085
62 62 (0) 7 : 0.00000000099999999958 0.99999999400000016969 0.00000000099999999958 0.00000000099999999958 0.00000000099999999958 0.00000000099999999958 0.00000000099999999958
63 63 (0) 7 : 0.14454711751051912971 0.00000000099999999999 0.00000000099999999999 0.39704863293173386918 0.00000014821156214492 0.00057087224731387374 0.45783322709887097623
64 64 (0) 8 : 0.00000000099999999996 0.00000000099999999996 0.00000000099999999996 0.00000000099999999996 0.99999999399999994765 0.00000000099999999996 0.00000000099999999996
65 65 (0) 8 : 0.28448626146655797697 0.00000000794063503308 0.04392288938858459474 0.24536718294190590361 0.00000000100000000000 0.01512404376664206081 0.41109961349567442079
66 66 (0) 9 : 0.23713801356380317942 0.00000000099999999998 0.00000071016331489763 0.13416337489611951383 0.38726031110360109588 0.00000000099999999998 0.24143758827316139093
67 67 (0) 10 : 0.54230652413485325170 0.06708570970945161582 0.00000000099999999999 0.00000000099999999999 0.00000000099999999999 0.01529072590760432483 0.37531703724809079015
68 68 (0) 10 : 0.36715544744489497786 0.00000000099999999999 0.01774669888402609363 0.14688275871378339565 0.20313261440057356344 0.00000000099999999999 0.26508247855672195659
69 69 (0) 10 : 0.00000000099999999998 0.04104823201123341397 0.03451105040984053796 0.16502800523933078281 0.41598140415458656483 0.00000000099999999998 0.34343130618500883333
70 70 (0) 10 : 0.00000000099999999999 0.07507113071550483574 0.01320772811528155531 0.04499597647454330052 0.47708421695912661686 0.00000000099999999999 0.38964094573554364231
71 71 (0) 10 : 0.24924287795305266613 0.05120853123638002130 0.00000000099999999999 0.15735536006448588853 0.54219322774608147419 0.00000000099999999999 0.00000000099999999999
72 72 (0) 10 : 0.00000000099999999996 0.00000000099999999996 0.00000000099999999996 0.00000000099999999996 0.99999999400000005867 0.00000000099999999996 0.00000000099999999996
73 73 (0) 10 : 0.00000000099999999993 0.00000000099999999993 0.00000000099999999993 0.99999999399999994765 0.00000000099999999993 0.00000000099999999993 0.00000000099999999993
74 74 (0) 10 : 0.00000000099999999986 0.00000000099999999986 0.00000000099999999986 0.99999999400000005867 0.00000000099999999986 0.00000000099999999986 0.00000000099999999986
75 75 (0) 10 : 0.00000000099999999995 0.00000000099999999995 0.00243619617323206005 0.00000000099999999995 0.00000000099999999995 0.00000000099999999995 0.99756379882676793347
76 76 (0) 10 : 0.00000000099999999990 0.00000000099999999990 0.00000000099999999990 0.99999999399999994765 0.00000000099999999990 0.00000000099999999990 0.00000000099999999990
1 1 (0) 1 : 0.12245662248921199144 0.00000002588274366048 0.00000000100000000000 0.03097868150417449826 0.45324239612875882877 0.16856481605447259930 0.22475745694063845037
2 2 (0) 1 : 0.00000000099999999999 0.01980274477561709545 0.00000000099999999999 0.18425991263875082793 0.24925805573355125366 0.30283283848901215718 0.24384644636306845866
3 3 (0) 1 : 0.00000000099999999998 0.01986984904183153322 0.24258608009260290705 0.00000000099999999998 0.00000000099999999998 0.19654147329226251406 0.54100259457330301949
4 4 (0) 1 : 0.04561796392094191743 0.03575091949823702708 0.27420325102300124875 0.28591704658328032096 0.00000000100000000000 0.00000000100000000000 0.35851081697453951458
5 5 (0) 1 : 0.04180644432578296821 0.00000000099999999998 0.51398597647848165426 0.00000000099999999998 0.00000000099999999998 0.44420757519573533800 0.00000000099999999998
6 6 (0) 1 : 0.03635086228896551586 0.02074577533120734035 0.25505918382034487024 0.00000000100000000000 0.22419380770837935013 0.21513673728923626838 0.24851363256186662087
7 7 (0) 1 : 0.00000000099999999999 0.02419001708202535295 0.32377121680403569970 0.03706637629936412187 0.26252036361726166502 0.09662942992433834477 0.25582259527297473989
8 8 (0) 2 : 0.00000000099999999999 0.00000000099999999999 0.20293259420734655052 0.08335855611597457748 0.35734126316811726243 0.11865953036267525011 0.23770805414588633275
9 9 (0) 2 : 0.00000000099999999992 0.00000000099999999992 0.00000000099999999992 0.00000000099999999992 0.99999999400000005867 0.00000000099999999992 0.00000000099999999992
10 10 (0) 2 : 0.00000000099999999988 0.00000000099999999988 0.00000000099999999988 0.00000000099999999988 0.99999999399999994765 0.00000000099999999988 0.00000000099999999988
11 11 (0) 2 : 0.13590478700679500812 0.00000000099999999996 0.00000000099999999996 0.00000000099999999996 0.86409520799320493900 0.00000000099999999996 0.00000000099999999996
12 12 (0) 2 : 0.00000000099999999999 0.03537562566350027637 0.20503597716579138877 0.08061127023689002025 0.31680939729970386542 0.00000000099999999999 0.36216772763411447800
13 13 (0) 2 : 0.00000000099999999997 0.00000000099999999997 0.00000000099999999997 0.08499018818184084223 0.08956503500259749284 0.35948752268280059763 0.46595725113276098561
14 14 (0) 3 : 0.00000000099999999998 0.00000000099999999998 0.33089591381170069262 0.00000000099999999998 0.00000000099999999998 0.00000000099999999998 0.66910408118829922675
15 15 (0) 3 : 0.00000000099999999997 0.00000000099999999997 0.00000000099999999997 0.00000000099999999997 0.99999999399999994765 0.00000000099999999997 0.00000000099999999997
16 16 (0) 3 : 0.00000000099999999995 0.00000000099999999995 0.00000000099999999995 0.41052239083090313887 0.00000000099999999995 0.00000000099999999995 0.58947760416909678050
17 17 (0) 3 : 0.00000000099999999999 0.03386876348328383968 0.00000000099999999999 0.21068020173475099366 0.00000000099999999999 0.31682481853064448085 0.43862621325132061800
18 18 (0) 4 : 0.00000000099999999998 0.03805432511070983015 0.00000000099999999998 0.40802509516656443322 0.00000000099999999998 0.55392057572272557220 0.00000000099999999998
19 19 (0) 4 : 0.00000000099999999993 0.00000000099999999993 0.00000000099999999993 0.00000000099999999993 0.99999999400000005867 0.00000000099999999993 0.00000000099999999993
20 20 (0) 4 : 0.00000000099999999983 0.00000000099999999983 0.99999999399999994765 0.00000000099999999983 0.00000000099999999983 0.00000000099999999983 0.00000000099999999983
21 21 (0) 4 : 0.00000000099999999989 0.00000000099999999989 0.00000000099999999989 0.00000000099999999989 0.00000000099999999989 0.99999999400000005867 0.00000000099999999989
22 22 (0) 4 : 0.00000000099999999999 0.02534840003497129679 0.18543690692160383349 0.00000047573721448996 0.19046190553358305353 0.37891475718303413434 0.21983755358959328197
23 23 (0) 4 : 0.00000000100000000000 0.01735674519032135571 0.20414081016715873718 0.20661626136817254351 0.30155343466385697848 0.27033274661049044862 0.00000000100000000000
24 24 (0) 4 : 0.00000000099999999990 0.00000000099999999990 0.00000000099999999990 0.00000000099999999990 0.00000000099999999990 0.00000000099999999990 0.99999999400000005867
25 25 (0) 4 : 0.00000000099999999986 0.00000000099999999986 0.99999999399999994765 0.00000000099999999986 0.00000000099999999986 0.00000000099999999986 0.00000000099999999986
26 26 (0) 4 : 0.03590829622349279993 0.00020472857605568809 0.10606883935087359216 0.03111383740118503147 0.24215374157302604896 0.48399725013709798960 0.10055330673826884391
27 27 (0) 4 : 0.00000000100000000000 0.00700504106287085787 0.00000000100000000000 0.04439216424383739951 0.24471870918682067653 0.17126183770991143529 0.53262224579655970125
28 28 (0) 4 : 0.00000000099999999994 0.00000000099999999994 0.00000000099999999994 0.00000000099999999994 0.00000000099999999994 0.00000000099999999994 0.99999999400000005867
29 29 (0) 4 : 0.03630985848239079439 0.00679424391012205600 0.14615031902227801353 0.00000000100000000000 0.28358989605004081280 0.20084942012026818503 0.32630626141490015613
30 30 (0) 4 : 0.00000000099999999997 0.00114820945225393794 0.00000000099999999997 0.00000000099999999997 0.32168702594876069645 0.00000000099999999997 0.67716476059898544904
31 31 (0) 4 : 0.00000000099999999984 0.00000000099999999984 0.00000000099999999984 0.99999999399999994765 0.00000000099999999984 0.00000000099999999984 0.00000000099999999984
32 32 (0) 4 : 0.00000000099999999989 0.00000000099999999989 0.00000000099999999989 0.00000000099999999989 0.00000000099999999989 0.00000000099999999989 0.99999999400000005867
33 33 (0) 4 : 0.00000000099999999990 0.00000000099999999990 0.00000000099999999990 0.00000000099999999990 0.00000000099999999990 0.00000000099999999990 0.99999999399999994765
34 34 (0) 5 : 0.01341655749370218587 0.00000000099999999999 0.31450778799849021805 0.10451693526285872615 0.09001033497999659516 0.19508030166263648497 0.28246808160231573481
35 35 (0) 6 : 0.00045522945689146637 0.00000000099999999999 0.00000000099999999999 0.08375845407770372841 0.51475709835144856097 0.00000000099999999999 0.40102921511395633880
36 36 (0) 6 : 0.00000000099999999996 0.00000000099999999996 0.00000000099999999996 0.00000000099999999996 0.72616358115507551041 0.27383641384492429793 0.00000000099999999996
37 37 (0) 6 : 0.00000000099999999976 0.00000000099999999976 0.00000000099999999976 0.99999999400000005867 0.00000000099999999976 0.00000000099999999976 0.00000000099999999976
38 38 (0) 6 : 0.00000000099999999995 0.00000000099999999995 0.31511543364497174302 0.00000000099999999995 0.68488456135502839839 0.00000000099999999995 0.00000000099999999995
39 39 (0) 6 : 0.00000000099999999988 0.00000000099999999988 0.00000000099999999988 0.00000000099999999988 0.00000000099999999988 0.99999999400000005867 0.00000000099999999988
40 40 (0) 6 : 0.03172146830632168596 0.00000000099999999999 0.00000000099999999999 0.22910272627571090509 0.00000000099999999999 0.32827900879205829110 0.41089679362590914025
41 41 (0) 6 : 0.99999999400000016969 0.00000000099999999983 0.00000000099999999983 0.00000000099999999983 0.00000000099999999983 0.00000000099999999983 0.00000000099999999983
42 42 (0) 6 : 0.00464259533627258119 0.00000000099999999999 0.36415231443839379821 0.32879624078149088939 0.30240878907962226441 0.00000000099999999999 0.00000005836422037132
43 43 (0) 6 : 0.00000000099999999994 0.00000000099999999994 0.00000000099999999994 0.00000000099999999994 0.99999999400000005867 0.00000000099999999994 0.00000000099999999994
44 44 (0) 6 : 0.01813630502410511561 0.00362724271890717785 0.35951592308763069550 0.00000000275915612897 0.28026552187531966753 0.14632046687328684187 0.19213453766159449554
45 45 (0) 6 : 0.00000000099999999997 0.02374635945849154842 0.50488172329574099173 0.00000000099999999997 0.47137191324576749318 0.00000000099999999997 0.00000000099999999997
46 46 (0) 6 : 0.00000000099999999917 0.99999999400000016969 0.00000000099999999917 0.00000000099999999917 0.00000000099999999917 0.00000000099999999917 0.00000000099999999917
47 47 (0) 6 : 0.00000000099999999992 0.00000000099999999992 0.00000000099999999992 0.00000000099999999992 0.99999999399999994765 0.00000000099999999992 0.00000000099999999992
48 48 (0) 6 : 0.00000000099999999988 0.00000000099999999988 0.00000000099999999988 0.00000000099999999988 0.00000000099999999988 0.99999999400000005867 0.00000000099999999988
49 49 (0) 6 : 0.99999999399999994765 0.00000000099999999863 0.00000000099999999863 0.00000000099999999863 0.00000000099999999863 0.00000000099999999863 0.00000000099999999863
50 50 (0) 6 : 0.00000000099999999997 0.00000000099999999997 0.00000000099999999997 0.19447003817238114887 0.00000000099999999997 0.37809095496900602118 0.42743900285861274879
51 51 (0) 6 : 0.05850040170820597352 0.01457395521278110652 0.27727082670073815995 0.00000000100000000000 0.24637547244444071848 0.17420421256338919358 0.22907513037044477389
52 52 (0) 6 : 0.00000000099999999950 0.99999999400000005867 0.00000000099999999950 0.00000000099999999950 0.00000000099999999950 0.00000000099999999950 0.00000000099999999950
53 53 (0) 6 : 0.00000000099999999996 0.00000000099999999996 0.45775413067265352529 0.00000000099999999996 0.00000000099999999996 0.00000000099999999996 0.54224586432734644958
54 54 (0) 6 : 0.00000000099999999994 0.00000000099999999994 0.29166584298053632729 0.00000000099999999994 0.00000000099999999994 0.70833415201946359208 0.00000000099999999994
55 55 (0) 6 : 0.00545969512819898754 0.01378130075955604460 0.00000856329827612367 0.14391159079623194739 0.25497954789560295374 0.34760827626695151027 0.23425102585518242648
56 56 (0) 6 : 0.01695739401934915486 0.00885682260507261211 0.00000000100000000000 0.25195777305631539278 0.31005510530740393316 0.41217290301185882662 0.00000000100000000000
57 57 (0) 6 : 0.00000000099999999996 0.00000000099999999996 0.50379314016733112158 0.00000000099999999996 0.00000000099999999996 0.00000000099999999996 0.49620685483266890881
58 58 (0) 7 : 0.00000000099999999983 0.00000000099999999983 0.00000000099999999983 0.00000000099999999983 0.00000000099999999983 0.99999999400000005867 0.00000000099999999983
59 59 (0) 7 : 0.00000000099999999995 0.00000000099999999995 0.00000000099999999995 0.53192555348702075246 0.46807444151297927792 0.00000000099999999995 0.00000000099999999995
60 60 (0) 7 : 0.00000001841580444097 0.02236371154746380485 0.18356452779316601021 0.11318302368567613458 0.41926837345323875184 0.26162034410465073719 0.00000000100000000000
61 61 (0) 7 : 0.00000000099999999999 0.00000000099999999999 0.16380797275480896147 0.22337986453409730547 0.20902738145081636856 0.40065975585567908945 0.00312502340459822406
62 62 (0) 7 : 0.00000000099999999972 0.00000000099999999972 0.00000000099999999972 0.99999999400000005867 0.00000000099999999972 0.00000000099999999972 0.00000000099999999972
63 63 (0) 7 : 0.01288122838136720322 0.00000000099999999999 0.06765819304775838594 0.00000000099999999999 0.37942354507454462142 0.30241358592277450823 0.23762344557355530306
64 64 (0) 8 : 0.00000000099999999993 0.00000000099999999993 0.00000000099999999993 0.00000000099999999993 0.00000000099999999993 0.00000000099999999993 0.99999999400000005867
65 65 (0) 8 : 0.00000000099999999988 0.00000000099999999988 0.00000000099999999988 0.99999999399999994765 0.00000000099999999988 0.00000000099999999988 0.00000000099999999988
66 66 (0) 9 : 0.00000000099999999998 0.00000000099999999998 0.15167867534139478636 0.08801063254238765399 0.22838548809094635916 0.19979418760317940729 0.33213101442209175262
67 67 (0) 10 : 0.01125173164702670571 0.00000000099999999999 0.11623346398924379319 0.11522826216326143012 0.32954905913350668323 0.20352776073768552578 0.22420972132927588505
68 68 (0) 10 : 0.00000000099999999999 0.01681021655265066764 0.26665338994658277505 0.13643877217470484764 0.18275993228224673981 0.13152787278494496026 0.26580981525886993033
69 69 (0) 10 : 0.00000000099999999994 0.00000000175324116629 0.00000000099999999994 0.00000000099999999994 0.00000000099999999994 0.00000000099999999994 0.99999999324675892254
70 70 (0) 10 : 0.00000000099999999991 0.00000000099999999991 0.00000000099999999991 0.00000000099999999991 0.00000000099999999991 0.99999999399999994765 0.00000000099999999991
71 71 (0) 10 : 0.00000000099999999999 0.00000000099999999999 0.04898978282667024869 0.09397255174228842656 0.25200316128491512258 0.20510412944205910768 0.39993037270406711636
72 72 (0) 10 : 0.00000000099999999998 0.00000000099999999998 0.00000000099999999998 0.00000000099999999998 0.28891259843849181888 0.32722676789934124209 0.38386062966216683012
73 73 (0) 10 : 0.02045753328005954150 0.01338569381027961656 0.18574740590624777559 0.09038783259498064937 0.28600203346528352277 0.19533160054016815432 0.20868790040298082489
74 74 (0) 10 : 0.00000000099999999980 0.00000000099999999980 0.99999999399999994765 0.00000000099999999980 0.00000000099999999980 0.00000000099999999980 0.00000000099999999980
75 75 (0) 10 : 0.00000000099999999999 0.00588078496823410835 0.00000000099999999999 0.18671099028633339478 0.00000000099999999999 0.44049900676903658292 0.36690921497639589210
76 76 (0) 10 : 0.00000000099999999983 0.00000000099999999983 0.99999999399999994765 0.00000000099999999983 0.00000000099999999983 0.00000000099999999983 0.00000000099999999983
1 1 (0) 1 : 0.38255739229428548098 0.00490626869819083683 0.21448867685817493700 0.11565733998065264032 0.28239032016869619612 0.00000000100000000000 0.00000000100000000000
2 2 (0) 1 : 0.33338237893174255122 0.08246995157173253599 0.55157404102666740542 0.00000000100000000000 0.00000940079392970231 0.03256422567592778122 0.00000000100000000000
3 3 (0) 1 : 0.00000000099999999993 0.00000000099999999993 0.99999999400000005867 0.00000000099999999993 0.00000000099999999993 0.00000000099999999993 0.00000000099999999993
4 4 (0) 1 : 0.00000000099999999999 0.08465910618811173238 0.84092119282112631762 0.04561648543078292845 0.00000000099999999999 0.02880321255997917926 0.00000000099999999999
5 5 (0) 1 : 0.18493154373553483127 0.04152182860565942907 0.28425270007955683038 0.05581564034444404243 0.00000000100000000000 0.01151648029567821536 0.42196180593912668844
6 6 (0) 1 : 0.13623404687442211558 0.00000000099999999999 0.45213635929565498817 0.03992196591389665650 0.34349969884348086069 0.02820791727731743886 0.00000001079522803283
7 7 (0) 1 : 0.36813946283242049429 0.00000000099999999999 0.51209585305615679118 0.00000000099999999999 0.00000000099999999999 0.02326470139431482259 0.09649997971710805311
8 8 (0) 2 : 0.29372802401629111158 0.04148340812238329733 0.21148077853577143537 0.00000000099999999999 0.26195208571109812601 0.00000000099999999999 0.19135570161445616955
9 9 (0) 2 : 0.99999999400000016969 0.00000000099999999994 0.00000000099999999994 0.00000000099999999994 0.00000000099999999994 0.00000000099999999994 0.00000000099999999994
10 10 (0) 2 : 0.99999999400000005867 0.00000000099999999987 0.00000000099999999987 0.00000000099999999987 0.00000000099999999987 0.00000000099999999987 0.00000000099999999987
11 11 (0) 2 : 0.87101696248694648883 0.00000000099999999997 0.00000000099999999997 0.12898303251305365258 0.00000000099999999997 0.00000000099999999997 0.00000000099999999997
12 12 (0) 2 : 0.00000000099999999993 0.00000000099999999993 0.99999999399999994765 0.00000000099999999993 0.00000000099999999993 0.00000000099999999993 0.00000000099999999993
13 13 (0) 2 : 0.00000000099999999991 0.00000000099999999991 0.00000000099999999991 0.00000000099999999991 0.99999999399999994765 0.00000000099999999991 0.00000000099999999991
14 14 (0) 3 : 0.00000000099999999993 0.00000000099999999993 0.99999999399999994765 0.00000000099999999993 0.00000000099999999993 0.00000000099999999993 0.00000000099999999993
15 15 (0) 3 : 0.00000000099999999995 0.00000000099999999995 0.99999999400000005867 0.00000000099999999995 0.00000000099999999995 0.00000000099999999995 0.00000000099999999995
16 16 (0) 3 : 0.00000000099999999991 0.00000000099999999991 0.99999999399999994765 0.00000000099999999991 0.00000000099999999991 0.00000000099999999991 0.00000000099999999991
17 17 (0) 3 : 0.00000000099999999999 0.00735003460266620261 0.50104253934006859339 0.00000000099999999999 0.44348504887475509451 0.04812237418251005122 0.00000000099999999999
18 18 (0) 4 : 0.13812890843654943018 0.06439560726387907885 0.32616841609533425705 0.00646578952588420814 0.26956116552920489360 0.02947738780759158114 0.16580272534155665598
19 19 (0) 4 : 0.48776190026617666229 0.00000000099999999999 0.00000000099999999999 0.02492847563577219733 0.48730962009805112167 0.00000000099999999999 0.00000000099999999999
20 20 (0) 4 : 0.00000000099999999994 0.00000000099999999994 0.99999999400000005867 0.00000000099999999994 0.00000000099999999994 0.00000000099999999994 0.00000000099999999994
21 21 (0) 4 : 0.99999999400000005867 0.00000000099999999997 0.00000000099999999997 0.00000000099999999997 0.00000000099999999997 0.00000000099999999997 0.00000000099999999997
22 22 (0) 4 : 0.00000000099999999992 0.00000000099999999992 0.00000000099999999992 0.00000000099999999992 0.99999999399999994765 0.00000000099999999992 0.00000000099999999992
23 23 (0) 4 : 0.32869437987100258436 0.00000000100000000000 0.28479863961291751462 0.00178621285216491689 0.12009916341114210137 0.01600842813208577797 0.24861317512068717428
24 24 (0) 4 : 0.17271056159196640500 0.00000000099999999997 0.43775901892318064279 0.00000000099999999997 0.25631699304400962225 0.00000000099999999997 0.13321342344084338705
25 25 (0) 4 : 0.00000000099999999998 0.00000000099999999998 0.59320212346742517973 0.00000000099999999998 0.00000000099999999998 0.00000000099999999998 0.40679787153257479515
26 26 (0) 4 : 0.00000000099999999994 0.00000000099999999994 0.00000000099999999994 0.00000000099999999994 0.00000000099999999994 0.00000000099999999994 0.99999999399999994765
27 27 (0) 4 : 0.00000000099999999993 0.00000000099999999993 0.00000000099999999993 0.00000000099999999993 0.99999999399999994765 0.00000000099999999993 0.00000000099999999993
28 28 (0) 4 : 0.00000000099999999995 0.00000000099999999995 0.00000000099999999995 0.00000000099999999995 0.99999999400000005867 0.00000000099999999995 0.00000000099999999995
29 29 (0) 4 : 0.30688129609872466519 0.02364634160717563743 0.17987723402455155219 0.02255916588384167254 0.30962114340998275752 0.01014311425935424289 0.14727170471636955029
30 30 (0) 4 : 0.00000000099999999991 0.00000000099999999991 0.00000000099999999991 0.00000000099999999991 0.99999999400000005867 0.00000000099999999991 0.00000000099999999991
31 31 (0) 4 : 0.00000000099999999990 0.00000000099999999990 0.99999999400000005867 0.00000000099999999990 0.00000000099999999990 0.00000000099999999990 0.00000000099999999990
32 32 (0) 4 : 0.00000000099999999997 0.00000000099999999997 0.44704658881823311489 0.00596153655539137083 0.54699187062637555368 0.00000000099999999997 0.00000000099999999997
33 33 (0) 4 : 0.07859631600306091204 0.00000000099999999999 0.34958874894699343283 0.00000000099999999999 0.40195149719659706289 0.04382830708927860225 0.12603512876407013676
34 34 (0) 5 : 0.06208610965016913424 0.01550398324782463824 0.33712258268712397280 0.01495869472057691739 0.30599360854262092069 0.00000000099999999999 0.26433502015168447441
35 35 (0) 6 : 0.35620267808786609809 0.07611556758848474213 0.46876960727183097921 0.00749874507844985189 0.09141339997336833667 0.00000000100000000000 0.00000000100000000000
36 36 (0) 6 : 0.99999999400000016969 0.00000000099999999991 0.00000000099999999991 0.00000000099999999991 0.00000000099999999991 0.00000000099999999991 0.00000000099999999991
37 37 (0) 6 : 0.00000000099999999946 0.99999999400000005867 0.00000000099999999946 0.00000000099999999946 0.00000000099999999946 0.00000000099999999946 0.00000000099999999946
38 38 (0) 6 : 0.00000000099999999990 0.00000000099999999990 0.00000000099999999990 0.00000000099999999990 0.00000000099999999990 0.00000000099999999990 0.99999999400000005867
39 39 (0) 6 : 0.00000000099999999993 0.00000000099999999993 0.00000000099999999993 0.00000000099999999993 0.00000000099999999993 0.00000000099999999993 0.99999999400000005867
40 40 (0) 6 : 0.00000000100000000000 0.04171405299158949948 0.36161075662092084793 0.03464718609740808503 0.00000000100000000000 0.00000000100000000000 0.56202800129008145813
41 41 (0) 6 : 0.00000000099999999983 0.00000000099999999983 0.00000000099999999983 0.99999999400000005867 0.00000000099999999983 0.00000000099999999983 0.00000000099999999983
42 42 (0) 6 : 0.36144834157414829079 0.04618392696277298648 0.46678626364251102343 0.00901953204529111659 0.11656193377527680755 0.00000000099999999999 0.00000000099999999999
43 43 (0) 6 : 0.99999999400000016969 0.00000000099999999995 0.00000000099999999995 0.00000000099999999995 0.00000000099999999995 0.00000000099999999995 0.00000000099999999995
44 44 (0) 6 : 0.24634075827029641714 0.00000000100000000000 0.31323070033414934787 0.02655954225468400154 0.23487863660874655491 0.00004267499196077751 0.17894768654016285359
45 45 (0) 6 : 0.99999999400000005867 0.00000000099999999994 0.00000000099999999994 0.00000000099999999994 0.00000000099999999994 0.00000000099999999994 0.00000000099999999994
46 46 (0) 6 : 0.00000000099999999917 0.00000000099999999917 0.00000000099999999917 0.00000000099999999917 0.00000000099999999917 0.99999999399999994765 0.00000000099999999917
47 47 (0) 6 : 0.99999999400000005867 0.00000000099999999990 0.00000000099999999990 0.00000000099999999990 0.00000000099999999990 0.00000000099999999990 0.00000000099999999990
48 48 (0) 6 : 0.00000000099999999993 0.00000000099999999993 0.00000000099999999993 0.00000000099999999993 0.00000000099999999993 0.00000000099999999993 0.99999999399999994765
49 49 (0) 6 : 0.00000000099999999863 0.00000000099999999863 0.00000000099999999863 0.99999999399999983662 0.00000000099999999863 0.00000000099999999863 0.00000000099999999863
50 50 (0) 6 : 0.00000000099999999990 0.00000000099999999990 0.00000000099999999990 0.00000000099999999990 0.99999999399999994765 0.00000000099999999990 0.00000000099999999990
51 51 (0) 6 : 0.11111071821893245271 0.03086685570688494501 0.27756058531053595662 0.05933810090788541047 0.23128220743315264230 0.01444984744307694496 0.27539168497953159243
52 52 (0) 6 : 0.00000000099999999949 0.00000000099999999949 0.00000000099999999949 0.00000000099999999949 0.00000000099999999949 0.99999999400000005867 0.00000000099999999949
53 53 (0) 6 : 0.00000000099999999997 0.00000000099999999997 0.41191962447712909823 0.00000000099999999997 0.58808037052287098767 0.00000000099999999997 0.00000000099999999997
54 54 (0) 6 : 0.00000000099999999989 0.00000000099999999989 0.00000000099999999989 0.00000000099999999989 0.00000000099999999989 0.00000000099999999989 0.99999999399999994765
55 55 (0) 6 : 0.00000000099999999992 0.00000000099999999992 0.00000000099999999992 0.00000000099999999992 0.00000000099999999992 0.00000000099999999992 0.99999999399999994765
56 56 (0) 6 : 0.33500787705837964392 0.00610488666006951067 0.00000000100000000000 0.01511175432050849456 0.39524012593564750162 0.00331294709720948103 0.24522240792818533750
57 57 (0) 6 : 0.00000000099999999997 0.00000000099999999997 0.00000000099999999997 0.00000000099999999997 0.66047945131484031567 0.00000000099999999997 0.33952054368515977023
58 58 (0) 7 : 0.00000000099999999989 0.00000000099999999989 0.00000000099999999989 0.00000000099999999989 0.00000000099999999989 0.00000000099999999989 0.99999999399999994765
59 59 (0) 7 : 0.27871686779511156695 0.04278305389259512426 0.31191871068175369697 0.00000000099999999998 0.17336344945522483285 0.00000000099999999998 0.19321791617531475227
60 60 (0) 7 : 0.00000000099999999996 0.00000000099999999996 0.99999999399999994765 0.00000000099999999996 0.00000000099999999996 0.00000000099999999996 0.00000000099999999996
61 61 (0) 7 : 0.22946685366838726061 0.04159272398836491580 0.19101642646709687812 0.00000000100000000000 0.18474299294087395684 0.00000000272402840221 0.35318099921124840312
62 62 (0) 7 : 0.00000000099999999940 0.99999999400000016969 0.00000000099999999940 0.00000000099999999940 0.00000000099999999940 0.00000000099999999940 0.00000000099999999940
63 63 (0) 7 : 0.35257624225491607239 0.00000000099999999998 0.25286258983137899214 0.01728791742309029530 0.18355307269556639382 0.00000000099999999998 0.19372017579504824392
64 64 (0) 8 : 0.00000000099999999993 0.00000000099999999993 0.00000000099999999993 0.00000000099999999993 0.99999999400000005867 0.00000000099999999993 0.00000000099999999993
65 65 (0) 8 : 0.99999999400000016969 0.00000000099999999995 0.00000000099999999995 0.00000000099999999995 0.00000000099999999995 0.00000000099999999995 0.00000000099999999995
66 66 (0) 9 : 0.12723210400495271744 0.00054423619573464488 0.00000000099999999998 0.00000000099999999998 0.53968237747376168745 0.00001759042644553353 0.33252368989910552344
67 67 (0) 10 : 0.14347446141620390225 0.04230963670230244306 0.34787035230397822527 0.01976032268975970799 0.29577799631267642777 0.00000000099999999999 0.15080722957507936011
68 68 (0) 10 : 0.19603757714037450821 0.00000000099999999999 0.54607739994054649291 0.00000000099999999999 0.14289119347321538323 0.00781909091558377449 0.10717473653027992375
69 69 (0) 10 : 0.00000000099999999998 0.01865990940060182832 0.32209704176848391599 0.00000000099999999998 0.38868427871151173258 0.04745974829523096072 0.22309901982417143507
70 70 (0) 10 : 0.00000001510662418191 0.00677348022908845319 0.26928896854330708344 0.00000000099999999999 0.33218473850597207697 0.02273543167958327199 0.36901736493542502959
71 71 (0) 10 : 0.00000000099999999991 0.00000000099999999991 0.00000000099999999991 0.00000000099999999991 0.00000000099999999991 0.00000000099999999991 0.99999999400000005867
72 72 (0) 10 : 0.00000000099999999998 0.00000000099999999998 0.00000000099999999998 0.00000000099999999998 0.56722197220709735799 0.00000000099999999998 0.43277802279290272791
73 73 (0) 10 : 0.25175777948079813839 0.00000000100000000000 0.00016799170725708377 0.01383625995166952970 0.28364664062383576626 0.00802092812310215356 0.44257039911333728721
74 74 (0) 10 : 0.16218364225071246754 0.00000000099999999999 0.47539508429806487388 0.02169838596735804842 0.00000003478492024264 0.00000000099999999999 0.34072285069894425735
75 75 (0) 10 : 0.00000000099999999999 0.02742851746900917473 0.39298451513231735799 0.00000000099999999999 0.27283064000785073322 0.01964018912195712036 0.28711613626886572925
76 76 (0) 10 : 0.25652877463218559662 0.00000000099999999999 0.44844043534990823963 0.03957173893102391982 0.09173863992552193369 0.01395863173050454140 0.14976177843085566876
