1:	0.3663 0.0338 0.1766 0.0173 0.1799 0.0602 0.1658 	7
2:	0.1684 0.0214 0.1683 0.0012 0.4392 0.1398 0.0618 	6
3:	0.5201 0.0016 0.2070 0.0060 0.1228 0.0438 0.0987 	4
4:	0.2711 0.0059 0.3747 0.0070 0.1251 0.0668 0.1494 	16
5:	0.2576 0.0139 0.3700 0.0000 0.0848 0.0667 0.2070 	1
6:	0.1447 0.0934 0.1742 0.0904 0.1780 0.1073 0.2121 	23
7:	0.1621 0.0010 0.0620 0.0007 0.2609 0.2457 0.2676 	6
8:	0.1895 0.0021 0.3679 0.0149 0.1943 0.1628 0.0685 	2
9:	0.1134 0.0000 0.4261 0.0000 0.1300 0.0809 0.2495 	1
10:	0.1860 0.0036 0.3263 0.0066 0.1490 0.0485 0.2801 	10
