-------------------------------------------------------------------------------
 L       Percentage of nodes in the largest component
 D       Percentage of nodes in components of size at most 3 [-div option]
 R       Percentage of nodes not in L or D: 100 - L -D
 S       Percentage of nodes that are singletons
 E       Fraction of edges retained (input graph has 2450)
 cce     Expected size of component, nodewise [ sum(sz^2) / sum^2(sz) ]
 EW      Edge weight traits (mean, median and IQR)
 ND      Node degree traits [mean, median and IQR]
 CCF     Clustering coefficient (scale 1-100)
 eff     Induced component efficiency relative to start graph (scale 1-1000)
Total number of nodes: 50
----------------------------------------------------------------------------------------------
  L   D   R   S     E     cce  EWmean   EWmed   EWiqr  NDmean   NDmed  NDiqr CCF  eff  Cutoff 
----------------------------------------------------------------------------------------------
100   0   0   0 0.732      50    0.57    0.56    0.06    35.9    38.5    9.5   -    -     0.50
100   0   0   0 0.673      50    0.57    0.56    0.06    33.0    35.5   10.5   -    -     0.51
100   0   0   0 0.615      50    0.58    0.57    0.06    30.1    31.5   13.0   -    -     0.52
100   0   0   0 0.544      50    0.58    0.57    0.05    26.7    27.5   13.0   -    -     0.53
100   0   0   0 0.469      50    0.59    0.58    0.05    23.0    24.5   14.0   -    -     0.54
100   0   0   0 0.409      50    0.60    0.58    0.06    20.0    21.5   13.5   -    -     0.55
100   0   0   0 0.344      50    0.61    0.59    0.06    16.9    17.5   15.0   -    -     0.56
 96   4   0   4 0.273      46    0.62    0.60    0.06    13.4    13.5   14.0   -    -     0.57
 90  10   0  10 0.222      41    0.63    0.62    0.06    10.9    10.5   12.5   -    -     0.58
 86  14   0  14 0.180      37    0.64    0.63    0.06     8.8     7.5   13.5   -    -     0.59
 82  18   0  14 0.146      34    0.65    0.64    0.05     7.2     6.5   12.5   -    -     0.60
 80  20   0  20 0.119      32    0.66    0.65    0.05     5.8     4.5   10.0   -    -     0.61
 70  30   0  30 0.107      25    0.66    0.66    0.05     5.2     3.5   10.0   -    -     0.62
 60  40   0  36 0.087      18    0.67    0.66    0.04     4.3     2.5    7.5   -    -     0.63
 54  46   0  42 0.071      15    0.68    0.67    0.04     3.5     1.5    6.5   -    -     0.64
 38  48  14  44 0.060       9    0.68    0.67    0.03     2.9     1.5    5.5   -    -     0.65
 32  58  10  50 0.046       6    0.69    0.69    0.03     2.2     0.5    3.0   -    -     0.66
 32  68   0  54 0.037       6    0.70    0.69    0.02     1.8     0.5    2.5   -    -     0.67
 28  72   0  62 0.027       5    0.71    0.70    0.03     1.3     0.5    2.0   -    -     0.68
 28  72   0  64 0.021       5    0.71    0.70    0.04     1.0     0.5    1.5   -    -     0.69
 20  80   0  76 0.011       3    0.73    0.73    0.02     0.5     0.5    0.5   -    -     0.70
 16  84   0  80 0.008       2    0.74    0.73    0.02     0.4     0.5    0.5   -    -     0.71
 14  86   0  82 0.007       2    0.74    0.74    0.01     0.3     0.5    0.5   -    -     0.72
 12  88   0  84 0.006       2    0.74    0.74    0.02     0.3     0.5    0.5   -    -     0.73
  8  92   0  92 0.002       1    0.76    0.76    0.01     0.1     0.5    0.5   -    -     0.74
  0 100   0  94 0.002       1    0.77    0.77    0.01     0.1     0.5    0.5   -    -     0.75
  0 100   0  96 0.001       1    0.77    0.77    0.00     0.0     0.5    0.5   -    -     0.76
  0 100   0  96 0.001       1    0.77    0.77    0.00     0.0     0.5    0.5   -    -     0.77
  0 100   0 100 0.000       1    0.00    0.00    0.00     0.0     0.5    0.5   -    -     0.78
  0 100   0 100 0.000       1    0.00    0.00    0.00     0.0     0.5    0.5   -    -     0.79
  0 100   0 100 0.000       1    0.00    0.00    0.00     0.0     0.5    0.5   -    -     0.80
  0 100   0 100 0.000       1    0.00    0.00    0.00     0.0     0.5    0.5   -    -     0.81
  0 100   0 100 0.000       1    0.00    0.00    0.00     0.0     0.5    0.5   -    -     0.82
  0 100   0 100 0.000       1    0.00    0.00    0.00     0.0     0.5    0.5   -    -     0.83
  0 100   0 100 0.000       1    0.00    0.00    0.00     0.0     0.5    0.5   -    -     0.84
  0 100   0 100 0.000       1    0.00    0.00    0.00     0.0     0.5    0.5   -    -     0.85
  0 100   0 100 0.000       1    0.00    0.00    0.00     0.0     0.5    0.5   -    -     0.86
  0 100   0 100 0.000       1    0.00    0.00    0.00     0.0     0.5    0.5   -    -     0.87
  0 100   0 100 0.000       1    0.00    0.00    0.00     0.0     0.5    0.5   -    -     0.88
  0 100   0 100 0.000       1    0.00    0.00    0.00     0.0     0.5    0.5   -    -     0.89
  0 100   0 100 0.000       1    0.00    0.00    0.00     0.0     0.5    0.5   -    -     0.90
  0 100   0 100 0.000       1    0.00    0.00    0.00     0.0     0.5    0.5   -    -     0.91
  0 100   0 100 0.000       1    0.00    0.00    0.00     0.0     0.5    0.5   -    -     0.92
  0 100   0 100 0.000       1    0.00    0.00    0.00     0.0     0.5    0.5   -    -     0.93
  0 100   0 100 0.000       1    0.00    0.00    0.00     0.0     0.5    0.5   -    -     0.94
  0 100   0 100 0.000       1    0.00    0.00    0.00     0.0     0.5    0.5   -    -     0.95
  0 100   0 100 0.000       1    0.00    0.00    0.00     0.0     0.5    0.5   -    -     0.96
  0 100   0 100 0.000       1    0.00    0.00    0.00     0.0     0.5    0.5   -    -     0.97
  0 100   0 100 0.000       1    0.00    0.00    0.00     0.0     0.5    0.5   -    -     0.98
  0 100   0 100 0.000       1    0.00    0.00    0.00     0.0     0.5    0.5   -    -     0.99
---------------------------------------------------------------------------------------------
