1.0000 0.9999 0.8394 0.8394 0.8394 0.8394 0.9995 0.9999 0.8371 0.8394 0.9999 0.9999 0.9997 0.8394 0.8394 0.9991 0.9999 0.9995 0.9999 0.8394 0.9999 0.8394 0.9995 0.8394 0.8394 0.9999 0.8394 0.9995 0.9998 0.9999 0.9999 0.9999 0.8394 1.0000 0.8382 1.0000 0.9994 1.0000 0.8394 0.9999 0.8394 0.8394 0.8394 0.8394 0.9999 0.8394 0.8394 0.8394 0.8394 0.9999
0.9999 1.0000 0.8394 0.8394 0.8394 0.8394 0.9995 0.9999 0.8371 0.8394 0.9999 0.9998 0.9997 0.8394 0.8394 0.9991 0.9999 0.9995 0.9999 0.8394 0.9998 0.8394 0.9996 0.8394 0.8394 0.9998 0.8394 0.9995 0.9997 0.9998 0.9999 0.9998 0.8394 0.9998 0.8382 0.9999 0.9994 0.9999 0.8394 0.9999 0.8394 0.8394 0.8394 0.8394 0.9998 0.8394 0.8394 0.8394 0.8394 0.9999
0.8394 0.8394 1.0000 0.9999 0.9999 0.9999 0.8394 0.8394 0.7761 0.9997 0.8394 0.8394 0.8394 1.0000 1.0000 0.8400 0.8394 0.8394 0.8394 1.0000 0.8394 0.9998 0.8394 1.0000 0.9998 0.8394 0.9996 0.8394 0.8394 0.8394 0.8394 0.8394 1.0000 0.8394 0.7726 0.8394 0.8393 0.8394 0.9999 0.8394 0.9998 0.9997 0.9999 1.0000 0.8394 0.9997 0.9998 0.9999 0.9998 0.8394
0.8394 0.8394 0.9999 1.0000 1.0000 0.9999 0.8394 0.8394 0.7761 0.9998 0.8394 0.8394 0.8394 0.9998 0.9999 0.8400 0.8394 0.8394 0.8394 0.9999 0.8394 1.0000 0.8394 0.9999 0.9999 0.8394 0.9997 0.8395 0.8394 0.8394 0.8394 0.8394 0.9998 0.8394 0.7725 0.8394 0.8393 0.8394 0.9998 0.8394 1.0000 0.9998 0.9997 0.9998 0.8394 0.9998 1.0000 0.9997 1.0000 0.8394
0.8394 0.8394 0.9999 1.0000 1.0000 1.0000 0.8394 0.8394 0.7761 0.9998 0.8394 0.8394 0.8394 0.9999 0.9999 0.8400 0.8394 0.8394 0.8394 0.9999 0.8394 0.9999 0.8394 0.9999 0.9999 0.8394 0.9997 0.8395 0.8394 0.8394 0.8394 0.8394 0.9999 0.8394 0.7725 0.8394 0.8393 0.8394 0.9998 0.8394 0.9999 0.9998 0.9998 0.9999 0.8394 0.9998 0.9999 0.9998 1.0000 0.8394
0.8394 0.8394 0.9999 0.9999 1.0000 1.0000 0.8394 0.8394 0.7761 0.9998 0.8394 0.8394 0.8394 0.9999 0.9999 0.8400 0.8394 0.8394 0.8394 0.9999 0.8394 0.9999 0.8394 1.0000 0.9999 0.8394 0.9997 0.8394 0.8394 0.8394 0.8394 0.8394 0.9999 0.8394 0.7725 0.8394 0.8393 0.8394 0.9998 0.8394 0.9999 0.9998 0.9998 0.9999 0.8394 0.9998 0.9999 0.9998 0.9999 0.8394
0.9995 0.9995 0.8394 0.8394 0.8394 0.8394 1.0000 0.9995 0.8371 0.8394 0.9996 0.9995 0.9998 0.8394 0.8394 0.9992 0.9995 0.9999 0.9996 0.8394 0.9996 0.8394 0.9999 0.8394 0.8394 0.9995 0.8394 0.9998 0.9994 0.9995 0.9996 0.9995 0.8394 0.9995 0.8382 0.9995 0.9997 0.9995 0.8394 0.9995 0.8394 0.8394 0.8394 0.8394 0.9995 0.8394 0.8394 0.8394 0.8394 0.9996
0.9999 0.9999 0.8394 0.8394 0.8394 0.8394 0.9995 1.0000 0.8371 0.8394 0.9999 0.9999 0.9997 0.8394 0.8394 0.9991 0.9999 0.9995 0.9998 0.8394 0.9999 0.8394 0.9995 0.8394 0.8394 0.9999 0.8394 0.9995 0.9997 0.9999 0.9999 0.9999 0.8394 0.9999 0.8382 0.9999 0.9994 0.9999 0.8394 0.9999 0.8394 0.8394 0.8394 0.8394 0.9999 0.8394 0.8394 0.8394 0.8394 0.9999
0.8371 0.8371 0.7761 0.7761 0.7761 0.7761 0.8371 0.8371 1.0000 0.7761 0.8371 0.8371 0.8371 0.7761 0.7761 0.8372 0.8371 0.8371 0.8371 0.7761 0.8371 0.7761 0.8371 0.7761 0.7761 0.8371 0.7761 0.8372 0.8370 0.8371 0.8371 0.8371 0.7761 0.8371 0.7771 0.8371 0.8371 0.8371 0.7761 0.8371 0.7761 0.7761 0.7761 0.7761 0.8371 0.7761 0.7761 0.7761 0.7761 0.8371
0.8394 0.8394 0.9997 0.9998 0.9998 0.9998 0.8394 0.8394 0.7761 1.0000 0.8394 0.8394 0.8394 0.9997 0.9997 0.8400 0.8394 0.8394 0.8394 0.9997 0.8394 0.9999 0.8394 0.9998 0.9999 0.8394 0.9998 0.8395 0.8394 0.8394 0.8394 0.8394 0.9997 0.8394 0.7725 0.8394 0.8394 0.8394 0.9996 0.8394 0.9999 1.0000 0.9996 0.9997 0.8394 1.0000 0.9999 0.9996 0.9999 0.8394
0.9999 0.9999 0.8394 0.8394 0.8394 0.8394 0.9996 0.9999 0.8371 0.8394 1.0000 0.9998 0.9997 0.8394 0.8394 0.9991 0.9999 0.9995 0.9999 0.8394 0.9999 0.8394 0.9996 0.8394 0.8394 0.9998 0.8394 0.9996 0.9997 0.9998 0.9999 0.9998 0.8394 0.9999 0.8382 0.9999 0.9994 0.9999 0.8394 0.9999 0.8394 0.8394 0.8394 0.8394 0.9999 0.8394 0.8394 0.8394 0.8394 0.9999
0.9999 0.9998 0.8394 0.8394 0.8394 0.8394 0.9995 0.9999 0.8371 0.8394 0.9998 1.0000 0.9997 0.8394 0.8394 0.9991 0.9999 0.9995 0.9998 0.8394 0.9999 0.8394 0.9995 0.8394 0.8394 0.9999 0.8394 0.9995 0.9998 0.9999 0.9999 0.9999 0.8394 0.9999 0.8383 0.9999 0.9994 0.9999 0.8394 0.9999 0.8394 0.8394 0.8394 0.8394 0.9999 0.8394 0.8394 0.8394 0.8394 0.9999
0.9997 0.9997 0.8394 0.8394 0.8394 0.8394 0.9998 0.9997 0.8371 0.8394 0.9997 0.9997 1.0000 0.8394 0.8394 0.9991 0.9996 0.9998 0.9997 0.8394 0.9997 0.8394 0.9998 0.8394 0.8394 0.9997 0.8394 0.9997 0.9995 0.9996 0.9997 0.9997 0.8394 0.9996 0.8382 0.9997 0.9997 0.9997 0.8394 0.9997 0.8394 0.8394 0.8394 0.8394 0.9997 0.8394 0.8394 0.8394 0.8394 0.9997
0.8394 0.8394 1.0000 0.9998 0.9999 0.9999 0.8394 0.8394 0.7761 0.9997 0.8394 0.8394 0.8394 1.0000 1.0000 0.8400 0.8394 0.8394 0.8394 1.0000 0.8394 0.9998 0.8394 0.9999 0.9998 0.8394 0.9996 0.8394 0.8394 0.8394 0.8394 0.8394 1.0000 0.8394 0.7726 0.8394 0.8393 0.8394 0.9999 0.8394 0.9998 0.9997 0.9999 1.0000 0.8394 0.9997 0.9998 0.9999 0.9998 0.8394
0.8394 0.8394 1.0000 0.9999 0.9999 0.9999 0.8394 0.8394 0.7761 0.9997 0.8394 0.8394 0.8394 1.0000 1.0000 0.8400 0.8394 0.8394 0.8394 1.0000 0.8394 0.9998 0.8394 0.9999 0.9998 0.8394 0.9996 0.8394 0.8394 0.8394 0.8394 0.8394 1.0000 0.8394 0.7726 0.8394 0.8393 0.8394 0.9999 0.8394 0.9998 0.9997 0.9999 1.0000 0.8394 0.9997 0.9998 0.9999 0.9998 0.8394
0.9991 0.9991 0.8400 0.8400 0.8400 0.8400 0.9992 0.9991 0.8372 0.8400 0.9991 0.9991 0.9991 0.8400 0.8400 1.0000 0.9991 0.9992 0.9991 0.8400 0.9991 0.8400 0.9992 0.8400 0.8400 0.9991 0.8400 0.9993 0.9991 0.9991 0.9991 0.9991 0.8400 0.9991 0.8382 0.9991 0.9990 0.9991 0.8400 0.9991 0.8400 0.8400 0.8400 0.8400 0.9991 0.8400 0.8400 0.8400 0.8400 0.9991
0.9999 0.9999 0.8394 0.8394 0.8394 0.8394 0.9995 0.9999 0.8371 0.8394 0.9999 0.9999 0.9996 0.8394 0.8394 0.9991 1.0000 0.9995 0.9999 0.8394 0.9998 0.8394 0.9995 0.8394 0.8394 0.9999 0.8394 0.9995 0.9998 0.9999 0.9999 0.9998 0.8394 0.9999 0.8382 0.9999 0.9994 0.9999 0.8394 0.9999 0.8394 0.8394 0.8394 0.8394 0.9999 0.8394 0.8394 0.8394 0.8394 0.9999
0.9995 0.9995 0.8394 0.8394 0.8394 0.8394 0.9999 0.9995 0.8371 0.8394 0.9995 0.9995 0.9998 0.8394 0.8394 0.9992 0.9995 1.0000 0.9995 0.8394 0.9996 0.8394 0.9998 0.8394 0.8394 0.9995 0.8394 0.9997 0.9993 0.9995 0.9995 0.9995 0.8394 0.9995 0.8383 0.9995 0.9998 0.9995 0.8394 0.9995 0.8394 0.8394 0.8394 0.8394 0.9995 0.8394 0.8394 0.8394 0.8394 0.9995
0.9999 0.9999 0.8394 0.8394 0.8394 0.8394 0.9996 0.9998 0.8371 0.8394 0.9999 0.9998 0.9997 0.8394 0.8394 0.9991 0.9999 0.9995 1.0000 0.8394 0.9998 0.8394 0.9996 0.8394 0.8394 0.9998 0.8394 0.9996 0.9997 0.9998 0.9999 0.9998 0.8394 0.9998 0.8382 0.9999 0.9994 0.9998 0.8394 0.9999 0.8394 0.8394 0.8394 0.8394 0.9998 0.8394 0.8394 0.8394 0.8394 0.9999
0.8394 0.8394 1.0000 0.9999 0.9999 0.9999 0.8394 0.8394 0.7761 0.9997 0.8394 0.8394 0.8394 1.0000 1.0000 0.8400 0.8394 0.8394 0.8394 1.0000 0.8394 0.9998 0.8394 0.9999 0.9998 0.8394 0.9996 0.8394 0.8394 0.8394 0.8394 0.8394 1.0000 0.8394 0.7726 0.8394 0.8393 0.8394 0.9999 0.8394 0.9998 0.9997 0.9999 1.0000 0.8394 0.9997 0.9998 0.9999 0.9998 0.8394
0.9999 0.9998 0.8394 0.8394 0.8394 0.8394 0.9996 0.9999 0.8371 0.8394 0.9999 0.9999 0.9997 0.8394 0.8394 0.9991 0.9998 0.9996 0.9998 0.8394 1.0000 0.8394 0.9996 0.8394 0.8394 0.9999 0.8394 0.9995 0.9997 0.9998 0.9999 0.9999 0.8394 0.9998 0.8382 0.9999 0.9995 0.9999 0.8394 0.9999 0.8394 0.8394 0.8394 0.8394 0.9999 0.8394 0.8394 0.8394 0.8394 0.9999
0.8394 0.8394 0.9998 1.0000 0.9999 0.9999 0.8394 0.8394 0.7761 0.9999 0.8394 0.8394 0.8394 0.9998 0.9998 0.8400 0.8394 0.8394 0.8394 0.9998 0.8394 1.0000 0.8394 0.9999 1.0000 0.8394 0.9998 0.8395 0.8394 0.8394 0.8394 0.8394 0.9998 0.8394 0.7725 0.8394 0.8393 0.8394 0.9997 0.8394 1.0000 0.9999 0.9997 0.9998 0.8394 0.9999 1.0000 0.9997 1.0000 0.8394
0.9995 0.9996 0.8394 0.8394 0.8394 0.8394 0.9999 0.9995 0.8371 0.8394 0.9996 0.9995 0.9998 0.8394 0.8394 0.9992 0.9995 0.9998 0.9996 0.8394 0.9996 0.8394 1.0000 0.8394 0.8394 0.9995 0.8394 0.9999 0.9994 0.9995 0.9996 0.9995 0.8394 0.9995 0.8382 0.9995 0.9996 0.9995 0.8394 0.9996 0.8394 0.8394 0.8394 0.8394 0.9995 0.8394 0.8394 0.8394 0.8394 0.9996
0.8394 0.8394 1.0000 0.9999 0.9999 1.0000 0.8394 0.8394 0.7761 0.9998 0.8394 0.8394 0.8394 0.9999 0.9999 0.8400 0.8394 0.8394 0.8394 0.9999 0.8394 0.9999 0.8394 1.0000 0.9999 0.8394 0.9996 0.8394 0.8394 0.8394 0.8394 0.8394 0.9999 0.8394 0.7725 0.8394 0.8393 0.8394 0.9999 0.8394 0.9999 0.9997 0.9998 0.9999 0.8394 0.9997 0.9999 0.9998 0.9999 0.8394
0.8394 0.8394 0.9998 0.9999 0.9999 0.9999 0.8394 0.8394 0.7761 0.9999 0.8394 0.8394 0.8394 0.9998 0.9998 0.8400 0.8394 0.8394 0.8394 0.9998 0.8394 1.0000 0.8394 0.9999 1.0000 0.8394 0.9998 0.8395 0.8394 0.8394 0.8394 0.8394 0.9998 0.8394 0.7725 0.8394 0.8393 0.8394 0.9997 0.8394 1.0000 0.9999 0.9997 0.9998 0.8394 0.9999 1.0000 0.9997 1.0000 0.8394
0.9999 0.9998 0.8394 0.8394 0.8394 0.8394 0.9995 0.9999 0.8371 0.8394 0.9998 0.9999 0.9997 0.8394 0.8394 0.9991 0.9999 0.9995 0.9998 0.8394 0.9999 0.8394 0.9995 0.8394 0.8394 1.0000 0.8394 0.9995 0.9998 0.9999 0.9999 0.9999 0.8394 0.9999 0.8383 0.9999 0.9994 0.9999 0.8394 0.9999 0.8394 0.8394 0.8393 0.8394 0.9999 0.8394 0.8394 0.8393 0.8394 0.9999
0.8394 0.8394 0.9996 0.9997 0.9997 0.9997 0.8394 0.8394 0.7761 0.9998 0.8394 0.8394 0.8394 0.9996 0.9996 0.8400 0.8394 0.8394 0.8394 0.9996 0.8394 0.9998 0.8394 0.9996 0.9998 0.8394 1.0000 0.8395 0.8394 0.8394 0.8394 0.8394 0.9996 0.8394 0.7725 0.8394 0.8394 0.8394 0.9995 0.8394 0.9997 0.9998 0.9995 0.9996 0.8394 0.9998 0.9997 0.9995 0.9997 0.8394
0.9995 0.9995 0.8394 0.8395 0.8395 0.8394 0.9998 0.9995 0.8372 0.8395 0.9996 0.9995 0.9997 0.8394 0.8394 0.9993 0.9995 0.9997 0.9996 0.8394 0.9995 0.8395 0.9999 0.8394 0.8395 0.9995 0.8395 1.0000 0.9993 0.9995 0.9995 0.9995 0.8394 0.9995 0.8382 0.9995 0.9995 0.9995 0.8394 0.9995 0.8395 0.8395 0.8394 0.8394 0.9995 0.8395 0.8395 0.8394 0.8395 0.9995
0.9998 0.9997 0.8394 0.8394 0.8394 0.8394 0.9994 0.9997 0.8370 0.8394 0.9997 0.9998 0.9995 0.8394 0.8394 0.9991 0.9998 0.9993 0.9997 0.8394 0.9997 0.8394 0.9994 0.8394 0.8394 0.9998 0.8394 0.9993 1.0000 0.9998 0.9997 0.9997 0.8394 0.9998 0.8383 0.9998 0.9993 0.9998 0.8394 0.9997 0.8394 0.8394 0.8394 0.8394 0.9998 0.8394 0.8394 0.8394 0.8394 0.9997
0.9999 0.9998 0.8394 0.8394 0.8394 0.8394 0.9995 0.9999 0.8371 0.8394 0.9998 0.9999 0.9996 0.8394 0.8394 0.9991 0.9999 0.9995 0.9998 0.8394 0.9998 0.8394 0.9995 0.8394 0.8394 0.9999 0.8394 0.9995 0.9998 1.0000 0.9999 0.9998 0.8394 0.9999 0.8382 0.9999 0.9993 0.9999 0.8394 0.9999 0.8394 0.8394 0.8394 0.8394 0.9999 0.8394 0.8394 0.8394 0.8394 0.9999
0.9999 0.9999 0.8394 0.8394 0.8394 0.8394 0.9996 0.9999 0.8371 0.8394 0.9999 0.9999 0.9997 0.8394 0.8394 0.9991 0.9999 0.9995 0.9999 0.8394 0.9999 0.8394 0.9996 0.8394 0.8394 0.9999 0.8394 0.9995 0.9997 0.9999 1.0000 0.9999 0.8394 0.9999 0.8382 0.9999 0.9994 0.9999 0.8394 1.0000 0.8394 0.8394 0.8394 0.8394 0.9999 0.8394 0.8394 0.8394 0.8394 0.9999
0.9999 0.9998 0.8394 0.8394 0.8394 0.8394 0.9995 0.9999 0.8371 0.8394 0.9998 0.9999 0.9997 0.8394 0.8394 0.9991 0.9998 0.9995 0.9998 0.8394 0.9999 0.8394 0.9995 0.8394 0.8394 0.9999 0.8394 0.9995 0.9997 0.9998 0.9999 1.0000 0.8394 0.9999 0.8383 0.9999 0.9995 0.9999 0.8393 0.9999 0.8394 0.8394 0.8393 0.8394 0.9999 0.8394 0.8394 0.8393 0.8394 0.9999
0.8394 0.8394 1.0000 0.9998 0.9999 0.9999 0.8394 0.8394 0.7761 0.9997 0.8394 0.8394 0.8394 1.0000 1.0000 0.8400 0.8394 0.8394 0.8394 1.0000 0.8394 0.9998 0.8394 0.9999 0.9998 0.8394 0.9996 0.8394 0.8394 0.8394 0.8394 0.8394 1.0000 0.8394 0.7726 0.8394 0.8393 0.8394 0.9999 0.8394 0.9998 0.9996 0.9999 1.0000 0.8394 0.9996 0.9998 0.9999 0.9998 0.8394
1.0000 0.9998 0.8394 0.8394 0.8394 0.8394 0.9995 0.9999 0.8371 0.8394 0.9999 0.9999 0.9996 0.8394 0.8394 0.9991 0.9999 0.9995 0.9998 0.8394 0.9998 0.8394 0.9995 0.8394 0.8394 0.9999 0.8394 0.9995 0.9998 0.9999 0.9999 0.9999 0.8394 1.0000 0.8382 1.0000 0.9994 1.0000 0.8394 0.9999 0.8394 0.8394 0.8394 0.8394 0.9999 0.8394 0.8394 0.8394 0.8394 0.9999
0.8382 0.8382 0.7726 0.7725 0.7725 0.7725 0.8382 0.8382 0.7771 0.7725 0.8382 0.8383 0.8382 0.7726 0.7726 0.8382 0.8382 0.8383 0.8382 0.7726 0.8382 0.7725 0.8382 0.7725 0.7725 0.8383 0.7725 0.8382 0.8383 0.8382 0.8382 0.8383 0.7726 0.8382 1.0000 0.8382 0.8383 0.8382 0.7726 0.8382 0.7725 0.7725 0.7726 0.7726 0.8382 0.7725 0.7725 0.7726 0.7725 0.8382
1.0000 0.9999 0.8394 0.8394 0.8394 0.8394 0.9995 0.9999 0.8371 0.8394 0.9999 0.9999 0.9997 0.8394 0.8394 0.9991 0.9999 0.9995 0.9999 0.8394 0.9999 0.8394 0.9995 0.8394 0.8394 0.9999 0.8394 0.9995 0.9998 0.9999 0.9999 0.9999 0.8394 1.0000 0.8382 1.0000 0.9994 1.0000 0.8394 0.9999 0.8394 0.8394 0.8394 0.8394 0.9999 0.8394 0.8394 0.8394 0.8394 0.9999
0.9994 0.9994 0.8393 0.8393 0.8393 0.8393 0.9997 0.9994 0.8371 0.8394 0.9994 0.9994 0.9997 0.8393 0.8393 0.9990 0.9994 0.9998 0.9994 0.8393 0.9995 0.8393 0.9996 0.8393 0.8393 0.9994 0.8394 0.9995 0.9993 0.9993 0.9994 0.9995 0.8393 0.9994 0.8383 0.9994 1.0000 0.9994 0.8393 0.9994 0.8393 0.8394 0.8393 0.8393 0.9994 0.8394 0.8393 0.8393 0.8393 0.9994
1.0000 0.9999 0.8394 0.8394 0.8394 0.8394 0.9995 0.9999 0.8371 0.8394 0.9999 0.9999 0.9997 0.8394 0.8394 0.9991 0.9999 0.9995 0.9998 0.8394 0.9999 0.8394 0.9995 0.8394 0.8394 0.9999 0.8394 0.9995 0.9998 0.9999 0.9999 0.9999 0.8394 1.0000 0.8382 1.0000 0.9994 1.0000 0.8394 0.9999 0.8394 0.8394 0.8394 0.8394 1.0000 0.8394 0.8394 0.8394 0.8394 0.9999
0.8394 0.8394 0.9999 0.9998 0.9998 0.9998 0.8394 0.8394 0.7761 0.9996 0.8394 0.8394 0.8394 0.9999 0.9999 0.8400 0.8394 0.8394 0.8394 0.9999 0.8394 0.9997 0.8394 0.9999 0.9997 0.8394 0.9995 0.8394 0.8394 0.8394 0.8394 0.8393 0.9999 0.8394 0.7726 0.8394 0.8393 0.8394 1.0000 0.8394 0.9997 0.9996 1.0000 0.9999 0.8394 0.9996 0.9997 1.0000 0.9998 0.8394
0.9999 0.9999 0.8394 0.8394 0.8394 0.8394 0.9995 0.9999 0.8371 0.8394 0.9999 0.9999 0.9997 0.8394 0.8394 0.9991 0.9999 0.9995 0.9999 0.8394 0.9999 0.8394 0.9996 0.8394 0.8394 0.9999 0.8394 0.9995 0.9997 0.9999 1.0000 0.9999 0.8394 0.9999 0.8382 0.9999 0.9994 0.9999 0.8394 1.0000 0.8394 0.8394 0.8394 0.8394 0.9999 0.8394 0.8394 0.8394 0.8394 0.9999
0.8394 0.8394 0.9998 1.0000 0.9999 0.9999 0.8394 0.8394 0.7761 0.9999 0.8394 0.8394 0.8394 0.9998 0.9998 0.8400 0.8394 0.8394 0.8394 0.9998 0.8394 1.0000 0.8394 0.9999 1.0000 0.8394 0.9997 0.8395 0.8394 0.8394 0.8394 0.8394 0.9998 0.8394 0.7725 0.8394 0.8393 0.8394 0.9997 0.8394 1.0000 0.9999 0.9997 0.9998 0.8394 0.9999 1.0000 0.9997 1.0000 0.8394
0.8394 0.8394 0.9997 0.9998 0.9998 0.9998 0.8394 0.8394 0.7761 1.0000 0.8394 0.8394 0.8394 0.9997 0.9997 0.8400 0.8394 0.8394 0.8394 0.9997 0.8394 0.9999 0.8394 0.9997 0.9999 0.8394 0.9998 0.8395 0.8394 0.8394 0.8394 0.8394 0.9996 0.8394 0.7725 0.8394 0.8394 0.8394 0.9996 0.8394 0.9999 1.0000 0.9996 0.9996 0.8394 1.0000 0.9998 0.9996 0.9998 0.8394
0.8394 0.8394 0.9999 0.9997 0.9998 0.9998 0.8394 0.8394 0.7761 0.9996 0.8394 0.8394 0.8394 0.9999 0.9999 0.8400 0.8394 0.8394 0.8394 0.9999 0.8394 0.9997 0.8394 0.9998 0.9997 0.8393 0.9995 0.8394 0.8394 0.8394 0.8394 0.8393 0.9999 0.8394 0.7726 0.8394 0.8393 0.8394 1.0000 0.8394 0.9997 0.9996 1.0000 0.9999 0.8394 0.9996 0.9997 1.0000 0.9997 0.8393
0.8394 0.8394 1.0000 0.9998 0.9999 0.9999 0.8394 0.8394 0.7761 0.9997 0.8394 0.8394 0.8394 1.0000 1.0000 0.8400 0.8394 0.8394 0.8394 1.0000 0.8394 0.9998 0.8394 0.9999 0.9998 0.8394 0.9996 0.8394 0.8394 0.8394 0.8394 0.8394 1.0000 0.8394 0.7726 0.8394 0.8393 0.8394 0.9999 0.8394 0.9998 0.9996 0.9999 1.0000 0.8394 0.9996 0.9998 0.9999 0.9998 0.8394
0.9999 0.9998 0.8394 0.8394 0.8394 0.8394 0.9995 0.9999 0.8371 0.8394 0.9999 0.9999 0.9997 0.8394 0.8394 0.9991 0.9999 0.9995 0.9998 0.8394 0.9999 0.8394 0.9995 0.8394 0.8394 0.9999 0.8394 0.9995 0.9998 0.9999 0.9999 0.9999 0.8394 0.9999 0.8382 0.9999 0.9994 1.0000 0.8394 0.9999 0.8394 0.8394 0.8394 0.8394 1.0000 0.8394 0.8394 0.8394 0.8394 0.9999
0.8394 0.8394 0.9997 0.9998 0.9998 0.9998 0.8394 0.8394 0.7761 1.0000 0.8394 0.8394 0.8394 0.9997 0.9997 0.8400 0.8394 0.8394 0.8394 0.9997 0.8394 0.9999 0.8394 0.9997 0.9999 0.8394 0.9998 0.8395 0.8394 0.8394 0.8394 0.8394 0.9996 0.8394 0.7725 0.8394 0.8394 0.8394 0.9996 0.8394 0.9999 1.0000 0.9996 0.9996 0.8394 1.0000 0.9998 0.9996 0.9998 0.8394
0.8394 0.8394 0.9998 1.0000 0.9999 0.9999 0.8394 0.8394 0.7761 0.9999 0.8394 0.8394 0.8394 0.9998 0.9998 0.8400 0.8394 0.8394 0.8394 0.9998 0.8394 1.0000 0.8394 0.9999 1.0000 0.8394 0.9997 0.8395 0.8394 0.8394 0.8394 0.8394 0.9998 0.8394 0.7725 0.8394 0.8393 0.8394 0.9997 0.8394 1.0000 0.9998 0.9997 0.9998 0.8394 0.9998 1.0000 0.9997 1.0000 0.8394
0.8394 0.8394 0.9999 0.9997 0.9998 0.9998 0.8394 0.8394 0.7761 0.9996 0.8394 0.8394 0.8394 0.9999 0.9999 0.8400 0.8394 0.8394 0.8394 0.9999 0.8394 0.9997 0.8394 0.9998 0.9997 0.8393 0.9995 0.8394 0.8394 0.8394 0.8394 0.8393 0.9999 0.8394 0.7726 0.8394 0.8393 0.8394 1.0000 0.8394 0.9997 0.9996 1.0000 0.9999 0.8394 0.9996 0.9997 1.0000 0.9997 0.8393
0.8394 0.8394 0.9998 1.0000 1.0000 0.9999 0.8394 0.8394 0.7761 0.9999 0.8394 0.8394 0.8394 0.9998 0.9998 0.8400 0.8394 0.8394 0.8394 0.9998 0.8394 1.0000 0.8394 0.9999 1.0000 0.8394 0.9997 0.8395 0.8394 0.8394 0.8394 0.8394 0.9998 0.8394 0.7725 0.8394 0.8393 0.8394 0.9998 0.8394 1.0000 0.9998 0.9997 0.9998 0.8394 0.9998 1.0000 0.9997 1.0000 0.8394
0.9999 0.9999 0.8394 0.8394 0.8394 0.8394 0.9996 0.9999 0.8371 0.8394 0.9999 0.9999 0.9997 0.8394 0.8394 0.9991 0.9999 0.9995 0.9999 0.8394 0.9999 0.8394 0.9996 0.8394 0.8394 0.9999 0.8394 0.9995 0.9997 0.9999 0.9999 0.9999 0.8394 0.9999 0.8382 0.9999 0.9994 0.9999 0.8394 0.9999 0.8394 0.8394 0.8393 0.8394 0.9999 0.8394 0.8394 0.8393 0.8394 1.0000
