-------------------------------------------------------------------------------
 L       Percentage of nodes in the largest component
 D       Percentage of nodes in components of size at most 3 [-div option]
 R       Percentage of nodes not in L or D: 100 - L -D
 S       Percentage of nodes that are singletons
 E       Fraction of edges retained (input graph has 2450)
 cce     Expected size of component, nodewise [ sum(sz^2) / sum^2(sz) ]
 EW      Edge weight traits (mean, median and IQR)
 ND      Node degree traits [mean, median and IQR]
 CCF     Clustering coefficient (scale 1-100)
 eff     Induced component efficiency relative to start graph (scale 1-1000)
Total number of nodes: 50
----------------------------------------------------------------------------------------------
  L   D   R   S     E     cce  EWmean   EWmed   EWiqr  NDmean   NDmed  NDiqr CCF  eff  Cutoff 
----------------------------------------------------------------------------------------------
100   0   0   0 1.000      50    0.66    0.65    0.10    49.0    49.5    0.5   -    -     0.50
100   0   0   0 0.998      50    0.66    0.65    0.10    48.9    49.5    0.5   -    -     0.51
100   0   0   0 0.992      50    0.66    0.65    0.10    48.6    49.5    0.5   -    -     0.52
100   0   0   0 0.980      50    0.66    0.65    0.10    48.0    49.5    2.5   -    -     0.53
100   0   0   0 0.963      50    0.67    0.66    0.10    47.2    49.5    2.5   -    -     0.54
100   0   0   0 0.942      50    0.67    0.66    0.10    46.2    48.5    5.5   -    -     0.55
100   0   0   0 0.920      50    0.67    0.66    0.09    45.1    47.5    7.5   -    -     0.56
100   0   0   0 0.893      50    0.67    0.66    0.09    43.8    46.5    8.5   -    -     0.57
100   0   0   0 0.856      50    0.68    0.66    0.09    42.0    44.5   10.0   -    -     0.58
100   0   0   0 0.815      50    0.68    0.67    0.09    39.9    42.5   11.0   -    -     0.59
100   0   0   0 0.773      50    0.69    0.67    0.08    37.9    40.5   11.5   -    -     0.60
100   0   0   0 0.725      50    0.69    0.68    0.08    35.5    38.5   11.5   -    -     0.61
100   0   0   0 0.678      50    0.70    0.68    0.08    33.2    36.5   12.0   -    -     0.62
100   0   0   0 0.629      50    0.70    0.69    0.08    30.8    33.5   13.0   -    -     0.63
100   0   0   0 0.569      50    0.71    0.69    0.08    27.9    29.5   11.5   -    -     0.64
100   0   0   0 0.506      50    0.72    0.70    0.07    24.8    25.5   13.5   -    -     0.65
 98   2   0   2 0.443      48    0.73    0.71    0.07    21.7    22.5   11.0   -    -     0.66
 98   2   0   2 0.401      48    0.74    0.72    0.07    19.6    19.5   12.0   -    -     0.67
 98   2   0   2 0.357      48    0.74    0.73    0.07    17.5    17.5   11.0   -    -     0.68
 98   2   0   2 0.309      48    0.75    0.73    0.06    15.1    15.5   10.0   -    -     0.69
 94   6   0   2 0.263      44    0.76    0.74    0.07    12.9    13.5    6.0   -    -     0.70
 94   6   0   2 0.238      44    0.77    0.75    0.07    11.6    12.5    7.0   -    -     0.71
 94   6   0   6 0.200      44    0.78    0.76    0.07     9.8    10.5    7.5   -    -     0.72
 88  12   0   8 0.170      39    0.79    0.77    0.06     8.3     9.5    7.0   -    -     0.73
 86  14   0  10 0.142      37    0.80    0.78    0.06     7.0     7.5    6.5   -    -     0.74
 86  14   0  10 0.121      37    0.81    0.79    0.06     5.9     5.5    6.5   -    -     0.75
 86  14   0  10 0.105      37    0.82    0.80    0.06     5.2     5.5    6.5   -    -     0.76
 62  18  20  10 0.086      21    0.83    0.81    0.05     4.2     4.5    4.0   -    -     0.77
 34  22  44  10 0.074      11    0.84    0.82    0.06     3.6     3.5    4.0   -    -     0.78
 34  24  42  16 0.065      11    0.85    0.82    0.06     3.2     3.5    4.5   -    -     0.79
 34  26  40  18 0.054      10    0.86    0.83    0.09     2.6     2.5    3.5   -    -     0.80
 18  42  40  24 0.043       5    0.87    0.84    0.10     2.1     2.5    3.5   -    -     0.81
 18  50  32  36 0.035       4    0.88    0.86    0.10     1.7     1.5    3.5   -    -     0.82
 16  54  30  40 0.029       4    0.90    0.88    0.09     1.4     1.5    3.0   -    -     0.83
 10  74  16  46 0.021       2    0.92    0.92    0.09     1.0     1.5    2.5   -    -     0.84
 10  74  16  50 0.020       2    0.92    0.92    0.08     1.0     0.5    2.5   -    -     0.85
  8  84   8  56 0.017       2    0.94    0.93    0.08     0.8     0.5    1.5   -    -     0.86
  8  84   8  60 0.016       2    0.94    0.93    0.06     0.8     0.5    1.5   -    -     0.87
  8  84   8  70 0.014       2    0.95    0.94    0.06     0.7     0.5    1.5   -    -     0.88
  8  84   8  70 0.014       2    0.95    0.94    0.06     0.7     0.5    1.5   -    -     0.89
  8  84   8  70 0.013       2    0.95    0.94    0.05     0.6     0.5    1.5   -    -     0.90
  8  84   8  70 0.012       2    0.96    0.94    0.05     0.6     0.5    1.5   -    -     0.91
  8  84   8  70 0.012       2    0.96    0.94    0.05     0.6     0.5    1.5   -    -     0.92
  8  84   8  78 0.010       2    0.97    0.97    0.05     0.5     0.5    0.5   -    -     0.93
  8  92   0  84 0.007       1    0.98    0.99    0.01     0.3     0.5    0.5   -    -     0.94
  8  92   0  88 0.006       1    0.99    0.99    0.01     0.3     0.5    0.5   -    -     0.95
  8  92   0  88 0.006       1    0.99    0.99    0.01     0.3     0.5    0.5   -    -     0.96
  8  92   0  92 0.005       1    0.99    0.99    0.01     0.2     0.5    0.5   -    -     0.97
  8  92   0  92 0.005       1    0.99    0.99    0.01     0.2     0.5    0.5   -    -     0.98
  0 100   0  94 0.002       1    1.00    0.99    0.00     0.1     0.5    0.5   -    -     0.99
---------------------------------------------------------------------------------------------
