-------------------------------------------------------------------------------
 L       Percentage of nodes in the largest component
 D       Percentage of nodes in components of size at most 3 [-div option]
 R       Percentage of nodes not in L or D: 100 - L -D
 S       Percentage of nodes that are singletons
 E       Fraction of edges retained (input graph has 2450)
 cce     Expected size of component, nodewise [ sum(sz^2) / sum^2(sz) ]
 EW      Edge weight traits (mean, median and IQR)
 ND      Node degree traits [mean, median and IQR]
 CCF     Clustering coefficient (scale 1-100)
 eff     Induced component efficiency relative to start graph (scale 1-1000)
Total number of nodes: 50
----------------------------------------------------------------------------------------------
  L   D   R   S     E     cce  EWmean   EWmed   EWiqr  NDmean   NDmed  NDiqr CCF  eff  Cutoff 
----------------------------------------------------------------------------------------------
 70   0  30   0 0.571      29    1.00    1.00    0.00    28.0    34.5   20.5   -    -     0.50
 70   0  30   0 0.571      29    1.00    1.00    0.00    28.0    34.5   20.5   -    -     0.51
 70   0  30   0 0.571      29    1.00    1.00    0.00    28.0    34.5   20.5   -    -     0.52
 70   0  30   0 0.571      29    1.00    1.00    0.00    28.0    34.5   20.5   -    -     0.53
 70   0  30   0 0.571      29    1.00    1.00    0.00    28.0    34.5   20.5   -    -     0.54
 70   0  30   0 0.571      29    1.00    1.00    0.00    28.0    34.5   20.5   -    -     0.55
 70   0  30   0 0.571      29    1.00    1.00    0.00    28.0    34.5   20.5   -    -     0.56
 70   0  30   0 0.571      29    1.00    1.00    0.00    28.0    34.5   20.5   -    -     0.57
 70   0  30   0 0.571      29    1.00    1.00    0.00    28.0    34.5   20.5   -    -     0.58
 70   0  30   0 0.571      29    1.00    1.00    0.00    28.0    34.5   20.5   -    -     0.59
 70   0  30   0 0.571      29    1.00    1.00    0.00    28.0    34.5   20.5   -    -     0.60
 70   0  30   0 0.571      29    1.00    1.00    0.00    28.0    34.5   20.5   -    -     0.61
 70   0  30   0 0.571      29    1.00    1.00    0.00    28.0    34.5   20.5   -    -     0.62
 70   0  30   0 0.571      29    1.00    1.00    0.00    28.0    34.5   20.5   -    -     0.63
 70   0  30   0 0.571      29    1.00    1.00    0.00    28.0    34.5   20.5   -    -     0.64
 70   0  30   0 0.571      29    1.00    1.00    0.00    28.0    34.5   20.5   -    -     0.65
 70   0  30   0 0.571      29    1.00    1.00    0.00    28.0    34.5   20.5   -    -     0.66
 70   0  30   0 0.571      29    1.00    1.00    0.00    28.0    34.5   20.5   -    -     0.67
 70   0  30   0 0.571      29    1.00    1.00    0.00    28.0    34.5   20.5   -    -     0.68
 70   0  30   0 0.571      29    1.00    1.00    0.00    28.0    34.5   20.5   -    -     0.69
 70   0  30   0 0.571      29    1.00    1.00    0.00    28.0    34.5   20.5   -    -     0.70
 70   0  30   0 0.571      29    1.00    1.00    0.00    28.0    34.5   20.5   -    -     0.71
 70   0  30   0 0.571      29    1.00    1.00    0.00    28.0    34.5   20.5   -    -     0.72
 70   0  30   0 0.571      29    1.00    1.00    0.00    28.0    34.5   20.5   -    -     0.73
 70   0  30   0 0.571      29    1.00    1.00    0.00    28.0    34.5   20.5   -    -     0.74
 70   0  30   0 0.571      29    1.00    1.00    0.00    28.0    34.5   20.5   -    -     0.75
 70   0  30   0 0.571      29    1.00    1.00    0.00    28.0    34.5   20.5   -    -     0.76
 70   0  30   0 0.571      29    1.00    1.00    0.00    28.0    34.5   20.5   -    -     0.77
 70   0  30   0 0.571      29    1.00    1.00    0.00    28.0    34.5   20.5   -    -     0.78
 70   0  30   0 0.571      29    1.00    1.00    0.00    28.0    34.5   20.5   -    -     0.79
 70   0  30   0 0.571      29    1.00    1.00    0.00    28.0    34.5   20.5   -    -     0.80
 70   0  30   0 0.571      29    1.00    1.00    0.00    28.0    34.5   20.5   -    -     0.81
 70   0  30   0 0.571      29    1.00    1.00    0.00    28.0    34.5   20.5   -    -     0.82
 70   0  30   0 0.571      29    1.00    1.00    0.00    28.0    34.5   20.5   -    -     0.83
 70   0  30   0 0.571      29    1.00    1.00    0.00    28.0    34.5   20.5   -    -     0.84
 70   0  30   0 0.571      29    1.00    1.00    0.00    28.0    34.5   20.5   -    -     0.85
 70   0  30   0 0.571      29    1.00    1.00    0.00    28.0    34.5   20.5   -    -     0.86
 70   0  30   0 0.571      29    1.00    1.00    0.00    28.0    34.5   20.5   -    -     0.87
 70   0  30   0 0.571      29    1.00    1.00    0.00    28.0    34.5   20.5   -    -     0.88
 70   0  30   0 0.571      29    1.00    1.00    0.00    28.0    34.5   20.5   -    -     0.89
 70   0  30   0 0.571      29    1.00    1.00    0.00    28.0    34.5   20.5   -    -     0.90
 70   0  30   0 0.571      29    1.00    1.00    0.00    28.0    34.5   20.5   -    -     0.91
 70   0  30   0 0.571      29    1.00    1.00    0.00    28.0    34.5   20.5   -    -     0.92
 70   0  30   0 0.571      29    1.00    1.00    0.00    28.0    34.5   20.5   -    -     0.93
 70   0  30   0 0.571      29    1.00    1.00    0.00    28.0    34.5   20.5   -    -     0.94
 70   0  30   0 0.571      29    1.00    1.00    0.00    28.0    34.5   20.5   -    -     0.95
 70   0  30   0 0.571      29    1.00    1.00    0.00    28.0    34.5   20.5   -    -     0.96
 70   0  30   0 0.571      29    1.00    1.00    0.00    28.0    34.5   20.5   -    -     0.97
 70   0  30   0 0.571      29    1.00    1.00    0.00    28.0    34.5   20.5   -    -     0.98
 70   0  30   0 0.571      29    1.00    1.00    0.00    28.0    34.5   20.5   -    -     0.99
---------------------------------------------------------------------------------------------
