1 1 (0) 1 : 0.00000000099999999894 0.00000000099999999894 0.00000000099999999894 0.00000000099999999894 0.00000000099999999894 0.00000000099999999894 0.99999998799999989529 0.00000000099999999894 0.00000000099999999894 0.00000000099999999894 0.00000000099999999894 0.00000000099999999894 0.00000000099999999894
2 2 (0) 1 : 0.14470020290728960455 0.00000000099999999961 0.00000000099999999961 0.00000000099999999961 0.00000000099999999961 0.10022082994941589051 0.16061767158412668111 0.00000000099999999961 0.00000000099999999961 0.00000000099999999961 0.00000000099999999961 0.21173023650599712142 0.38273105105317067887
3 3 (0) 1 : 0.00000000099999999921 0.00000000099999999921 0.00000000099999999921 0.00000000099999999921 0.00000000099999999921 0.99999998800000011734 0.00000000099999999921 0.00000000099999999921 0.00000000099999999921 0.00000000099999999921 0.00000000099999999921 0.00000000099999999921 0.00000000099999999921
4 4 (0) 1 : 0.00000000099999999951 0.00000000099999999951 0.00000000099999999951 0.00000000099999999951 0.00000000099999999951 0.61901772685371692084 0.00000000099999999951 0.00000000099999999951 0.00000000099999999951 0.00000000099999999951 0.00000000099999999951 0.00000000099999999951 0.38098226214628333475
5 5 (0) 1 : 0.00000000099999999944 0.00000000099999999944 0.00000000099999999944 0.00000000099999999944 0.00000000099999999944 0.00000000099999999944 0.00000000099999999944 0.00000000099999999944 0.00000000099999999944 0.00000000099999999944 0.00000000099999999944 0.00000000099999999944 0.99999998799999989529
6 6 (0) 1 : 0.00000000099999999917 0.00000000099999999917 0.00000000099999999917 0.00000000099999999917 0.00000000099999999917 0.99999998800000011734 0.00000000099999999917 0.00000000099999999917 0.00000000099999999917 0.00000000099999999917 0.00000000099999999917 0.00000000099999999917 0.00000000099999999917
7 7 (0) 2 : 0.00000000099999999910 0.00000000099999999910 0.00000000099999999910 0.00000000099999999910 0.00000000099999999910 0.00000000099999999910 0.00000000099999999910 0.00000000099999999910 0.00000000099999999910 0.00000000099999999910 0.00000000099999999910 0.00000000099999999910 0.99999998800000000632
8 8 (0) 2 : 0.00000000099999999940 0.00000000099999999940 0.00000000099999999940 0.00000000099999999940 0.00000000099999999940 0.99999998800000022836 0.00000000099999999940 0.00000000099999999940 0.00000000099999999940 0.00000000099999999940 0.00000000099999999940 0.00000000099999999940 0.00000000099999999940
9 9 (0) 2 : 0.01542261230107574120 0.00000000099999999996 0.07225837170634956397 0.00000000099999999996 0.00000000099999999996 0.02439687854262062583 0.13341677585447334065 0.00000000099999999996 0.00000000099999999996 0.00000000099999999996 0.00000000099999999996 0.39727380149684826671 0.35723155309863247053
10 10 (0) 2 : 0.00000000099999999918 0.00000000099999999918 0.00000000099999999918 0.00000000099999999918 0.00000000099999999918 0.00000000099999999918 0.00000000099999999918 0.00000000099999999918 0.00000000099999999918 0.00000000099999999918 0.00000000099999999918 0.00000000099999999918 0.99999998799999989529
11 11 (0) 2 : 0.00000000099999999885 0.00000000099999999885 0.00000000099999999885 0.00000000099999999885 0.00000000099999999885 0.99999998800000011734 0.00000000099999999885 0.00000000099999999885 0.00000000099999999885 0.00000000099999999885 0.00000000099999999885 0.00000000099999999885 0.00000000099999999885
12 12 (0) 2 : 0.00000000099999999912 0.00000000099999999912 0.00000000099999999912 0.00000000099999999912 0.00000000099999999912 0.54799710902400089463 0.00000000099999999912 0.00000000099999999912 0.00000000099999999912 0.00000000099999999912 0.00000000099999999912 0.00000000099999999912 0.45200287997599930545
13 13 (0) 2 : 0.15223553745984977348 0.00000000099999999972 0.00000000099999999972 0.00000000099999999972 0.00000000099999999972 0.84776445154015045436 0.00000000099999999972 0.00000000099999999972 0.00000000099999999972 0.00000000099999999972 0.00000000099999999972 0.00000000099999999972 0.00000000099999999972
14 14 (0) 3 : 0.00000000099999999937 0.00000000099999999937 0.00000000099999999937 0.99999998800000022836 0.00000000099999999937 0.00000000099999999937 0.00000000099999999937 0.00000000099999999937 0.00000000099999999937 0.00000000099999999937 0.00000000099999999937 0.00000000099999999937 0.00000000099999999937
15 15 (0) 3 : 0.00000000099999999940 0.00000000099999999940 0.00000000099999999940 0.00000000099999999940 0.99999998800000011734 0.00000000099999999940 0.00000000099999999940 0.00000000099999999940 0.00000000099999999940 0.00000000099999999940 0.00000000099999999940 0.00000000099999999940 0.00000000099999999940
16 16 (0) 3 : 0.00000000099999999904 0.00000000099999999904 0.00000000099999999904 0.00000000099999999904 0.00000000099999999904 0.00000000099999999904 0.00000000099999999904 0.00000000099999999904 0.99999998800000000632 0.00000000099999999904 0.00000000099999999904 0.00000000099999999904 0.00000000099999999904
17 17 (0) 3 : 0.00000000099999999941 0.00000000099999999941 0.99999998800000011734 0.00000000099999999941 0.00000000099999999941 0.00000000099999999941 0.00000000099999999941 0.00000000099999999941 0.00000000099999999941 0.00000000099999999941 0.00000000099999999941 0.00000000099999999941 0.00000000099999999941
18 18 (0) 3 : 0.00000000099999999907 0.00000000099999999907 0.00000000099999999907 0.00000000099999999907 0.00000000099999999907 0.00000000099999999907 0.00000000099999999907 0.00000000099999999907 0.99999998800000011734 0.00000000099999999907 0.00000000099999999907 0.00000000099999999907 0.00000000099999999907
19 19 (0) 3 : 0.00000000099999999927 0.00000000099999999927 0.99999998800000011734 0.00000000099999999927 0.00000000099999999927 0.00000000099999999927 0.00000000099999999927 0.00000000099999999927 0.00000000099999999927 0.00000000099999999927 0.00000000099999999927 0.00000000099999999927 0.00000000099999999927
20 20 (0) 3 : 0.00000000099999999926 0.00000000099999999926 0.00000000099999999926 0.00000000099999999926 0.00000000099999999926 0.00000000099999999926 0.00000000099999999926 0.00000000099999999926 0.00000000099999999926 0.00000000099999999926 0.99999998799999989529 0.00000000099999999926 0.00000000099999999926
21 21 (0) 3 : 0.00000000099999999946 0.00000000099999999946 0.00000000291972295894 0.58037229700437886759 0.30073590894585461308 0.00000000099999999946 0.00000000099999999946 0.00000000099999999946 0.11889178213004367168 0.00000000099999999946 0.00000000099999999946 0.00000000099999999946 0.00000000099999999946
22 22 (0) 3 : 0.00000000099999999924 0.00000000099999999924 0.00000000099999999924 0.00000000099999999924 0.99999998800000011734 0.00000000099999999924 0.00000000099999999924 0.00000000099999999924 0.00000000099999999924 0.00000000099999999924 0.00000000099999999924 0.00000000099999999924 0.00000000099999999924
23 23 (0) 3 : 0.00000000099999999926 0.00000000099999999926 0.99999998800000011734 0.00000000099999999926 0.00000000099999999926 0.00000000099999999926 0.00000000099999999926 0.00000000099999999926 0.00000000099999999926 0.00000000099999999926 0.00000000099999999926 0.00000000099999999926 0.00000000099999999926
24 24 (0) 3 : 0.00000000099999999932 0.00000000099999999932 0.00000000099999999932 0.99999998800000011734 0.00000000099999999932 0.00000000099999999932 0.00000000099999999932 0.00000000099999999932 0.00000000099999999932 0.00000000099999999932 0.00000000099999999932 0.00000000099999999932 0.00000000099999999932
25 25 (0) 3 : 0.99999998800000011734 0.00000000099999999847 0.00000000099999999847 0.00000000099999999847 0.00000000099999999847 0.00000000099999999847 0.00000000099999999847 0.00000000099999999847 0.00000000099999999847 0.00000000099999999847 0.00000000099999999847 0.00000000099999999847 0.00000000099999999847
26 26 (0) 4 : 0.00000000099999999900 0.00000000099999999900 0.00000000099999999900 0.00000000099999999900 0.00000000099999999900 0.00000000099999999900 0.99999998800000000632 0.00000000099999999900 0.00000000099999999900 0.00000000099999999900 0.00000000099999999900 0.00000000099999999900 0.00000000099999999900
27 27 (0) 4 : 0.00000000099999999944 0.00000000099999999944 0.54180325668617690393 0.00000000099999999944 0.45819673231382318512 0.00000000099999999944 0.00000000099999999944 0.00000000099999999944 0.00000000099999999944 0.00000000099999999944 0.00000000099999999944 0.00000000099999999944 0.00000000099999999944
28 28 (0) 4 : 0.00000000099999999926 0.00000000099999999926 0.00000000099999999926 0.00000000099999999926 0.99999998800000022836 0.00000000099999999926 0.00000000099999999926 0.00000000099999999926 0.00000000099999999926 0.00000000099999999926 0.00000000099999999926 0.00000000099999999926 0.00000000099999999926
29 29 (0) 4 : 0.00000000099999999927 0.00000000099999999927 0.00000000099999999927 0.00000000099999999927 0.00000000099999999927 0.00000000099999999927 0.00000000099999999927 0.00000000099999999927 0.00000000099999999927 0.00000000099999999927 0.00000000099999999927 0.99999998800000000632 0.00000000099999999927
30 30 (0) 4 : 0.00000000099999999915 0.00000000099999999915 0.00000000099999999915 0.00000000099999999915 0.00000000099999999915 0.00000000099999999915 0.00000000099999999915 0.00000000099999999915 0.00000000099999999915 0.99999998800000000632 0.00000000099999999915 0.00000000099999999915 0.00000000099999999915
31 31 (0) 4 : 0.00000000099999999953 0.00000000099999999953 0.39371840736509311487 0.33936027433171950252 0.26692130830318760992 0.00000000099999999953 0.00000000099999999953 0.00000000099999999953 0.00000000099999999953 0.00000000099999999953 0.00000000099999999953 0.00000000099999999953 0.00000000099999999953
32 32 (0) 4 : 0.00000000099999999998 0.00235436743541672612 0.12290340200582985930 0.11147857747562842090 0.04477241303531468569 0.02232635366794270479 0.12846924601883577544 0.07616947636769536012 0.01655049265667797240 0.07486955621638388680 0.04611568328888805690 0.17643474919791293787 0.17755568163347368316
33 33 (0) 4 : 0.00000000099999999912 0.00000000099999999912 0.00000000099999999912 0.00000000099999999912 0.00000000099999999912 0.00000000099999999912 0.00000000099999999912 0.00000000099999999912 0.00000000099999999912 0.00000000099999999912 0.99999998799999989529 0.00000000099999999912 0.00000000099999999912
34 34 (0) 4 : 0.00000000099999999919 0.00000000099999999919 0.00000000099999999919 0.00000000099999999919 0.00000000099999999919 0.00000000099999999919 0.00000000099999999919 0.00000000099999999919 0.00000000099999999919 0.99999998800000011734 0.00000000099999999919 0.00000000099999999919 0.00000000099999999919
35 35 (0) 4 : 0.00000000099999999919 0.00000000099999999919 0.00000000099999999919 0.00000000099999999919 0.99999998800000011734 0.00000000099999999919 0.00000000099999999919 0.00000000099999999919 0.00000000099999999919 0.00000000099999999919 0.00000000099999999919 0.00000000099999999919 0.00000000099999999919
36 36 (0) 4 : 0.00000000099999999928 0.00000000099999999928 0.00000000099999999928 0.99999998800000022836 0.00000000099999999928 0.00000000099999999928 0.00000000099999999928 0.00000000099999999928 0.00000000099999999928 0.00000000099999999928 0.00000000099999999928 0.00000000099999999928 0.00000000099999999928
37 37 (0) 4 : 0.00000000099999999921 0.00000000099999999921 0.00000000099999999921 0.00000000099999999921 0.00000000099999999921 0.00000000099999999921 0.00000000099999999921 0.99999998800000011734 0.00000000099999999921 0.00000000099999999921 0.00000000099999999921 0.00000000099999999921 0.00000000099999999921
38 38 (0) 4 : 0.00000000099999999929 0.00000000099999999929 0.00000000099999999929 0.99999998800000011734 0.00000000099999999929 0.00000000099999999929 0.00000000099999999929 0.00000000099999999929 0.00000000099999999929 0.00000000099999999929 0.00000000099999999929 0.00000000099999999929 0.00000000099999999929
39 39 (0) 4 : 0.00000000099999999893 0.00000000099999999893 0.00000000099999999893 0.00000000099999999893 0.00000000099999999893 0.00000000099999999893 0.99999998799999989529 0.00000000099999999893 0.00000000099999999893 0.00000000099999999893 0.00000000099999999893 0.00000000099999999893 0.00000000099999999893
40 40 (0) 5 : 0.00000000099999999945 0.00000000099999999945 0.00000000099999999945 0.99999998800000022836 0.00000000099999999945 0.00000000099999999945 0.00000000099999999945 0.00000000099999999945 0.00000000099999999945 0.00000000099999999945 0.00000000099999999945 0.00000000099999999945 0.00000000099999999945
41 41 (0) 5 : 0.00000000099999999906 0.00000000099999999906 0.00000000099999999906 0.00000000099999999906 0.00000000099999999906 0.00000000099999999906 0.00000000099999999906 0.00000000099999999906 0.99999998800000011734 0.00000000099999999906 0.00000000099999999906 0.00000000099999999906 0.00000000099999999906
42 42 (0) 5 : 0.00000000099999999944 0.00000000099999999944 0.00000000099999999944 0.99999998800000022836 0.00000000099999999944 0.00000000099999999944 0.00000000099999999944 0.00000000099999999944 0.00000000099999999944 0.00000000099999999944 0.00000000099999999944 0.00000000099999999944 0.00000000099999999944
43 43 (0) 5 : 0.00000000099999999915 0.00000000099999999915 0.00000000099999999915 0.00000000099999999915 0.00000000099999999915 0.00000000099999999915 0.00000000099999999915 0.00000000099999999915 0.00000000099999999915 0.00000000099999999915 0.00000000099999999915 0.00000000099999999915 0.99999998799999989529
44 44 (0) 5 : 0.00000000099999999910 0.00000000099999999910 0.00000000099999999910 0.00000000099999999910 0.00000000099999999910 0.00000000099999999910 0.00000000099999999910 0.00000000099999999910 0.00000000099999999910 0.00000000099999999910 0.99999998800000000632 0.00000000099999999910 0.00000000099999999910
45 45 (0) 5 : 0.00000000099999999931 0.00000000099999999931 0.00000000099999999931 0.00000000099999999931 0.00000000099999999931 0.00000000099999999931 0.00000000099999999931 0.99999998800000000632 0.00000000099999999931 0.00000000099999999931 0.00000000099999999931 0.00000000099999999931 0.00000000099999999931
46 46 (0) 5 : 0.00000000099999999941 0.00000000099999999941 0.00000000099999999941 0.99999998800000022836 0.00000000099999999941 0.00000000099999999941 0.00000000099999999941 0.00000000099999999941 0.00000000099999999941 0.00000000099999999941 0.00000000099999999941 0.00000000099999999941 0.00000000099999999941
47 47 (0) 5 : 0.00000000099999999923 0.00000000099999999923 0.00000000099999999923 0.00000000099999999923 0.99999998800000011734 0.00000000099999999923 0.00000000099999999923 0.00000000099999999923 0.00000000099999999923 0.00000000099999999923 0.00000000099999999923 0.00000000099999999923 0.00000000099999999923
48 48 (0) 5 : 0.00000000099999999918 0.00000000099999999918 0.00000000099999999918 0.00000000099999999918 0.00000000099999999918 0.00000000099999999918 0.00000000099999999918 0.99999998800000011734 0.00000000099999999918 0.00000000099999999918 0.00000000099999999918 0.00000000099999999918 0.00000000099999999918
49 49 (0) 5 : 0.00000000099999999919 0.00000000099999999919 0.00000000099999999919 0.00000000099999999919 0.00000000099999999919 0.00000000099999999919 0.00000000099999999919 0.00000000099999999919 0.00000000099999999919 0.00000000099999999919 0.00000000099999999919 0.00000000099999999919 0.99999998800000000632
50 50 (0) 5 : 0.00000000099999999957 0.00000000099999999957 0.00000000099999999957 0.44509970950640853626 0.00000000099999999957 0.00000000099999999957 0.00000000099999999957 0.22760814681488975020 0.26301099793692128692 0.06428113674178037584 0.00000000099999999957 0.00000000099999999957 0.00000000099999999957
51 51 (0) 5 : 0.00000000099999999924 0.00000000099999999924 0.00000000099999999924 0.00000000099999999924 0.00000000099999999924 0.00000000099999999924 0.00000000099999999924 0.00000000099999999924 0.00000000099999999924 0.00000000099999999924 0.00000000099999999924 0.55685606794914321860 0.44314392105085681495
52 52 (0) 5 : 0.00000000099999999913 0.00000000099999999913 0.00000000099999999913 0.00000000099999999913 0.00000000099999999913 0.00000000099999999913 0.00000000099999999913 0.00000000099999999913 0.00000000099999999913 0.00000000099999999913 0.00000000099999999913 0.00000000099999999913 0.99999998799999989529
53 53 (0) 6 : 0.00000000099999999898 0.00000000099999999898 0.00000000099999999898 0.00000000099999999898 0.00000000099999999898 0.00000000099999999898 0.00000000099999999898 0.00000000099999999898 0.00000000099999999898 0.00000000099999999898 0.00000000099999999898 0.99999998800000000632 0.00000000099999999898
54 54 (0) 6 : 0.00000000099999999919 0.00000000099999999919 0.99999998800000022836 0.00000000099999999919 0.00000000099999999919 0.00000000099999999919 0.00000000099999999919 0.00000000099999999919 0.00000000099999999919 0.00000000099999999919 0.00000000099999999919 0.00000000099999999919 0.00000000099999999919
55 55 (0) 6 : 0.06785730057252530034 0.00000000099999999962 0.00000000099999999962 0.00000000099999999962 0.00000000099999999962 0.00000000099999999962 0.00000000099999999962 0.00000000099999999962 0.00000000099999999962 0.00000000099999999962 0.00000000099999999962 0.93214268842747460830 0.00000000099999999962
56 56 (0) 6 : 0.00000000099999999942 0.99999998800000022836 0.00000000099999999942 0.00000000099999999942 0.00000000099999999942 0.00000000099999999942 0.00000000099999999942 0.00000000099999999942 0.00000000099999999942 0.00000000099999999942 0.00000000099999999942 0.00000000099999999942 0.00000000099999999942
57 57 (0) 6 : 0.99999998800000022836 0.00000000099999999893 0.00000000099999999893 0.00000000099999999893 0.00000000099999999893 0.00000000099999999893 0.00000000099999999893 0.00000000099999999893 0.00000000099999999893 0.00000000099999999893 0.00000000099999999893 0.00000000099999999893 0.00000000099999999893
58 58 (0) 6 : 0.00000000099999999925 0.99999998800000033938 0.00000000099999999925 0.00000000099999999925 0.00000000099999999925 0.00000000099999999925 0.00000000099999999925 0.00000000099999999925 0.00000000099999999925 0.00000000099999999925 0.00000000099999999925 0.00000000099999999925 0.00000000099999999925
59 59 (0) 6 : 0.00000000099999999961 0.00000000099999999961 0.00000000099999999961 0.00000000099999999961 0.00000000099999999961 0.00000000099999999961 0.00000000099999999961 0.99999998800000011734 0.00000000099999999961 0.00000000099999999961 0.00000000099999999961 0.00000000099999999961 0.00000000099999999961
60 60 (0) 6 : 0.00000000099999999925 0.00000000099999999925 0.00000000099999999925 0.00000000099999999925 0.00000000099999999925 0.00000000099999999925 0.00000000099999999925 0.00000000099999999925 0.00000000099999999925 0.99999998800000011734 0.00000000099999999925 0.00000000099999999925 0.00000000099999999925
61 61 (0) 6 : 0.00000000099999999961 0.00000000099999999961 0.00000000099999999961 0.29254287933632583396 0.25295830168066174570 0.00000000099999999961 0.00000000099999999961 0.00000000099999999961 0.11511754132053282629 0.00000000099999999961 0.33938126866247958491 0.00000000099999999961 0.00000000099999999961
62 62 (0) 6 : 0.00000000099999999930 0.00000000099999999930 0.99999998800000011734 0.00000000099999999930 0.00000000099999999930 0.00000000099999999930 0.00000000099999999930 0.00000000099999999930 0.00000000099999999930 0.00000000099999999930 0.00000000099999999930 0.00000000099999999930 0.00000000099999999930
63 63 (0) 6 : 0.00000000099999999988 0.16310105169965760652 0.00000000099999999988 0.00000000099999999988 0.00000000099999999988 0.00000058735883000657 0.22965574112833228582 0.00000000099999999988 0.00000000099999999988 0.00000000099999999988 0.00000000099999999988 0.36855280989154837190 0.23868980192163166687
64 64 (0) 7 : 0.00000000099999999932 0.00000000099999999932 0.00000000099999999932 0.00000000099999999932 0.00000000099999999932 0.00000000099999999932 0.00000000099999999932 0.00000000099999999932 0.00000000099999999932 0.00000000099999999932 0.00000000099999999932 0.55445211670870686582 0.44554787229129300119
65 65 (0) 7 : 0.00000000099999999899 0.00000000099999999899 0.00000000099999999899 0.00000000099999999899 0.00000000099999999899 0.00000000099999999899 0.00000000099999999899 0.00000000099999999899 0.00000000099999999899 0.00000000099999999899 0.00000000099999999899 0.99999998800000000632 0.00000000099999999899
66 66 (0) 7 : 0.00000000099999999977 0.00000000099999999977 0.00000000099999999977 0.00000000099999999977 0.00000000099999999977 0.00000000099999999977 0.30823935170672511763 0.00000000099999999977 0.00000000099999999977 0.00000000099999999977 0.00000000099999999977 0.45232728030551683229 0.23943335798775788881
67 67 (0) 7 : 0.00000000099999999960 0.00000000099999999960 0.00000000099999999960 0.00000000099999999960 0.00000000099999999960 0.00000000099999999960 0.00000000099999999960 0.00000000099999999960 0.00000000099999999960 0.00000000099999999960 0.00000000099999999960 0.99999998799999989529 0.00000000099999999960
68 68 (0) 8 : 0.00000000099999999978 0.11978563525826899094 0.00000000099999999978 0.46159072393552319502 0.41862363080620806910 0.00000000099999999978 0.00000000099999999978 0.00000000099999999978 0.00000000099999999978 0.00000000099999999978 0.00000000099999999978 0.00000000099999999978 0.00000000099999999978
69 69 (0) 8 : 0.00000000099999999991 0.21338337240257565508 0.25415336437098878797 0.30758425716219628399 0.00013921897468852030 0.00000000099999999991 0.00000000099999999991 0.00000000099999999991 0.11380368803359788843 0.11093609205595302003 0.00000000099999999991 0.00000000099999999991 0.00000000099999999991
70 70 (0) 8 : 0.00000000099999999923 0.00000000099999999923 0.00000000099999999923 0.00000000099999999923 0.00000000099999999923 0.00000000099999999923 0.00000000099999999923 0.99999998800000000632 0.00000000099999999923 0.00000000099999999923 0.00000000099999999923 0.00000000099999999923 0.00000000099999999923
71 71 (0) 8 : 0.00000000099999999955 0.00000000099999999955 0.00000000099999999955 0.00000000099999999955 0.00000000099999999955 0.00000000099999999955 0.00000000099999999955 0.00000000099999999955 0.00000000099999999955 0.00000000099999999955 0.99999998799999989529 0.00000000099999999955 0.00000000099999999955
72 72 (0) 8 : 0.00000000099999999985 0.11283967383798486350 0.00000000099999999985 0.10257291263304890716 0.11885655550029056160 0.00000000099999999985 0.00000000099999999985 0.32867885641910654648 0.00077569427217919395 0.11334498186918427753 0.22293131946820565759 0.00000000099999999985 0.00000000099999999985
73 73 (0) 8 : 0.00000000099999999963 0.99999998800000022836 0.00000000099999999963 0.00000000099999999963 0.00000000099999999963 0.00000000099999999963 0.00000000099999999963 0.00000000099999999963 0.00000000099999999963 0.00000000099999999963 0.00000000099999999963 0.00000000099999999963 0.00000000099999999963
74 74 (0) 9 : 0.00000000099999999987 0.20317065356603605797 0.00000000099999999987 0.00000000099999999987 0.00000000099999999987 0.01569430591264232150 0.18886117883474093371 0.00000000099999999987 0.00000000099999999987 0.00000000099999999987 0.00000000099999999987 0.42681244765003567565 0.16546140603654505008
75 75 (0) 9 : 0.07032055886195655303 0.00000000099999999988 0.00000000099999999988 0.00000000099999999988 0.00000000099999999988 0.00000000099999999988 0.45392252641627955922 0.00000000099999999988 0.00000000099999999988 0.00000000099999999988 0.00000000099999999988 0.30052093689566367063 0.17523596882610029124
76 76 (0) 10 : 0.00000000099999999905 0.00000000099999999905 0.00000000099999999905 0.00000000099999999905 0.00000000099999999905 0.00000000099999999905 0.00000000099999999905 0.00000000099999999905 0.00000000099999999905 0.00000000099999999905 0.00000000099999999905 0.99999998800000000632 0.00000000099999999905
77 77 (0) 11 : 0.00000000099999999935 0.00000000099999999935 0.00000000099999999935 0.00000000099999999935 0.00000000099999999935 0.00000000099999999935 0.31716040516581261999 0.00000000099999999935 0.00000000099999999935 0.00000000099999999935 0.00000000099999999935 0.31616656277291699251 0.36667302206127017072
78 78 (0) 12 : 0.00000000099999999925 0.00000000099999999925 0.00000000099999999925 0.00000000099999999925 0.00000000099999999925 0.00000000099999999925 0.00000000099999999925 0.00000000099999999925 0.00000000099999999925 0.00000000099999999925 0.00000000099999999925 0.00000000099999999925 0.99999998800000000632
79 79 (0) 13 : 0.18021286133440464483 0.46364823116753040022 0.00000002346873445380 0.00000000099999999994 0.00008334113317430269 0.00000000099999999994 0.00000000099999999994 0.00000000099999999994 0.00000155974055311469 0.00000000099999999994 0.35605397615560324676 0.00000000099999999994 0.00000000099999999994
80 80 (0) 13 : 0.00000000099999999911 0.00000000099999999911 0.00000000099999999911 0.00000000099999999911 0.00000000099999999911 0.00000000099999999911 0.00000000099999999911 0.00000000099999999911 0.00000000099999999911 0.99999998800000011734 0.00000000099999999911 0.00000000099999999911 0.00000000099999999911
