1:	0.2939 0.0353 0.0000 0.4532 0.0000 0.0000 0.0000 0.0000 0.0000 0.1934 0.0000 0.0000 0.0241 	6
2:	0.4013 0.0568 0.0000 0.4886 0.0000 0.0000 0.0103 0.0000 0.0000 0.0191 0.0000 0.0000 0.0239 	7
3:	0.0000 0.0000 0.0000 0.0000 0.0000 0.1766 0.2500 0.0000 0.0833 0.0000 0.1917 0.2150 0.0833 	12
4:	0.0127 0.0840 0.0002 0.0016 0.1482 0.0012 0.0756 0.0769 0.0747 0.1520 0.1978 0.1751 0.0000 	14
5:	0.2649 0.0428 0.0000 0.0000 0.0049 0.0972 0.0000 0.1714 0.0769 0.0000 0.0769 0.2650 0.0000 	13
6:	0.0217 0.2092 0.1966 0.0000 0.0909 0.0105 0.1818 0.0909 0.0309 0.0209 0.0230 0.0266 0.0971 	11
7:	0.1712 0.7517 0.0000 0.0000 0.0000 0.0000 0.0000 0.0000 0.0000 0.0770 0.0000 0.0000 0.0000 	4
8:	0.0000 0.0000 0.2410 0.0000 0.0374 0.0191 0.0424 0.2215 0.2038 0.0000 0.0896 0.1453 0.0000 	6
9:	0.1704 0.3637 0.1016 0.0078 0.0000 0.0000 0.0000 0.0000 0.0000 0.3214 0.0000 0.0000 0.0352 	2
10:	0.0000 1.0000 0.0000 0.0000 0.0000 0.0000 0.0000 0.0000 0.0000 0.0000 0.0000 0.0000 0.0000 	1
11:	0.3667 0.3162 0.0000 0.0000 0.0000 0.0000 0.0000 0.0000 0.0000 0.3172 0.0000 0.0000 0.0000 	1
12:	1.0000 0.0000 0.0000 0.0000 0.0000 0.0000 0.0000 0.0000 0.0000 0.0000 0.0000 0.0000 0.0000 	1
13:	0.0000 0.0000 0.2318 0.0000 0.5000 0.0000 0.0000 0.0000 0.1781 0.0000 0.0001 0.0000 0.0901 	2
