1.0000	0.8033	0.8489	0.7152	0.8350	0.7380	0.7664	0.7616	0.8391	0.8349	0.7999	0.8391	0.7877	0.8390	0.9990	0.7739	0.8024	0.8825	0.8677	0.8032	0.8393	0.7926	0.7998	0.7622	0.8680	0.8825	0.7369	0.8046	0.7642	0.8394	0.7638	0.8349	0.7638	0.8032	0.6519	0.7739	0.8393	0.7639	0.6230	0.8390	0.7146	0.7458	0.7925	0.7638	0.8684	0.8032	0.6775	0.7998	0.7739	0.8393
0.8033	1.0000	0.8793	0.7941	0.8035	0.7383	0.7414	0.7393	0.8017	0.8034	0.8354	0.8017	0.7140	0.8017	0.8032	0.8866	0.8409	0.8415	0.8200	0.9978	0.8876	0.7389	0.8353	0.7655	0.8202	0.8415	0.7377	0.7732	0.7617	0.8877	0.7148	0.8034	0.7643	0.9988	0.6315	0.8865	0.8876	0.7643	0.6086	0.8017	0.7601	0.7242	0.7389	0.7643	0.8206	0.9991	0.6227	0.8354	0.8865	0.8877
0.8489	0.8793	1.0000	0.7625	0.7745	0.7431	0.7452	0.7179	0.8472	0.7744	0.7955	0.8472	0.7411	0.8472	0.8489	0.8346	0.8071	0.8076	0.8832	0.8790	0.8361	0.7438	0.7955	0.7392	0.8835	0.8076	0.7421	0.7524	0.7986	0.8361	0.7201	0.7745	0.7701	0.8791	0.6588	0.8346	0.8361	0.7702	0.5939	0.8472	0.7599	0.7431	0.7437	0.7701	0.8839	0.8792	0.6452	0.7955	0.8345	0.8360
0.7152	0.7941	0.7625	1.0000	0.7414	0.8041	0.7735	0.8403	0.7415	0.7414	0.7653	0.7415	0.8050	0.7415	0.7152	0.7950	0.7667	0.7410	0.7231	0.7942	0.7656	0.7732	0.7650	0.8052	0.7233	0.7410	0.8384	0.7136	0.7989	0.7656	0.7444	0.7414	0.8041	0.7942	0.6463	0.7949	0.7656	0.8041	0.6362	0.7415	0.8361	0.6779	0.7733	0.8041	0.7236	0.7941	0.6349	0.7652	0.7950	0.7656
0.8350	0.8035	0.7745	0.7414	1.0000	0.7654	0.7418	0.7942	0.8370	0.9983	0.8875	0.8370	0.7637	0.8370	0.8348	0.8412	0.8858	0.8846	0.7763	0.8037	0.8393	0.7640	0.8874	0.7655	0.7766	0.8847	0.7389	0.8745	0.7108	0.8393	0.7365	0.9984	0.7393	0.8036	0.6089	0.8412	0.8393	0.7392	0.6619	0.8370	0.7412	0.7526	0.7641	0.7393	0.7770	0.8036	0.6383	0.8875	0.8412	0.8394
0.7380	0.7383	0.7431	0.8041	0.7654	1.0000	0.8396	0.8021	0.7967	0.7654	0.7398	0.7967	0.8056	0.7967	0.7379	0.7652	0.7930	0.7387	0.7451	0.7385	0.7157	0.8390	0.7396	0.7731	0.7453	0.7387	0.8869	0.7340	0.7980	0.7157	0.8014	0.7654	0.8871	0.7384	0.6633	0.7651	0.7157	0.8870	0.6533	0.7967	0.8903	0.6787	0.8391	0.8870	0.7456	0.7384	0.6524	0.7398	0.7652	0.7157
0.7664	0.7414	0.7452	0.7735	0.7418	0.8396	1.0000	0.8023	0.7432	0.7417	0.7179	0.7432	0.8038	0.7432	0.7663	0.7191	0.7419	0.7670	0.7499	0.7415	0.7415	0.8853	0.7177	0.8027	0.7501	0.7671	0.8403	0.7144	0.7971	0.7415	0.8385	0.7418	0.8848	0.7415	0.6642	0.7190	0.7415	0.8848	0.6348	0.7432	0.8040	0.6597	0.8854	0.8848	0.7504	0.7415	0.6712	0.7179	0.7191	0.7415
0.7616	0.7393	0.7179	0.8403	0.7942	0.8021	0.8023	1.0000	0.7395	0.7942	0.7646	0.7395	0.8838	0.7395	0.7615	0.7404	0.7654	0.7934	0.7210	0.7394	0.7647	0.8383	0.7643	0.8411	0.7212	0.7935	0.8364	0.7611	0.7663	0.7647	0.8015	0.7942	0.8013	0.7394	0.6443	0.7403	0.7647	0.8013	0.6730	0.7395	0.7717	0.6768	0.8383	0.8013	0.7215	0.7393	0.6711	0.7645	0.7404	0.7647
0.8391	0.8017	0.8472	0.7415	0.8370	0.7967	0.7432	0.7395	1.0000	0.8369	0.8027	0.9983	0.7667	0.9982	0.8390	0.8385	0.8815	0.8015	0.8561	0.8018	0.7732	0.7412	0.8027	0.7170	0.8565	0.8015	0.7663	0.7977	0.7655	0.7732	0.7159	0.8369	0.7678	0.8018	0.6497	0.8385	0.7732	0.7678	0.6259	0.9996	0.7690	0.7499	0.7412	0.7678	0.8570	0.8018	0.6416	0.8027	0.8385	0.7732
0.8349	0.8034	0.7744	0.7414	0.9983	0.7654	0.7417	0.7942	0.8369	1.0000	0.8875	0.8369	0.7637	0.8370	0.8347	0.8412	0.8857	0.8845	0.7761	0.8037	0.8392	0.7640	0.8875	0.7654	0.7764	0.8846	0.7389	0.8741	0.7108	0.8392	0.7364	0.9997	0.7392	0.8036	0.6088	0.8412	0.8392	0.7392	0.6619	0.8370	0.7412	0.7527	0.7640	0.7393	0.7768	0.8035	0.6383	0.8875	0.8412	0.8393
0.7999	0.8354	0.7955	0.7653	0.8875	0.7398	0.7179	0.7646	0.8027	0.8875	1.0000	0.8027	0.7395	0.8028	0.7996	0.8844	0.8379	0.8368	0.7459	0.8358	0.8805	0.7379	0.9987	0.7637	0.7462	0.8369	0.7156	0.8259	0.7091	0.8805	0.7121	0.8875	0.7157	0.8357	0.5907	0.8845	0.8805	0.7156	0.6435	0.8027	0.7642	0.7811	0.7379	0.7157	0.7466	0.8356	0.6206	0.9997	0.8845	0.8806
0.8391	0.8017	0.8472	0.7415	0.8370	0.7967	0.7432	0.7395	0.9983	0.8369	0.8027	1.0000	0.7668	0.9995	0.8390	0.8385	0.8815	0.8015	0.8561	0.8018	0.7732	0.7412	0.8027	0.7170	0.8564	0.8015	0.7663	0.7977	0.7655	0.7732	0.7159	0.8369	0.7678	0.8018	0.6497	0.8385	0.7732	0.7678	0.6259	0.9983	0.7690	0.7499	0.7412	0.7678	0.8570	0.8017	0.6416	0.8027	0.8385	0.7732
0.7877	0.7140	0.7411	0.8050	0.7637	0.8056	0.8038	0.8838	0.7667	0.7637	0.7395	0.7668	1.0000	0.7668	0.7876	0.7163	0.7380	0.7607	0.7410	0.7142	0.7359	0.8384	0.7392	0.8027	0.7413	0.7607	0.8400	0.7290	0.7958	0.7359	0.7991	0.7637	0.8041	0.7141	0.6605	0.7162	0.7359	0.8040	0.6533	0.7667	0.7761	0.6968	0.8385	0.8041	0.7416	0.7141	0.6898	0.7394	0.7163	0.7360
0.8390	0.8017	0.8472	0.7415	0.8370	0.7967	0.7432	0.7395	0.9982	0.8370	0.8028	0.9995	0.7668	1.0000	0.8389	0.8385	0.8814	0.8014	0.8558	0.8018	0.7731	0.7411	0.8027	0.7170	0.8562	0.8015	0.7663	0.7976	0.7654	0.7731	0.7159	0.8370	0.7678	0.8017	0.6495	0.8385	0.7731	0.7678	0.6259	0.9983	0.7691	0.7500	0.7411	0.7678	0.8567	0.8017	0.6415	0.8027	0.8385	0.7732
0.9990	0.8032	0.8489	0.7152	0.8348	0.7379	0.7663	0.7615	0.8390	0.8347	0.7996	0.8390	0.7876	0.8389	1.0000	0.7738	0.8023	0.8824	0.8682	0.8031	0.8393	0.7925	0.7996	0.7622	0.8685	0.8824	0.7368	0.8048	0.7643	0.8393	0.7638	0.8347	0.7637	0.8032	0.6521	0.7738	0.8393	0.7638	0.6229	0.8389	0.7145	0.7455	0.7924	0.7637	0.8689	0.8032	0.6775	0.7996	0.7738	0.8393
0.7739	0.8866	0.8346	0.7950	0.8412	0.7652	0.7191	0.7404	0.8385	0.8412	0.8844	0.8385	0.7163	0.8385	0.7738	1.0000	0.8880	0.8059	0.7838	0.8868	0.8412	0.7166	0.8844	0.7407	0.7840	0.8059	0.7389	0.8028	0.7359	0.8412	0.6942	0.8412	0.7398	0.8867	0.6128	0.9994	0.8412	0.7398	0.6263	0.8385	0.7905	0.7512	0.7165	0.7398	0.7844	0.8867	0.6066	0.8844	0.9997	0.8412
0.8024	0.8409	0.8071	0.7667	0.8858	0.7930	0.7419	0.7654	0.8815	0.8857	0.8379	0.8815	0.7380	0.8814	0.8023	0.8880	1.0000	0.8410	0.8159	0.8409	0.8058	0.7392	0.8379	0.7407	0.8162	0.8410	0.7636	0.8378	0.7359	0.8058	0.7150	0.8857	0.7647	0.8409	0.6299	0.8880	0.8058	0.7647	0.6432	0.8814	0.7643	0.7260	0.7392	0.7647	0.8165	0.8409	0.6225	0.8379	0.8880	0.8058
0.8825	0.8415	0.8076	0.7410	0.8846	0.7387	0.7670	0.7934	0.8015	0.8845	0.8368	0.8015	0.7607	0.8014	0.8824	0.8059	0.8410	1.0000	0.8181	0.8415	0.8883	0.7927	0.8368	0.7942	0.8183	0.9995	0.7379	0.8389	0.7364	0.8883	0.7632	0.8845	0.7642	0.8415	0.6307	0.8059	0.8883	0.7643	0.6425	0.8015	0.7154	0.7246	0.7927	0.7643	0.8187	0.8415	0.6574	0.8368	0.8059	0.8883
0.8677	0.8200	0.8832	0.7231	0.7763	0.7451	0.7499	0.7210	0.8561	0.7761	0.7459	0.8561	0.7410	0.8558	0.8682	0.7838	0.8159	0.8181	1.0000	0.8192	0.7887	0.7498	0.7458	0.7234	0.9994	0.8179	0.7444	0.7739	0.7881	0.7887	0.7297	0.7762	0.7745	0.8195	0.6782	0.7838	0.7887	0.7748	0.5946	0.8559	0.7180	0.6999	0.7496	0.7746	0.9974	0.8196	0.6530	0.7459	0.7837	0.7885
0.8032	0.9978	0.8790	0.7942	0.8037	0.7385	0.7415	0.7394	0.8018	0.8037	0.8358	0.8018	0.7142	0.8018	0.8031	0.8868	0.8409	0.8415	0.8192	1.0000	0.8876	0.7390	0.8358	0.7655	0.8194	0.8415	0.7378	0.7729	0.7615	0.8876	0.7147	0.8037	0.7644	0.9986	0.6312	0.8867	0.8876	0.7644	0.6087	0.8018	0.7603	0.7245	0.7389	0.7644	0.8198	0.9985	0.6226	0.8358	0.8867	0.8876
0.8393	0.8876	0.8361	0.7656	0.8393	0.7157	0.7415	0.7647	0.7732	0.8392	0.8805	0.7732	0.7359	0.7731	0.8393	0.8412	0.8058	0.8883	0.7887	0.8876	1.0000	0.7643	0.8804	0.7933	0.7889	0.8883	0.7150	0.8050	0.7369	0.9983	0.7385	0.8392	0.7389	0.8876	0.6152	0.8412	0.9998	0.7390	0.6252	0.7732	0.7357	0.7481	0.7643	0.7389	0.7892	0.8876	0.6401	0.8805	0.8412	0.9982
0.7926	0.7389	0.7438	0.7732	0.7640	0.8390	0.8853	0.8383	0.7412	0.7640	0.7379	0.7412	0.8384	0.7411	0.7925	0.7166	0.7392	0.7927	0.7498	0.7390	0.7643	1.0000	0.7376	0.8390	0.7500	0.7927	0.8388	0.7370	0.7979	0.7644	0.8863	0.7640	0.8841	0.7390	0.6663	0.7165	0.7643	0.8841	0.6535	0.7411	0.8022	0.6760	0.9991	0.8841	0.7503	0.7390	0.6929	0.7378	0.7165	0.7644
0.7998	0.8353	0.7955	0.7650	0.8874	0.7396	0.7177	0.7643	0.8027	0.8875	0.9987	0.8027	0.7392	0.8027	0.7996	0.8844	0.8379	0.8368	0.7458	0.8358	0.8804	0.7376	1.0000	0.7635	0.7461	0.8369	0.7154	0.8258	0.7089	0.8804	0.7119	0.8874	0.7155	0.8356	0.5906	0.8844	0.8804	0.7154	0.6434	0.8027	0.7640	0.7811	0.7377	0.7155	0.7465	0.8356	0.6205	0.9989	0.8845	0.8805
0.7622	0.7655	0.7392	0.8052	0.7655	0.7731	0.8027	0.8411	0.7170	0.7654	0.7637	0.7170	0.8027	0.7170	0.7622	0.7407	0.7407	0.7942	0.7234	0.7655	0.7933	0.8390	0.7635	1.0000	0.7236	0.7942	0.7722	0.7368	0.8298	0.7934	0.7998	0.7655	0.8023	0.7655	0.6467	0.7405	0.7933	0.8023	0.6548	0.7169	0.7701	0.6762	0.8390	0.8023	0.7239	0.7655	0.6723	0.7637	0.7406	0.7934
0.8680	0.8202	0.8835	0.7233	0.7766	0.7453	0.7501	0.7212	0.8565	0.7764	0.7462	0.8564	0.7413	0.8562	0.8685	0.7840	0.8162	0.8183	0.9994	0.8194	0.7889	0.7500	0.7461	0.7236	1.0000	0.8181	0.7446	0.7740	0.7882	0.7889	0.7299	0.7764	0.7747	0.8197	0.6783	0.7840	0.7889	0.7750	0.5947	0.8563	0.7182	0.7002	0.7498	0.7748	0.9977	0.8198	0.6532	0.7461	0.7839	0.7887
0.8825	0.8415	0.8076	0.7410	0.8847	0.7387	0.7671	0.7935	0.8015	0.8846	0.8369	0.8015	0.7607	0.8015	0.8824	0.8059	0.8410	0.9995	0.8179	0.8415	0.8883	0.7927	0.8369	0.7942	0.8181	1.0000	0.7379	0.8388	0.7363	0.8883	0.7632	0.8846	0.7643	0.8415	0.6307	0.8059	0.8883	0.7643	0.6426	0.8015	0.7155	0.7247	0.7927	0.7643	0.8185	0.8415	0.6574	0.8369	0.8059	0.8883
0.7369	0.7377	0.7421	0.8384	0.7389	0.8869	0.8403	0.8364	0.7663	0.7389	0.7156	0.7663	0.8400	0.7663	0.7368	0.7389	0.7636	0.7379	0.7444	0.7378	0.7150	0.8388	0.7154	0.7722	0.7446	0.7379	1.0000	0.7102	0.7970	0.7150	0.8030	0.7389	0.8864	0.7378	0.6625	0.7388	0.7150	0.8864	0.6345	0.7663	0.8426	0.6584	0.8389	0.8864	0.7449	0.7377	0.6513	0.7156	0.7389	0.7150
0.8046	0.7732	0.7524	0.7136	0.8745	0.7340	0.7144	0.7611	0.7977	0.8741	0.8259	0.7977	0.7290	0.7976	0.8048	0.8028	0.8378	0.8389	0.7739	0.7729	0.8050	0.7370	0.8258	0.7368	0.7740	0.8388	0.7102	1.0000	0.6946	0.8051	0.7347	0.8742	0.7111	0.7730	0.6065	0.8027	0.8051	0.7112	0.6390	0.7976	0.7085	0.7150	0.7368	0.7112	0.7741	0.7731	0.6238	0.8259	0.8027	0.8049
0.7642	0.7617	0.7986	0.7989	0.7108	0.7980	0.7971	0.7663	0.7655	0.7108	0.7091	0.7655	0.7958	0.7654	0.7643	0.7359	0.7359	0.7364	0.7881	0.7615	0.7369	0.7979	0.7089	0.8298	0.7882	0.7363	0.7970	0.6946	1.0000	0.7370	0.7680	0.7108	0.8344	0.7616	0.6945	0.7357	0.7369	0.8346	0.6133	0.7654	0.7963	0.6698	0.7979	0.8345	0.7884	0.7616	0.6715	0.7091	0.7358	0.7369
0.8394	0.8877	0.8361	0.7656	0.8393	0.7157	0.7415	0.7647	0.7732	0.8392	0.8805	0.7732	0.7359	0.7731	0.8393	0.8412	0.8058	0.8883	0.7887	0.8876	0.9983	0.7644	0.8804	0.7934	0.7889	0.8883	0.7150	0.8051	0.7370	1.0000	0.7385	0.8392	0.7389	0.8877	0.6152	0.8412	0.9983	0.7390	0.6252	0.7732	0.7357	0.7481	0.7643	0.7390	0.7892	0.8877	0.6401	0.8804	0.8412	0.9995
0.7638	0.7148	0.7201	0.7444	0.7365	0.8014	0.8385	0.8015	0.7159	0.7364	0.7121	0.7159	0.7991	0.7159	0.7638	0.6942	0.7150	0.7632	0.7297	0.7147	0.7385	0.8863	0.7119	0.7998	0.7299	0.7632	0.8030	0.7347	0.7680	0.7385	1.0000	0.7365	0.8349	0.7148	0.6486	0.6941	0.7385	0.8349	0.6326	0.7159	0.7696	0.6536	0.8861	0.8349	0.7301	0.7148	0.6707	0.7121	0.6941	0.7384
0.8349	0.8034	0.7745	0.7414	0.9984	0.7654	0.7418	0.7942	0.8369	0.9997	0.8875	0.8369	0.7637	0.8370	0.8347	0.8412	0.8857	0.8845	0.7762	0.8037	0.8392	0.7640	0.8874	0.7655	0.7764	0.8846	0.7389	0.8742	0.7108	0.8392	0.7365	1.0000	0.7393	0.8036	0.6088	0.8412	0.8392	0.7392	0.6619	0.8370	0.7412	0.7526	0.7640	0.7393	0.7768	0.8036	0.6383	0.8875	0.8412	0.8393
0.7638	0.7643	0.7701	0.8041	0.7393	0.8871	0.8848	0.8013	0.7678	0.7392	0.7157	0.7678	0.8041	0.7678	0.7637	0.7398	0.7647	0.7642	0.7745	0.7644	0.7389	0.8841	0.7155	0.8023	0.7747	0.7643	0.8864	0.7111	0.8344	0.7389	0.8349	0.7393	1.0000	0.7643	0.6851	0.7397	0.7389	0.9991	0.6350	0.7678	0.8422	0.6586	0.8841	0.9996	0.7751	0.7643	0.6714	0.7156	0.7398	0.7389
0.8032	0.9988	0.8791	0.7942	0.8036	0.7384	0.7415	0.7394	0.8018	0.8036	0.8357	0.8018	0.7141	0.8017	0.8032	0.8867	0.8409	0.8415	0.8195	0.9986	0.8876	0.7390	0.8356	0.7655	0.8197	0.8415	0.7378	0.7730	0.7616	0.8877	0.7148	0.8036	0.7643	1.0000	0.6313	0.8867	0.8876	0.7644	0.6087	0.8018	0.7602	0.7244	0.7389	0.7644	0.8201	0.9996	0.6227	0.8357	0.8867	0.8877
0.6519	0.6315	0.6588	0.6463	0.6089	0.6633	0.6642	0.6443	0.6497	0.6088	0.5907	0.6497	0.6605	0.6495	0.6521	0.6128	0.6299	0.6307	0.6782	0.6312	0.6152	0.6663	0.5906	0.6467	0.6783	0.6307	0.6625	0.6065	0.6945	0.6152	0.6486	0.6088	0.6851	0.6313	1.0000	0.6128	0.6152	0.6853	0.6468	0.6496	0.6425	0.5607	0.6662	0.6852	0.6782	0.6314	0.7147	0.5907	0.6127	0.6151
0.7739	0.8865	0.8346	0.7949	0.8412	0.7651	0.7190	0.7403	0.8385	0.8412	0.8845	0.8385	0.7162	0.8385	0.7738	0.9994	0.8880	0.8059	0.7838	0.8867	0.8412	0.7165	0.8844	0.7405	0.7840	0.8059	0.7388	0.8027	0.7357	0.8412	0.6941	0.8412	0.7397	0.8867	0.6128	1.0000	0.8412	0.7397	0.6262	0.8385	0.7904	0.7512	0.7164	0.7397	0.7843	0.8866	0.6065	0.8844	0.9994	0.8412
0.8393	0.8876	0.8361	0.7656	0.8393	0.7157	0.7415	0.7647	0.7732	0.8392	0.8805	0.7732	0.7359	0.7731	0.8393	0.8412	0.8058	0.8883	0.7887	0.8876	0.9998	0.7643	0.8804	0.7933	0.7889	0.8883	0.7150	0.8051	0.7369	0.9983	0.7385	0.8392	0.7389	0.8876	0.6152	0.8412	1.0000	0.7390	0.6252	0.7732	0.7357	0.7481	0.7643	0.7390	0.7892	0.8876	0.6401	0.8805	0.8412	0.9982
0.7639	0.7643	0.7702	0.8041	0.7392	0.8870	0.8848	0.8013	0.7678	0.7392	0.7156	0.7678	0.8040	0.7678	0.7638	0.7398	0.7647	0.7643	0.7748	0.7644	0.7390	0.8841	0.7154	0.8023	0.7750	0.7643	0.8864	0.7112	0.8346	0.7390	0.8349	0.7392	0.9991	0.7644	0.6853	0.7397	0.7390	1.0000	0.6349	0.7678	0.8421	0.6585	0.8841	0.9992	0.7754	0.7644	0.6715	0.7156	0.7398	0.7390
0.6230	0.6086	0.5939	0.6362	0.6619	0.6533	0.6348	0.6730	0.6259	0.6619	0.6435	0.6259	0.6533	0.6259	0.6229	0.6263	0.6432	0.6425	0.5946	0.6087	0.6252	0.6535	0.6434	0.6548	0.5947	0.6426	0.6345	0.6390	0.6133	0.6252	0.6326	0.6619	0.6350	0.6087	0.6468	0.6262	0.6252	0.6349	1.0000	0.6259	0.6353	0.5808	0.6535	0.6350	0.5949	0.6087	0.7128	0.6435	0.6263	0.6252
0.8390	0.8017	0.8472	0.7415	0.8370	0.7967	0.7432	0.7395	0.9996	0.8370	0.8027	0.9983	0.7667	0.9983	0.8389	0.8385	0.8814	0.8015	0.8559	0.8018	0.7732	0.7411	0.8027	0.7169	0.8563	0.8015	0.7663	0.7976	0.7654	0.7732	0.7159	0.8370	0.7678	0.8018	0.6496	0.8385	0.7732	0.7678	0.6259	1.0000	0.7691	0.7499	0.7411	0.7678	0.8568	0.8017	0.6416	0.8027	0.8385	0.7732
0.7146	0.7601	0.7599	0.8361	0.7412	0.8903	0.8040	0.7717	0.7690	0.7412	0.7642	0.7690	0.7761	0.7691	0.7145	0.7905	0.7643	0.7154	0.7180	0.7603	0.7357	0.8022	0.7640	0.7701	0.7182	0.7155	0.8426	0.7085	0.7963	0.7357	0.7696	0.7412	0.8422	0.7602	0.6425	0.7904	0.7357	0.8421	0.6353	0.7691	1.0000	0.6986	0.8022	0.8422	0.7185	0.7602	0.6332	0.7642	0.7905	0.7357
0.7458	0.7242	0.7431	0.6779	0.7526	0.6787	0.6597	0.6768	0.7499	0.7527	0.7811	0.7499	0.6968	0.7500	0.7455	0.7512	0.7260	0.7246	0.6999	0.7245	0.7481	0.6760	0.7811	0.6762	0.7002	0.7247	0.6584	0.7150	0.6698	0.7481	0.6536	0.7526	0.6586	0.7244	0.5607	0.7512	0.7481	0.6585	0.5808	0.7499	0.6986	1.0000	0.6761	0.6586	0.7005	0.7244	0.5892	0.7811	0.7513	0.7482
0.7925	0.7389	0.7437	0.7733	0.7641	0.8391	0.8854	0.8383	0.7412	0.7640	0.7379	0.7412	0.8385	0.7411	0.7924	0.7165	0.7392	0.7927	0.7496	0.7389	0.7643	0.9991	0.7377	0.8390	0.7498	0.7927	0.8389	0.7368	0.7979	0.7643	0.8861	0.7640	0.8841	0.7389	0.6662	0.7164	0.7643	0.8841	0.6535	0.7411	0.8022	0.6761	1.0000	0.8841	0.7501	0.7389	0.6929	0.7378	0.7165	0.7643
0.7638	0.7643	0.7701	0.8041	0.7393	0.8870	0.8848	0.8013	0.7678	0.7393	0.7157	0.7678	0.8041	0.7678	0.7637	0.7398	0.7647	0.7643	0.7746	0.7644	0.7389	0.8841	0.7155	0.8023	0.7748	0.7643	0.8864	0.7112	0.8345	0.7390	0.8349	0.7393	0.9996	0.7644	0.6852	0.7397	0.7390	0.9992	0.6350	0.7678	0.8422	0.6586	0.8841	1.0000	0.7752	0.7644	0.6715	0.7156	0.7398	0.7390
0.8684	0.8206	0.8839	0.7236	0.7770	0.7456	0.7504	0.7215	0.8570	0.7768	0.7466	0.8570	0.7416	0.8567	0.8689	0.7844	0.8165	0.8187	0.9974	0.8198	0.7892	0.7503	0.7465	0.7239	0.9977	0.8185	0.7449	0.7741	0.7884	0.7892	0.7301	0.7768	0.7751	0.8201	0.6782	0.7843	0.7892	0.7754	0.5949	0.8568	0.7185	0.7005	0.7501	0.7752	1.0000	0.8202	0.6533	0.7465	0.7842	0.7891
0.8032	0.9991	0.8792	0.7941	0.8036	0.7384	0.7415	0.7393	0.8018	0.8035	0.8356	0.8017	0.7141	0.8017	0.8032	0.8867	0.8409	0.8415	0.8196	0.9985	0.8876	0.7390	0.8356	0.7655	0.8198	0.8415	0.7377	0.7731	0.7616	0.8877	0.7148	0.8036	0.7643	0.9996	0.6314	0.8866	0.8876	0.7644	0.6087	0.8017	0.7602	0.7244	0.7389	0.7644	0.8202	1.0000	0.6227	0.8356	0.8866	0.8877
0.6775	0.6227	0.6452	0.6349	0.6383	0.6524	0.6712	0.6711	0.6416	0.6383	0.6206	0.6416	0.6898	0.6415	0.6775	0.6066	0.6225	0.6574	0.6530	0.6226	0.6401	0.6929	0.6205	0.6723	0.6532	0.6574	0.6513	0.6238	0.6715	0.6401	0.6707	0.6383	0.6714	0.6227	0.7147	0.6065	0.6401	0.6715	0.7128	0.6416	0.6332	0.5892	0.6929	0.6715	0.6533	0.6227	1.0000	0.6206	0.6065	0.6401
0.7998	0.8354	0.7955	0.7652	0.8875	0.7398	0.7179	0.7645	0.8027	0.8875	0.9997	0.8027	0.7394	0.8027	0.7996	0.8844	0.8379	0.8368	0.7459	0.8358	0.8805	0.7378	0.9989	0.7637	0.7461	0.8369	0.7156	0.8259	0.7091	0.8804	0.7121	0.8875	0.7156	0.8357	0.5907	0.8844	0.8805	0.7156	0.6435	0.8027	0.7642	0.7811	0.7378	0.7156	0.7465	0.8356	0.6206	1.0000	0.8845	0.8806
0.7739	0.8865	0.8345	0.7950	0.8412	0.7652	0.7191	0.7404	0.8385	0.8412	0.8845	0.8385	0.7163	0.8385	0.7738	0.9997	0.8880	0.8059	0.7837	0.8867	0.8412	0.7165	0.8845	0.7406	0.7839	0.8059	0.7389	0.8027	0.7358	0.8412	0.6941	0.8412	0.7398	0.8867	0.6127	0.9994	0.8412	0.7398	0.6263	0.8385	0.7905	0.7513	0.7165	0.7398	0.7842	0.8866	0.6065	0.8845	1.0000	0.8412
0.8393	0.8877	0.8360	0.7656	0.8394	0.7157	0.7415	0.7647	0.7732	0.8393	0.8806	0.7732	0.7360	0.7732	0.8393	0.8412	0.8058	0.8883	0.7885	0.8876	0.9982	0.7644	0.8805	0.7934	0.7887	0.8883	0.7150	0.8049	0.7369	0.9995	0.7384	0.8393	0.7389	0.8877	0.6151	0.8412	0.9982	0.7390	0.6252	0.7732	0.7357	0.7482	0.7643	0.7390	0.7891	0.8877	0.6401	0.8806	0.8412	1.0000
