-------------------------------------------------------------------------------
 L       Percentage of nodes in the largest component
 D       Percentage of nodes in components of size at most 3 [-div option]
 R       Percentage of nodes not in L or D: 100 - L -D
 S       Percentage of nodes that are singletons
 E       Fraction of edges retained (input graph has 2450)
 cce     Expected size of component, nodewise [ sum(sz^2) / sum^2(sz) ]
 EW      Edge weight traits (mean, median and IQR)
 ND      Node degree traits [mean, median and IQR]
 CCF     Clustering coefficient (scale 1-100)
 eff     Induced component efficiency relative to start graph (scale 1-1000)
Total number of nodes: 50
----------------------------------------------------------------------------------------------
  L   D   R   S     E     cce  EWmean   EWmed   EWiqr  NDmean   NDmed  NDiqr CCF  eff  Cutoff 
----------------------------------------------------------------------------------------------
100   0   0   0 1.000      50    0.78    0.77    0.10    49.0    49.5    0.5   -    -     0.50
100   0   0   0 1.000      50    0.78    0.77    0.10    49.0    49.5    0.5   -    -     0.51
100   0   0   0 1.000      50    0.78    0.77    0.10    49.0    49.5    0.5   -    -     0.52
100   0   0   0 1.000      50    0.78    0.77    0.10    49.0    49.5    0.5   -    -     0.53
100   0   0   0 1.000      50    0.78    0.77    0.10    49.0    49.5    0.5   -    -     0.54
100   0   0   0 1.000      50    0.78    0.77    0.10    49.0    49.5    0.5   -    -     0.55
100   0   0   0 1.000      50    0.78    0.77    0.10    49.0    49.5    0.5   -    -     0.56
100   0   0   0 0.999      50    0.78    0.77    0.10    49.0    49.5    0.5   -    -     0.57
100   0   0   0 0.999      50    0.78    0.77    0.10    49.0    49.5    0.5   -    -     0.58
100   0   0   0 0.998      50    0.78    0.77    0.10    48.9    49.5    0.5   -    -     0.59
100   0   0   0 0.992      50    0.78    0.77    0.10    48.6    49.5    0.5   -    -     0.60
100   0   0   0 0.983      50    0.78    0.77    0.10    48.2    49.5    1.5   -    -     0.61
100   0   0   0 0.976      50    0.78    0.77    0.10    47.8    48.5    1.5   -    -     0.62
100   0   0   0 0.958      50    0.78    0.77    0.10    46.9    48.5    2.5   -    -     0.63
100   0   0   0 0.941      50    0.79    0.77    0.10    46.1    47.5    1.5   -    -     0.64
100   0   0   0 0.921      50    0.79    0.77    0.10    45.1    46.5    2.5   -    -     0.65
100   0   0   0 0.904      50    0.79    0.78    0.10    44.3    46.5    1.5   -    -     0.66
100   0   0   0 0.896      50    0.79    0.78    0.10    43.9    46.5    1.5   -    -     0.67
100   0   0   0 0.879      50    0.80    0.78    0.10    43.1    46.5    0.5   -    -     0.68
100   0   0   0 0.876      50    0.80    0.79    0.10    42.9    46.5    1.5   -    -     0.69
 94   6   0   0 0.868      44    0.80    0.79    0.10    42.5    46.5    1.5   -    -     0.70
 94   6   0   0 0.863      44    0.80    0.79    0.09    42.3    45.5    1.5   -    -     0.71
 94   6   0   6 0.800      44    0.80    0.80    0.08    39.2    43.5    5.5   -    -     0.72
 94   6   0   6 0.784      44    0.81    0.80    0.08    38.4    41.5    5.5   -    -     0.73
 94   6   0   6 0.690      44    0.82    0.80    0.07    33.8    37.5    8.5   -    -     0.74
 94   6   0   6 0.623      44    0.82    0.80    0.07    30.5    33.5    8.0   -    -     0.75
 94   6   0   6 0.611      44    0.82    0.81    0.07    30.0    32.5    8.0   -    -     0.76
 94   6   0   6 0.499      44    0.84    0.84    0.07    24.4    31.5   13.5   -    -     0.77
 94   6   0   6 0.449      44    0.84    0.84    0.08    22.0    27.5   12.0   -    -     0.78
 92   8   0   8 0.425      42    0.85    0.84    0.08    20.8    24.5   12.5   -    -     0.79
 62   8  30   8 0.378      24    0.85    0.84    0.07    18.5    23.5   13.5   -    -     0.80
 62   8  30   8 0.291      24    0.87    0.84    0.05    14.2    16.5   12.5   -    -     0.81
 62   8  30   8 0.277      24    0.87    0.86    0.05    13.6    16.5   12.0   -    -     0.82
 62   8  30   8 0.270      24    0.87    0.86    0.05    13.2    16.5   11.5   -    -     0.83
 62  10  28  10 0.180      22    0.89    0.88    0.03     8.8     8.5    9.0   -    -     0.84
 62  18  20  14 0.140      21    0.91    0.89    0.01     6.9     7.5    6.0   -    -     0.85
 62  18  20  14 0.131      21    0.91    0.89    0.00     6.4     6.5    6.5   -    -     0.86
 62  18  20  14 0.126      21    0.91    0.89    0.00     6.2     6.5    7.5   -    -     0.87
 52  20  28  16 0.120      16    0.91    0.89    0.00     5.9     5.5    7.5   -    -     0.88
  8  76  16  30 0.030       2    1.00    1.00    0.00     1.5     2.5    2.5   -    -     0.89
  8  76  16  34 0.029       2    1.00    1.00    0.00     1.4     2.5    2.5   -    -     0.90
  8  76  16  34 0.029       2    1.00    1.00    0.00     1.4     2.5    2.5   -    -     0.91
  8  76  16  34 0.029       2    1.00    1.00    0.00     1.4     2.5    2.5   -    -     0.92
  8  76  16  34 0.029       2    1.00    1.00    0.00     1.4     2.5    2.5   -    -     0.93
  8  76  16  34 0.029       2    1.00    1.00    0.00     1.4     2.5    2.5   -    -     0.94
  8  76  16  34 0.029       2    1.00    1.00    0.00     1.4     2.5    2.5   -    -     0.95
  8  76  16  34 0.029       2    1.00    1.00    0.00     1.4     2.5    2.5   -    -     0.96
  8  76  16  34 0.029       2    1.00    1.00    0.00     1.4     2.5    2.5   -    -     0.97
  8  76  16  34 0.029       2    1.00    1.00    0.00     1.4     2.5    2.5   -    -     0.98
  8  76  16  34 0.029       2    1.00    1.00    0.00     1.4     2.5    2.5   -    -     0.99
---------------------------------------------------------------------------------------------
