1.0000	0.9999	0.9998	0.9998	0.9999	0.7114	0.9996	0.9999	0.7113	0.9909	0.7109	0.9999	0.9639	0.9640	0.7109	0.9640	0.7114	0.7119	0.9509	0.9640	0.9996	0.7114	0.7115	0.9999	0.7115	0.7109	0.9640	0.9639	0.7114	0.9509	0.9640	0.9640	0.7120	0.9997	0.7114	0.7115	0.9998	0.9999	0.9509	0.9999	0.7108	0.7115	0.9640	1.0000	0.9999	0.7115	0.9999	0.9509	0.9639	0.9999
0.9999	1.0000	0.9997	0.9999	0.9998	0.7114	0.9998	0.9999	0.7113	0.9910	0.7109	0.9999	0.9638	0.9639	0.7109	0.9639	0.7114	0.7119	0.9508	0.9639	0.9997	0.7115	0.7115	0.9999	0.7115	0.7109	0.9639	0.9638	0.7114	0.9508	0.9638	0.9639	0.7120	0.9998	0.7114	0.7115	0.9999	0.9999	0.9508	0.9999	0.7108	0.7115	0.9638	0.9999	0.9999	0.7115	0.9999	0.9508	0.9638	0.9999
0.9998	0.9997	1.0000	0.9997	1.0000	0.7114	0.9995	0.9998	0.7113	0.9909	0.7109	0.9998	0.9641	0.9641	0.7109	0.9642	0.7114	0.7119	0.9510	0.9642	0.9995	0.7115	0.7115	0.9998	0.7115	0.7109	0.9641	0.9641	0.7114	0.9510	0.9641	0.9642	0.7120	0.9996	0.7114	0.7115	0.9997	0.9998	0.9510	0.9998	0.7108	0.7115	0.9641	0.9998	0.9998	0.7115	0.9997	0.9510	0.9641	0.9998
0.9998	0.9999	0.9997	1.0000	0.9997	0.7113	0.9998	0.9999	0.7113	0.9911	0.7109	0.9999	0.9638	0.9639	0.7109	0.9639	0.7114	0.7119	0.9508	0.9639	0.9998	0.7114	0.7115	0.9999	0.7115	0.7109	0.9639	0.9638	0.7114	0.9508	0.9638	0.9639	0.7120	0.9998	0.7114	0.7115	1.0000	0.9999	0.9508	0.9999	0.7108	0.7115	0.9638	0.9998	0.9999	0.7115	0.9999	0.9507	0.9638	0.9999
0.9999	0.9998	1.0000	0.9997	1.0000	0.7114	0.9995	0.9998	0.7113	0.9909	0.7109	0.9998	0.9640	0.9641	0.7109	0.9641	0.7114	0.7119	0.9510	0.9641	0.9995	0.7115	0.7115	0.9998	0.7115	0.7109	0.9641	0.9640	0.7114	0.9510	0.9641	0.9641	0.7120	0.9996	0.7114	0.7115	0.9997	0.9998	0.9510	0.9999	0.7108	0.7115	0.9640	0.9999	0.9998	0.7115	0.9998	0.9510	0.9640	0.9998
0.7114	0.7114	0.7114	0.7113	0.7114	1.0000	0.7113	0.7113	0.9989	0.7106	0.9978	0.7114	0.7099	0.7100	0.9977	0.7100	0.9976	0.9960	0.7070	0.7100	0.7114	0.9988	0.9988	0.7113	0.9978	0.9977	0.7100	0.7099	0.9989	0.7070	0.7100	0.7100	0.9959	0.7114	0.9989	0.9977	0.7113	0.7113	0.7070	0.7114	0.9972	0.9980	0.7099	0.7114	0.7113	0.9989	0.7113	0.7071	0.7100	0.7114
0.9996	0.9998	0.9995	0.9998	0.9995	0.7113	1.0000	0.9997	0.7113	0.9912	0.7109	0.9997	0.9637	0.9637	0.7109	0.9637	0.7114	0.7119	0.9507	0.9637	0.9999	0.7114	0.7115	0.9997	0.7115	0.7109	0.9637	0.9637	0.7114	0.9507	0.9637	0.9637	0.7120	0.9998	0.7114	0.7115	0.9998	0.9997	0.9507	0.9997	0.7108	0.7115	0.9637	0.9997	0.9997	0.7115	0.9997	0.9506	0.9636	0.9997
0.9999	0.9999	0.9998	0.9999	0.9998	0.7113	0.9997	1.0000	0.7113	0.9910	0.7109	0.9999	0.9639	0.9639	0.7109	0.9640	0.7114	0.7119	0.9509	0.9640	0.9996	0.7114	0.7115	1.0000	0.7115	0.7109	0.9640	0.9639	0.7114	0.9509	0.9639	0.9640	0.7120	0.9997	0.7114	0.7115	0.9999	1.0000	0.9509	0.9999	0.7108	0.7115	0.9639	0.9999	1.0000	0.7115	1.0000	0.9508	0.9639	0.9999
0.7113	0.7113	0.7113	0.7113	0.7113	0.9989	0.7113	0.7113	1.0000	0.7106	0.9982	0.7113	0.7099	0.7099	0.9982	0.7099	0.9978	0.9957	0.7070	0.7099	0.7113	0.9995	0.9994	0.7113	0.9979	0.9982	0.7099	0.7099	0.9997	0.7070	0.7099	0.7099	0.9958	0.7113	0.9996	0.9978	0.7113	0.7113	0.7070	0.7113	0.9974	0.9977	0.7099	0.7113	0.7113	0.9996	0.7113	0.7070	0.7099	0.7114
0.9909	0.9910	0.9909	0.9911	0.9909	0.7106	0.9912	0.9910	0.7106	1.0000	0.7101	0.9910	0.9609	0.9609	0.7101	0.9609	0.7106	0.7111	0.9481	0.9609	0.9912	0.7107	0.7107	0.9910	0.7107	0.7101	0.9609	0.9608	0.7106	0.9481	0.9609	0.9609	0.7112	0.9912	0.7106	0.7107	0.9911	0.9910	0.9481	0.9910	0.7100	0.7107	0.9609	0.9910	0.9910	0.7107	0.9910	0.9480	0.9608	0.9910
0.7109	0.7109	0.7109	0.7109	0.7109	0.9978	0.7109	0.7109	0.9982	0.7101	1.0000	0.7109	0.7095	0.7095	0.9995	0.7095	0.9971	0.9951	0.7066	0.7095	0.7109	0.9978	0.9978	0.7109	0.9972	0.9995	0.7095	0.7095	0.9980	0.7066	0.7095	0.7095	0.9951	0.7109	0.9980	0.9970	0.7109	0.7109	0.7066	0.7109	0.9985	0.9969	0.7095	0.7109	0.7109	0.9978	0.7109	0.7066	0.7095	0.7109
0.9999	0.9999	0.9998	0.9999	0.9998	0.7114	0.9997	0.9999	0.7113	0.9910	0.7109	1.0000	0.9639	0.9640	0.7109	0.9640	0.7114	0.7119	0.9509	0.9640	0.9996	0.7115	0.7115	1.0000	0.7115	0.7109	0.9640	0.9639	0.7114	0.9509	0.9639	0.9640	0.7120	0.9998	0.7114	0.7115	0.9999	1.0000	0.9509	1.0000	0.7108	0.7115	0.9639	1.0000	1.0000	0.7115	0.9999	0.9508	0.9639	0.9999
0.9639	0.9638	0.9641	0.9638	0.9640	0.7099	0.9637	0.9639	0.7099	0.9609	0.7095	0.9639	1.0000	0.9998	0.7095	0.9998	0.7100	0.7104	0.9795	0.9998	0.9636	0.7100	0.7101	0.9639	0.7100	0.7095	0.9998	0.9999	0.7100	0.9795	0.9999	0.9998	0.7105	0.9638	0.7100	0.7100	0.9638	0.9639	0.9795	0.9639	0.7094	0.7100	0.9999	0.9639	0.9639	0.7101	0.9638	0.9795	0.9999	0.9638
0.9640	0.9639	0.9641	0.9639	0.9641	0.7100	0.9637	0.9639	0.7099	0.9609	0.7095	0.9640	0.9998	1.0000	0.7095	0.9999	0.7100	0.7104	0.9794	0.9999	0.9637	0.7101	0.7101	0.9640	0.7101	0.7095	1.0000	0.9999	0.7100	0.9794	0.9999	0.9999	0.7105	0.9638	0.7100	0.7100	0.9639	0.9640	0.9794	0.9640	0.7094	0.7100	0.9999	0.9640	0.9639	0.7101	0.9639	0.9794	0.9998	0.9639
0.7109	0.7109	0.7109	0.7109	0.7109	0.9977	0.7109	0.7109	0.9982	0.7101	0.9995	0.7109	0.7095	0.7095	1.0000	0.7095	0.9970	0.9950	0.7066	0.7095	0.7109	0.9978	0.9978	0.7109	0.9970	0.9999	0.7095	0.7095	0.9980	0.7066	0.7095	0.7095	0.9951	0.7109	0.9980	0.9969	0.7109	0.7109	0.7066	0.7109	0.9982	0.9968	0.7095	0.7109	0.7109	0.9978	0.7109	0.7066	0.7095	0.7109
0.9640	0.9639	0.9642	0.9639	0.9641	0.7100	0.9637	0.9640	0.7099	0.9609	0.7095	0.9640	0.9998	0.9999	0.7095	1.0000	0.7100	0.7104	0.9794	1.0000	0.9637	0.7101	0.7101	0.9640	0.7101	0.7095	0.9999	0.9998	0.7100	0.9794	0.9998	0.9999	0.7105	0.9639	0.7100	0.7100	0.9639	0.9640	0.9794	0.9640	0.7094	0.7101	0.9998	0.9640	0.9640	0.7101	0.9639	0.9793	0.9998	0.9639
0.7114	0.7114	0.7114	0.7114	0.7114	0.9976	0.7114	0.7114	0.9978	0.7106	0.9971	0.7114	0.7100	0.7100	0.9970	0.7100	1.0000	0.9966	0.7071	0.7100	0.7114	0.9978	0.9978	0.7114	0.9995	0.9970	0.7100	0.7100	0.9978	0.7071	0.7100	0.7100	0.9967	0.7114	0.9979	0.9998	0.7114	0.7114	0.7071	0.7114	0.9977	0.9988	0.7100	0.7114	0.7114	0.9979	0.7114	0.7071	0.7100	0.7114
0.7119	0.7119	0.7119	0.7119	0.7119	0.9960	0.7119	0.7119	0.9957	0.7111	0.9951	0.7119	0.7104	0.7104	0.9950	0.7104	0.9966	1.0000	0.7075	0.7104	0.7119	0.9958	0.9958	0.7119	0.9967	0.9950	0.7104	0.7104	0.9958	0.7075	0.7104	0.7104	0.9996	0.7119	0.9958	0.9967	0.7119	0.7119	0.7075	0.7119	0.9953	0.9968	0.7104	0.7119	0.7119	0.9959	0.7119	0.7075	0.7104	0.7119
0.9509	0.9508	0.9510	0.9508	0.9510	0.7070	0.9507	0.9509	0.7070	0.9481	0.7066	0.9509	0.9795	0.9794	0.7066	0.9794	0.7071	0.7075	1.0000	0.9794	0.9506	0.7071	0.7072	0.9509	0.7071	0.7066	0.9794	0.9795	0.7071	1.0000	0.9795	0.9794	0.7075	0.9508	0.7071	0.7071	0.9508	0.9509	1.0000	0.9509	0.7065	0.7071	0.9795	0.9509	0.9508	0.7071	0.9508	0.9989	0.9796	0.9508
0.9640	0.9639	0.9642	0.9639	0.9641	0.7100	0.9637	0.9640	0.7099	0.9609	0.7095	0.9640	0.9998	0.9999	0.7095	1.0000	0.7100	0.7104	0.9794	1.0000	0.9637	0.7101	0.7101	0.9640	0.7101	0.7095	0.9999	0.9998	0.7100	0.9794	0.9998	0.9999	0.7105	0.9639	0.7100	0.7100	0.9639	0.9640	0.9794	0.9640	0.7094	0.7101	0.9998	0.9640	0.9640	0.7101	0.9639	0.9793	0.9998	0.9639
0.9996	0.9997	0.9995	0.9998	0.9995	0.7114	0.9999	0.9996	0.7113	0.9912	0.7109	0.9996	0.9636	0.9637	0.7109	0.9637	0.7114	0.7119	0.9506	0.9637	1.0000	0.7115	0.7115	0.9996	0.7115	0.7109	0.9637	0.9636	0.7114	0.9506	0.9636	0.9637	0.7120	0.9998	0.7114	0.7115	0.9998	0.9996	0.9506	0.9996	0.7108	0.7115	0.9636	0.9996	0.9997	0.7115	0.9997	0.9506	0.9636	0.9997
0.7114	0.7115	0.7115	0.7114	0.7115	0.9988	0.7114	0.7114	0.9995	0.7107	0.9978	0.7115	0.7100	0.7101	0.9978	0.7101	0.9978	0.9958	0.7071	0.7101	0.7115	1.0000	0.9999	0.7114	0.9980	0.9978	0.7101	0.7100	0.9997	0.7071	0.7100	0.7101	0.9959	0.7115	0.9997	0.9978	0.7114	0.7114	0.7071	0.7115	0.9972	0.9977	0.7100	0.7115	0.7114	0.9998	0.7114	0.7071	0.7100	0.7115
0.7115	0.7115	0.7115	0.7115	0.7115	0.9988	0.7115	0.7115	0.9994	0.7107	0.9978	0.7115	0.7101	0.7101	0.9978	0.7101	0.9978	0.9958	0.7072	0.7101	0.7115	0.9999	1.0000	0.7115	0.9980	0.9978	0.7101	0.7101	0.9997	0.7072	0.7101	0.7101	0.9959	0.7115	0.9997	0.9978	0.7115	0.7115	0.7072	0.7115	0.9971	0.9977	0.7101	0.7115	0.7115	0.9997	0.7115	0.7072	0.7101	0.7115
0.9999	0.9999	0.9998	0.9999	0.9998	0.7113	0.9997	1.0000	0.7113	0.9910	0.7109	1.0000	0.9639	0.9640	0.7109	0.9640	0.7114	0.7119	0.9509	0.9640	0.9996	0.7114	0.7115	1.0000	0.7115	0.7109	0.9640	0.9639	0.7114	0.9509	0.9639	0.9640	0.7120	0.9997	0.7114	0.7115	0.9999	1.0000	0.9509	1.0000	0.7108	0.7115	0.9639	1.0000	1.0000	0.7115	0.9999	0.9508	0.9639	0.9999
0.7115	0.7115	0.7115	0.7115	0.7115	0.9978	0.7115	0.7115	0.9979	0.7107	0.9972	0.7115	0.7100	0.7101	0.9970	0.7101	0.9995	0.9967	0.7071	0.7101	0.7115	0.9980	0.9980	0.7115	1.0000	0.9970	0.7101	0.7100	0.9980	0.7071	0.7100	0.7101	0.9967	0.7115	0.9981	0.9994	0.7115	0.7115	0.7071	0.7115	0.9977	0.9990	0.7100	0.7115	0.7115	0.9980	0.7115	0.7071	0.7100	0.7115
0.7109	0.7109	0.7109	0.7109	0.7109	0.9977	0.7109	0.7109	0.9982	0.7101	0.9995	0.7109	0.7095	0.7095	0.9999	0.7095	0.9970	0.9950	0.7066	0.7095	0.7109	0.9978	0.9978	0.7109	0.9970	1.0000	0.7095	0.7095	0.9980	0.7066	0.7095	0.7095	0.9951	0.7109	0.9980	0.9969	0.7109	0.7109	0.7066	0.7109	0.9982	0.9968	0.7095	0.7109	0.7109	0.9978	0.7109	0.7066	0.7095	0.7109
0.9640	0.9639	0.9641	0.9639	0.9641	0.7100	0.9637	0.9640	0.7099	0.9609	0.7095	0.9640	0.9998	1.0000	0.7095	0.9999	0.7100	0.7104	0.9794	0.9999	0.9637	0.7101	0.7101	0.9640	0.7101	0.7095	1.0000	0.9998	0.7100	0.9794	0.9999	1.0000	0.7105	0.9639	0.7100	0.7100	0.9639	0.9640	0.9794	0.9640	0.7094	0.7101	0.9999	0.9640	0.9640	0.7101	0.9639	0.9793	0.9998	0.9639
0.9639	0.9638	0.9641	0.9638	0.9640	0.7099	0.9637	0.9639	0.7099	0.9608	0.7095	0.9639	0.9999	0.9999	0.7095	0.9998	0.7100	0.7104	0.9795	0.9998	0.9636	0.7100	0.7101	0.9639	0.7100	0.7095	0.9998	1.0000	0.7100	0.9795	0.9999	0.9998	0.7105	0.9638	0.7100	0.7100	0.9638	0.9639	0.9795	0.9639	0.7094	0.7100	0.9999	0.9639	0.9639	0.7101	0.9638	0.9795	1.0000	0.9638
0.7114	0.7114	0.7114	0.7114	0.7114	0.9989	0.7114	0.7114	0.9997	0.7106	0.9980	0.7114	0.7100	0.7100	0.9980	0.7100	0.9978	0.9958	0.7071	0.7100	0.7114	0.9997	0.9997	0.7114	0.9980	0.9980	0.7100	0.7100	1.0000	0.7071	0.7100	0.7100	0.9958	0.7114	0.9998	0.9978	0.7114	0.7114	0.7071	0.7114	0.9973	0.9977	0.7100	0.7114	0.7114	0.9997	0.7114	0.7071	0.7100	0.7114
0.9509	0.9508	0.9510	0.9508	0.9510	0.7070	0.9507	0.9509	0.7070	0.9481	0.7066	0.9509	0.9795	0.9794	0.7066	0.9794	0.7071	0.7075	1.0000	0.9794	0.9506	0.7071	0.7072	0.9509	0.7071	0.7066	0.9794	0.9795	0.7071	1.0000	0.9795	0.9794	0.7075	0.9508	0.7071	0.7071	0.9508	0.9509	1.0000	0.9509	0.7065	0.7071	0.9795	0.9509	0.9508	0.7071	0.9508	0.9989	0.9796	0.9508
0.9640	0.9638	0.9641	0.9638	0.9641	0.7100	0.9637	0.9639	0.7099	0.9609	0.7095	0.9639	0.9999	0.9999	0.7095	0.9998	0.7100	0.7104	0.9795	0.9998	0.9636	0.7100	0.7101	0.9639	0.7100	0.7095	0.9999	0.9999	0.7100	0.9795	1.0000	0.9999	0.7105	0.9638	0.7100	0.7100	0.9638	0.9639	0.9795	0.9639	0.7094	0.7100	1.0000	0.9640	0.9639	0.7101	0.9639	0.9794	0.9999	0.9639
0.9640	0.9639	0.9642	0.9639	0.9641	0.7100	0.9637	0.9640	0.7099	0.9609	0.7095	0.9640	0.9998	0.9999	0.7095	0.9999	0.7100	0.7104	0.9794	0.9999	0.9637	0.7101	0.7101	0.9640	0.7101	0.7095	1.0000	0.9998	0.7100	0.9794	0.9999	1.0000	0.7105	0.9639	0.7100	0.7100	0.9639	0.9640	0.9794	0.9640	0.7094	0.7101	0.9998	0.9640	0.9640	0.7101	0.9639	0.9793	0.9998	0.9639
0.7120	0.7120	0.7120	0.7120	0.7120	0.9959	0.7120	0.7120	0.9958	0.7112	0.9951	0.7120	0.7105	0.7105	0.9951	0.7105	0.9967	0.9996	0.7075	0.7105	0.7120	0.9959	0.9959	0.7120	0.9967	0.9951	0.7105	0.7105	0.9958	0.7075	0.7105	0.7105	1.0000	0.7120	0.9959	0.9967	0.7120	0.7120	0.7075	0.7120	0.9954	0.9968	0.7105	0.7120	0.7120	0.9960	0.7120	0.7075	0.7105	0.7120
0.9997	0.9998	0.9996	0.9998	0.9996	0.7114	0.9998	0.9997	0.7113	0.9912	0.7109	0.9998	0.9638	0.9638	0.7109	0.9639	0.7114	0.7119	0.9508	0.9639	0.9998	0.7115	0.7115	0.9997	0.7115	0.7109	0.9639	0.9638	0.7114	0.9508	0.9638	0.9639	0.7120	1.0000	0.7114	0.7115	0.9998	0.9997	0.9508	0.9998	0.7108	0.7115	0.9638	0.9997	0.9998	0.7115	0.9998	0.9507	0.9638	0.9998
0.7114	0.7114	0.7114	0.7114	0.7114	0.9989	0.7114	0.7114	0.9996	0.7106	0.9980	0.7114	0.7100	0.7100	0.9980	0.7100	0.9979	0.9958	0.7071	0.7100	0.7114	0.9997	0.9997	0.7114	0.9981	0.9980	0.7100	0.7100	0.9998	0.7071	0.7100	0.7100	0.9959	0.7114	1.0000	0.9980	0.7114	0.7114	0.7071	0.7114	0.9974	0.9978	0.7100	0.7114	0.7114	0.9996	0.7114	0.7071	0.7100	0.7114
0.7115	0.7115	0.7115	0.7115	0.7115	0.9977	0.7115	0.7115	0.9978	0.7107	0.9970	0.7115	0.7100	0.7100	0.9969	0.7100	0.9998	0.9967	0.7071	0.7100	0.7115	0.9978	0.9978	0.7115	0.9994	0.9969	0.7100	0.7100	0.9978	0.7071	0.7100	0.7100	0.9967	0.7115	0.9980	1.0000	0.7115	0.7115	0.7071	0.7115	0.9976	0.9989	0.7100	0.7115	0.7115	0.9979	0.7114	0.7071	0.7100	0.7115
0.9998	0.9999	0.9997	1.0000	0.9997	0.7113	0.9998	0.9999	0.7113	0.9911	0.7109	0.9999	0.9638	0.9639	0.7109	0.9639	0.7114	0.7119	0.9508	0.9639	0.9998	0.7114	0.7115	0.9999	0.7115	0.7109	0.9639	0.9638	0.7114	0.9508	0.9638	0.9639	0.7120	0.9998	0.7114	0.7115	1.0000	0.9999	0.9508	0.9999	0.7108	0.7115	0.9638	0.9998	0.9999	0.7115	0.9999	0.9507	0.9638	0.9999
0.9999	0.9999	0.9998	0.9999	0.9998	0.7113	0.9997	1.0000	0.7113	0.9910	0.7109	1.0000	0.9639	0.9640	0.7109	0.9640	0.7114	0.7119	0.9509	0.9640	0.9996	0.7114	0.7115	1.0000	0.7115	0.7109	0.9640	0.9639	0.7114	0.9509	0.9639	0.9640	0.7120	0.9997	0.7114	0.7115	0.9999	1.0000	0.9509	0.9999	0.7108	0.7115	0.9639	0.9999	1.0000	0.7115	0.9999	0.9508	0.9639	0.9999
0.9509	0.9508	0.9510	0.9508	0.9510	0.7070	0.9507	0.9509	0.7070	0.9481	0.7066	0.9509	0.9795	0.9794	0.7066	0.9794	0.7071	0.7075	1.0000	0.9794	0.9506	0.7071	0.7072	0.9509	0.7071	0.7066	0.9794	0.9795	0.7071	1.0000	0.9795	0.9794	0.7075	0.9508	0.7071	0.7071	0.9508	0.9509	1.0000	0.9509	0.7065	0.7071	0.9795	0.9509	0.9508	0.7072	0.9508	0.9989	0.9796	0.9508
0.9999	0.9999	0.9998	0.9999	0.9999	0.7114	0.9997	0.9999	0.7113	0.9910	0.7109	1.0000	0.9639	0.9640	0.7109	0.9640	0.7114	0.7119	0.9509	0.9640	0.9996	0.7115	0.7115	1.0000	0.7115	0.7109	0.9640	0.9639	0.7114	0.9509	0.9639	0.9640	0.7120	0.9998	0.7114	0.7115	0.9999	0.9999	0.9509	1.0000	0.7108	0.7115	0.9639	1.0000	0.9999	0.7115	0.9999	0.9508	0.9639	0.9999
0.7108	0.7108	0.7108	0.7108	0.7108	0.9972	0.7108	0.7108	0.9974	0.7100	0.9985	0.7108	0.7094	0.7094	0.9982	0.7094	0.9977	0.9953	0.7065	0.7094	0.7108	0.9972	0.9971	0.7108	0.9977	0.9982	0.7094	0.7094	0.9973	0.7065	0.7094	0.7094	0.9954	0.7108	0.9974	0.9976	0.7108	0.7108	0.7065	0.7108	1.0000	0.9974	0.7094	0.7108	0.7108	0.9972	0.7108	0.7065	0.7094	0.7108
0.7115	0.7115	0.7115	0.7115	0.7115	0.9980	0.7115	0.7115	0.9977	0.7107	0.9969	0.7115	0.7100	0.7100	0.9968	0.7101	0.9988	0.9968	0.7071	0.7101	0.7115	0.9977	0.9977	0.7115	0.9990	0.9968	0.7101	0.7100	0.9977	0.7071	0.7100	0.7101	0.9968	0.7115	0.9978	0.9989	0.7115	0.7115	0.7071	0.7115	0.9974	1.0000	0.7100	0.7115	0.7115	0.9978	0.7115	0.7071	0.7100	0.7115
0.9640	0.9638	0.9641	0.9638	0.9640	0.7099	0.9637	0.9639	0.7099	0.9609	0.7095	0.9639	0.9999	0.9999	0.7095	0.9998	0.7100	0.7104	0.9795	0.9998	0.9636	0.7100	0.7101	0.9639	0.7100	0.7095	0.9999	0.9999	0.7100	0.9795	1.0000	0.9998	0.7105	0.9638	0.7100	0.7100	0.9638	0.9639	0.9795	0.9639	0.7094	0.7100	1.0000	0.9639	0.9639	0.7101	0.9639	0.9795	0.9999	0.9639
1.0000	0.9999	0.9998	0.9998	0.9999	0.7114	0.9997	0.9999	0.7113	0.9910	0.7109	1.0000	0.9639	0.9640	0.7109	0.9640	0.7114	0.7119	0.9509	0.9640	0.9996	0.7115	0.7115	1.0000	0.7115	0.7109	0.9640	0.9639	0.7114	0.9509	0.9640	0.9640	0.7120	0.9997	0.7114	0.7115	0.9998	0.9999	0.9509	1.0000	0.7108	0.7115	0.9639	1.0000	0.9999	0.7115	0.9999	0.9509	0.9639	0.9999
0.9999	0.9999	0.9998	0.9999	0.9998	0.7113	0.9997	1.0000	0.7113	0.9910	0.7109	1.0000	0.9639	0.9639	0.7109	0.9640	0.7114	0.7119	0.9508	0.9640	0.9997	0.7114	0.7115	1.0000	0.7115	0.7109	0.9640	0.9639	0.7114	0.9508	0.9639	0.9640	0.7120	0.9998	0.7114	0.7115	0.9999	1.0000	0.9508	0.9999	0.7108	0.7115	0.9639	0.9999	1.0000	0.7115	1.0000	0.9508	0.9639	0.9999
0.7115	0.7115	0.7115	0.7115	0.7115	0.9989	0.7115	0.7115	0.9996	0.7107	0.9978	0.7115	0.7101	0.7101	0.9978	0.7101	0.9979	0.9959	0.7071	0.7101	0.7115	0.9998	0.9997	0.7115	0.9980	0.9978	0.7101	0.7101	0.9997	0.7071	0.7101	0.7101	0.9960	0.7115	0.9996	0.9979	0.7115	0.7115	0.7072	0.7115	0.9972	0.9978	0.7101	0.7115	0.7115	1.0000	0.7114	0.7072	0.7101	0.7115
0.9999	0.9999	0.9997	0.9999	0.9998	0.7113	0.9997	1.0000	0.7113	0.9910	0.7109	0.9999	0.9638	0.9639	0.7109	0.9639	0.7114	0.7119	0.9508	0.9639	0.9997	0.7114	0.7115	0.9999	0.7115	0.7109	0.9639	0.9638	0.7114	0.9508	0.9639	0.9639	0.7120	0.9998	0.7114	0.7114	0.9999	0.9999	0.9508	0.9999	0.7108	0.7115	0.9639	0.9999	1.0000	0.7114	1.0000	0.9508	0.9638	0.9999
0.9509	0.9508	0.9510	0.9507	0.9510	0.7071	0.9506	0.9508	0.7070	0.9480	0.7066	0.9508	0.9795	0.9794	0.7066	0.9793	0.7071	0.7075	0.9989	0.9793	0.9506	0.7071	0.7072	0.9508	0.7071	0.7066	0.9793	0.9795	0.7071	0.9989	0.9794	0.9793	0.7075	0.9507	0.7071	0.7071	0.9507	0.9508	0.9989	0.9508	0.7065	0.7071	0.9795	0.9509	0.9508	0.7072	0.9508	1.0000	0.9795	0.9508
0.9639	0.9638	0.9641	0.9638	0.9640	0.7100	0.9636	0.9639	0.7099	0.9608	0.7095	0.9639	0.9999	0.9998	0.7095	0.9998	0.7100	0.7104	0.9796	0.9998	0.9636	0.7100	0.7101	0.9639	0.7100	0.7095	0.9998	1.0000	0.7100	0.9796	0.9999	0.9998	0.7105	0.9638	0.7100	0.7100	0.9638	0.9639	0.9796	0.9639	0.7094	0.7100	0.9999	0.9639	0.9639	0.7101	0.9638	0.9795	1.0000	0.9638
0.9999	0.9999	0.9998	0.9999	0.9998	0.7114	0.9997	0.9999	0.7114	0.9910	0.7109	0.9999	0.9638	0.9639	0.7109	0.9639	0.7114	0.7119	0.9508	0.9639	0.9997	0.7115	0.7115	0.9999	0.7115	0.7109	0.9639	0.9638	0.7114	0.9508	0.9639	0.9639	0.7120	0.9998	0.7114	0.7115	0.9999	0.9999	0.9508	0.9999	0.7108	0.7115	0.9639	0.9999	0.9999	0.7115	0.9999	0.9508	0.9638	1.0000
