-------------------------------------------------------------------------------
 L       Percentage of nodes in the largest component
 D       Percentage of nodes in components of size at most 3 [-div option]
 R       Percentage of nodes not in L or D: 100 - L -D
 S       Percentage of nodes that are singletons
 E       Fraction of edges retained (input graph has 2450)
 cce     Expected size of component, nodewise [ sum(sz^2) / sum^2(sz) ]
 EW      Edge weight traits (mean, median and IQR)
 ND      Node degree traits [mean, median and IQR]
 CCF     Clustering coefficient (scale 1-100)
 eff     Induced component efficiency relative to start graph (scale 1-1000)
Total number of nodes: 50
----------------------------------------------------------------------------------------------
  L   D   R   S     E     cce  EWmean   EWmed   EWiqr  NDmean   NDmed  NDiqr CCF  eff  Cutoff 
----------------------------------------------------------------------------------------------
100   0   0   0 1.000      50    0.86    0.95    0.29    49.0    49.5    0.5   -    -     0.50
100   0   0   0 1.000      50    0.86    0.95    0.29    49.0    49.5    0.5   -    -     0.51
100   0   0   0 1.000      50    0.86    0.95    0.29    49.0    49.5    0.5   -    -     0.52
100   0   0   0 1.000      50    0.86    0.95    0.29    49.0    49.5    0.5   -    -     0.53
100   0   0   0 1.000      50    0.86    0.95    0.29    49.0    49.5    0.5   -    -     0.54
100   0   0   0 1.000      50    0.86    0.95    0.29    49.0    49.5    0.5   -    -     0.55
100   0   0   0 1.000      50    0.86    0.95    0.29    49.0    49.5    0.5   -    -     0.56
100   0   0   0 1.000      50    0.86    0.95    0.29    49.0    49.5    0.5   -    -     0.57
100   0   0   0 1.000      50    0.86    0.95    0.29    49.0    49.5    0.5   -    -     0.58
100   0   0   0 1.000      50    0.86    0.95    0.29    49.0    49.5    0.5   -    -     0.59
100   0   0   0 1.000      50    0.86    0.95    0.29    49.0    49.5    0.5   -    -     0.60
100   0   0   0 1.000      50    0.86    0.95    0.29    49.0    49.5    0.5   -    -     0.61
100   0   0   0 1.000      50    0.86    0.95    0.29    49.0    49.5    0.5   -    -     0.62
100   0   0   0 1.000      50    0.86    0.95    0.29    49.0    49.5    0.5   -    -     0.63
100   0   0   0 1.000      50    0.86    0.95    0.29    49.0    49.5    0.5   -    -     0.64
100   0   0   0 1.000      50    0.86    0.95    0.29    49.0    49.5    0.5   -    -     0.65
100   0   0   0 1.000      50    0.86    0.95    0.29    49.0    49.5    0.5   -    -     0.66
100   0   0   0 1.000      50    0.86    0.95    0.29    49.0    49.5    0.5   -    -     0.67
100   0   0   0 1.000      50    0.86    0.95    0.29    49.0    49.5    0.5   -    -     0.68
100   0   0   0 1.000      50    0.86    0.95    0.29    49.0    49.5    0.5   -    -     0.69
100   0   0   0 1.000      50    0.86    0.95    0.29    49.0    49.5    0.5   -    -     0.70
100   0   0   0 0.849      50    0.88    0.96    0.29    41.6    39.5   14.5   -    -     0.71
 66   0  34   0 0.542      28    0.98    1.00    0.04    26.6    32.5   16.5   -    -     0.72
 66   0  34   0 0.542      28    0.98    1.00    0.04    26.6    32.5   16.5   -    -     0.73
 66   0  34   0 0.542      28    0.98    1.00    0.04    26.6    32.5   16.5   -    -     0.74
 66   0  34   0 0.542      28    0.98    1.00    0.04    26.6    32.5   16.5   -    -     0.75
 66   0  34   0 0.542      28    0.98    1.00    0.04    26.6    32.5   16.5   -    -     0.76
 66   0  34   0 0.542      28    0.98    1.00    0.04    26.6    32.5   16.5   -    -     0.77
 66   0  34   0 0.542      28    0.98    1.00    0.04    26.6    32.5   16.5   -    -     0.78
 66   0  34   0 0.542      28    0.98    1.00    0.04    26.6    32.5   16.5   -    -     0.79
 66   0  34   0 0.542      28    0.98    1.00    0.04    26.6    32.5   16.5   -    -     0.80
 66   0  34   0 0.542      28    0.98    1.00    0.04    26.6    32.5   16.5   -    -     0.81
 66   0  34   0 0.542      28    0.98    1.00    0.04    26.6    32.5   16.5   -    -     0.82
 66   0  34   0 0.542      28    0.98    1.00    0.04    26.6    32.5   16.5   -    -     0.83
 66   0  34   0 0.542      28    0.98    1.00    0.04    26.6    32.5   16.5   -    -     0.84
 66   0  34   0 0.542      28    0.98    1.00    0.04    26.6    32.5   16.5   -    -     0.85
 66   0  34   0 0.542      28    0.98    1.00    0.04    26.6    32.5   16.5   -    -     0.86
 66   0  34   0 0.542      28    0.98    1.00    0.04    26.6    32.5   16.5   -    -     0.87
 66   0  34   0 0.542      28    0.98    1.00    0.04    26.6    32.5   16.5   -    -     0.88
 66   0  34   0 0.542      28    0.98    1.00    0.04    26.6    32.5   16.5   -    -     0.89
 66   0  34   0 0.542      28    0.98    1.00    0.04    26.6    32.5   16.5   -    -     0.90
 66   0  34   0 0.542      28    0.98    1.00    0.04    26.6    32.5   16.5   -    -     0.91
 66   0  34   0 0.542      28    0.98    1.00    0.04    26.6    32.5   16.5   -    -     0.92
 66   0  34   0 0.542      28    0.98    1.00    0.04    26.6    32.5   16.5   -    -     0.93
 66   0  34   0 0.542      28    0.98    1.00    0.04    26.6    32.5   16.5   -    -     0.94
 66   0  34   0 0.539      28    0.98    1.00    0.04    26.4    32.5   16.5   -    -     0.95
 66   0  34   0 0.480      28    0.99    1.00    0.04    23.5    28.5   12.5   -    -     0.96
 38   0  62   0 0.325      17    1.00    1.00    0.00    15.9    16.5    5.5   -    -     0.97
 38   0  62   0 0.292      15    1.00    1.00    0.00    14.3    16.5    9.5   -    -     0.98
 38   0  62   0 0.292      15    1.00    1.00    0.00    14.3    16.5    9.5   -    -     0.99
---------------------------------------------------------------------------------------------
