-------------------------------------------------------------------------------
 L       Percentage of nodes in the largest component
 D       Percentage of nodes in components of size at most 3 [-div option]
 R       Percentage of nodes not in L or D: 100 - L -D
 S       Percentage of nodes that are singletons
 E       Fraction of edges retained (input graph has 2450)
 cce     Expected size of component, nodewise [ sum(sz^2) / sum^2(sz) ]
 EW      Edge weight traits (mean, median and IQR)
 ND      Node degree traits [mean, median and IQR]
 CCF     Clustering coefficient (scale 1-100)
 eff     Induced component efficiency relative to start graph (scale 1-1000)
Total number of nodes: 50
----------------------------------------------------------------------------------------------
  L   D   R   S     E     cce  EWmean   EWmed   EWiqr  NDmean   NDmed  NDiqr CCF  eff  Cutoff 
----------------------------------------------------------------------------------------------
100   0   0   0 0.960      50    0.62    0.62    0.09    47.0    48.5    3.5   -    -     0.50
100   0   0   0 0.942      50    0.63    0.62    0.09    46.2    47.5    5.5   -    -     0.51
100   0   0   0 0.928      50    0.63    0.62    0.09    45.5    47.5    6.0   -    -     0.52
100   0   0   0 0.908      50    0.63    0.62    0.09    44.5    45.5    7.0   -    -     0.53
100   0   0   0 0.871      50    0.63    0.63    0.08    42.7    45.5    7.5   -    -     0.54
100   0   0   0 0.837      50    0.64    0.63    0.08    41.0    43.5    8.5   -    -     0.55
100   0   0   0 0.798      50    0.64    0.64    0.08    39.1    41.5   10.5   -    -     0.56
100   0   0   0 0.748      50    0.65    0.64    0.07    36.6    39.5   13.0   -    -     0.57
100   0   0   0 0.694      50    0.65    0.65    0.07    34.0    37.5   12.5   -    -     0.58
100   0   0   0 0.646      50    0.66    0.65    0.07    31.6    34.5   15.5   -    -     0.59
100   0   0   0 0.593      50    0.66    0.65    0.06    29.0    30.5   16.0   -    -     0.60
100   0   0   0 0.542      50    0.67    0.66    0.06    26.6    29.5   15.5   -    -     0.61
100   0   0   0 0.480      50    0.67    0.67    0.06    23.5    26.5   16.0   -    -     0.62
 98   2   0   2 0.422      48    0.68    0.67    0.06    20.7    22.5   17.5   -    -     0.63
 98   2   0   2 0.373      48    0.69    0.68    0.05    18.3    19.5   16.5   -    -     0.64
 96   4   0   4 0.320      46    0.69    0.69    0.05    15.7    17.5   15.0   -    -     0.65
 96   4   0   4 0.260      46    0.70    0.70    0.04    12.7    13.5   14.0   -    -     0.66
 96   4   0   4 0.224      46    0.71    0.71    0.04    11.0    10.5   13.5   -    -     0.67
 94   6   0   6 0.189      44    0.72    0.71    0.04     9.2     9.5   11.5   -    -     0.68
 92   8   0   8 0.152      42    0.72    0.72    0.03     7.4     6.5   10.0   -    -     0.69
 86  14   0  14 0.130      37    0.73    0.72    0.03     6.4     5.5   10.5   -    -     0.70
 78  22   0  22 0.096      31    0.74    0.73    0.03     4.7     4.5    8.0   -    -     0.71
 68  32   0  32 0.068      23    0.75    0.74    0.03     3.3     2.5    6.0   -    -     0.72
 60  40   0  40 0.050      18    0.76    0.75    0.03     2.4     1.5    4.5   -    -     0.73
 52  48   0  44 0.037      14    0.76    0.76    0.03     1.8     1.5    3.5   -    -     0.74
 40  60   0  50 0.026       9    0.77    0.77    0.03     1.3     0.5    2.5   -    -     0.75
 24  76   0  54 0.019       4    0.78    0.77    0.02     0.9     0.5    1.5   -    -     0.76
 20  80   0  64 0.012       3    0.79    0.78    0.02     0.6     0.5    1.5   -    -     0.77
  8  84   8  72 0.008       2    0.79    0.79    0.02     0.4     0.5    1.5   -    -     0.78
  0 100   0  80 0.005       1    0.80    0.80    0.01     0.2     0.5    0.5   -    -     0.79
  0 100   0  88 0.002       1    0.80    0.80    0.00     0.1     0.5    0.5   -    -     0.80
  0 100   0 100 0.000       1    0.00    0.00    0.00     0.0     0.5    0.5   -    -     0.81
  0 100   0 100 0.000       1    0.00    0.00    0.00     0.0     0.5    0.5   -    -     0.82
  0 100   0 100 0.000       1    0.00    0.00    0.00     0.0     0.5    0.5   -    -     0.83
  0 100   0 100 0.000       1    0.00    0.00    0.00     0.0     0.5    0.5   -    -     0.84
  0 100   0 100 0.000       1    0.00    0.00    0.00     0.0     0.5    0.5   -    -     0.85
  0 100   0 100 0.000       1    0.00    0.00    0.00     0.0     0.5    0.5   -    -     0.86
  0 100   0 100 0.000       1    0.00    0.00    0.00     0.0     0.5    0.5   -    -     0.87
  0 100   0 100 0.000       1    0.00    0.00    0.00     0.0     0.5    0.5   -    -     0.88
  0 100   0 100 0.000       1    0.00    0.00    0.00     0.0     0.5    0.5   -    -     0.89
  0 100   0 100 0.000       1    0.00    0.00    0.00     0.0     0.5    0.5   -    -     0.90
  0 100   0 100 0.000       1    0.00    0.00    0.00     0.0     0.5    0.5   -    -     0.91
  0 100   0 100 0.000       1    0.00    0.00    0.00     0.0     0.5    0.5   -    -     0.92
  0 100   0 100 0.000       1    0.00    0.00    0.00     0.0     0.5    0.5   -    -     0.93
  0 100   0 100 0.000       1    0.00    0.00    0.00     0.0     0.5    0.5   -    -     0.94
  0 100   0 100 0.000       1    0.00    0.00    0.00     0.0     0.5    0.5   -    -     0.95
  0 100   0 100 0.000       1    0.00    0.00    0.00     0.0     0.5    0.5   -    -     0.96
  0 100   0 100 0.000       1    0.00    0.00    0.00     0.0     0.5    0.5   -    -     0.97
  0 100   0 100 0.000       1    0.00    0.00    0.00     0.0     0.5    0.5   -    -     0.98
  0 100   0 100 0.000       1    0.00    0.00    0.00     0.0     0.5    0.5   -    -     0.99
---------------------------------------------------------------------------------------------
