1.0000	1.0000	0.5529	0.5529	0.9998	0.5529	0.5531	1.0000	0.9999	0.5529	0.9999	0.9999	0.9999	1.0000	0.9998	0.5526	0.9998	0.9999	0.5529	0.9999	0.9998	0.9999	0.9999	0.5529	1.0000	0.9999	0.9999	0.5529	1.0000	0.9999	0.9998	0.9996	0.5529	0.9999	0.9998	0.5529	0.5529	0.5529	0.9997	0.9999	0.9998	0.9998	0.9998	0.5530	0.5529	0.5529	0.9999	0.5529	0.9999	0.9998
1.0000	1.0000	0.5529	0.5529	0.9998	0.5530	0.5531	1.0000	0.9999	0.5529	0.9999	0.9999	0.9999	0.9999	0.9998	0.5526	0.9998	0.9999	0.5529	0.9999	0.9998	0.9999	0.9999	0.5529	0.9999	0.9999	0.9999	0.5530	1.0000	0.9998	0.9998	0.9996	0.5530	0.9999	0.9998	0.5529	0.5530	0.5529	0.9996	0.9999	0.9998	0.9998	0.9998	0.5530	0.5529	0.5530	0.9999	0.5529	0.9999	0.9998
0.5529	0.5529	1.0000	0.9994	0.5529	0.9995	0.9962	0.5529	0.5529	0.9995	0.5529	0.5529	0.5529	0.5529	0.5529	0.9977	0.5529	0.5529	0.9995	0.5529	0.5529	0.5529	0.5529	0.9995	0.5529	0.5529	0.5529	0.9994	0.5529	0.5529	0.5529	0.5529	0.9994	0.5529	0.5529	0.9995	0.9995	0.9994	0.5529	0.5529	0.5529	0.5529	0.5529	0.9994	0.9996	0.9995	0.5529	0.9997	0.5529	0.5529
0.5529	0.5529	0.9994	1.0000	0.5530	0.9999	0.9964	0.5529	0.5530	0.9999	0.5529	0.5529	0.5530	0.5529	0.5529	0.9975	0.5530	0.5529	0.9999	0.5530	0.5530	0.5529	0.5529	1.0000	0.5529	0.5529	0.5529	1.0000	0.5529	0.5529	0.5529	0.5529	1.0000	0.5529	0.5529	1.0000	0.9999	1.0000	0.5529	0.5529	0.5529	0.5529	0.5529	0.9999	0.9998	0.9999	0.5530	0.9997	0.5529	0.5529
0.9998	0.9998	0.5529	0.5530	1.0000	0.5530	0.5531	0.9998	0.9998	0.5529	0.9998	0.9998	0.9999	0.9997	0.9999	0.5526	0.9999	0.9998	0.5529	0.9998	0.9999	0.9997	0.9998	0.5530	0.9998	0.9997	0.9998	0.5530	0.9998	0.9997	0.9996	0.9996	0.5530	0.9998	0.9996	0.5529	0.5530	0.5529	0.9996	0.9998	0.9997	0.9999	0.9996	0.5530	0.5529	0.5530	0.9998	0.5529	0.9998	0.9996
0.5529	0.5530	0.9995	0.9999	0.5530	1.0000	0.9964	0.5530	0.5530	0.9999	0.5530	0.5530	0.5530	0.5529	0.5530	0.9975	0.5530	0.5529	0.9999	0.5530	0.5530	0.5529	0.5530	1.0000	0.5529	0.5529	0.5529	0.9999	0.5529	0.5529	0.5529	0.5529	0.9999	0.5530	0.5529	0.9999	1.0000	0.9999	0.5529	0.5529	0.5529	0.5529	0.5529	0.9999	0.9998	0.9999	0.5530	0.9998	0.5529	0.5529
0.5531	0.5531	0.9962	0.9964	0.5531	0.9964	1.0000	0.5531	0.5531	0.9964	0.5531	0.5531	0.5531	0.5531	0.5531	0.9955	0.5531	0.5531	0.9964	0.5531	0.5531	0.5531	0.5531	0.9964	0.5531	0.5531	0.5531	0.9964	0.5531	0.5531	0.5531	0.5531	0.9964	0.5531	0.5531	0.9964	0.9964	0.9964	0.5531	0.5531	0.5531	0.5531	0.5531	0.9964	0.9963	0.9964	0.5531	0.9963	0.5531	0.5531
1.0000	1.0000	0.5529	0.5529	0.9998	0.5530	0.5531	1.0000	0.9999	0.5529	0.9999	0.9999	0.9999	0.9999	0.9999	0.5526	0.9998	1.0000	0.5529	0.9999	0.9998	0.9999	0.9999	0.5529	0.9999	0.9999	0.9999	0.5530	0.9999	0.9998	0.9998	0.9996	0.5530	0.9999	0.9997	0.5529	0.5530	0.5529	0.9996	0.9999	0.9998	0.9998	0.9997	0.5530	0.5529	0.5530	0.9999	0.5529	0.9999	0.9997
0.9999	0.9999	0.5529	0.5530	0.9998	0.5530	0.5531	0.9999	1.0000	0.5529	0.9999	0.9999	0.9999	0.9999	0.9998	0.5526	0.9998	0.9999	0.5529	0.9999	0.9998	0.9999	0.9999	0.5530	0.9999	0.9998	0.9999	0.5530	0.9999	0.9998	0.9997	0.9996	0.5530	0.9999	0.9997	0.5529	0.5530	0.5530	0.9996	0.9999	0.9998	0.9998	0.9997	0.5530	0.5529	0.5530	0.9999	0.5529	0.9999	0.9997
0.5529	0.5529	0.9995	0.9999	0.5529	0.9999	0.9964	0.5529	0.5529	1.0000	0.5529	0.5529	0.5529	0.5529	0.5529	0.9976	0.5529	0.5529	0.9999	0.5529	0.5529	0.5529	0.5529	0.9999	0.5529	0.5529	0.5529	0.9999	0.5529	0.5529	0.5529	0.5529	0.9999	0.5529	0.5529	0.9999	0.9999	0.9999	0.5529	0.5529	0.5529	0.5529	0.5529	0.9999	0.9999	0.9999	0.5529	0.9998	0.5529	0.5529
0.9999	0.9999	0.5529	0.5529	0.9998	0.5530	0.5531	0.9999	0.9999	0.5529	1.0000	0.9999	0.9999	0.9999	0.9999	0.5526	0.9998	0.9999	0.5529	0.9999	0.9998	0.9999	0.9999	0.5529	0.9999	0.9999	0.9999	0.5530	0.9999	0.9998	0.9998	0.9996	0.5529	0.9999	0.9997	0.5529	0.5530	0.5529	0.9996	0.9999	0.9998	0.9998	0.9998	0.5530	0.5529	0.5530	0.9999	0.5529	0.9999	0.9998
0.9999	0.9999	0.5529	0.5529	0.9998	0.5530	0.5531	0.9999	0.9999	0.5529	0.9999	1.0000	0.9999	0.9999	0.9999	0.5526	0.9999	0.9999	0.5529	0.9999	0.9998	0.9998	0.9999	0.5529	0.9999	0.9998	0.9999	0.5530	0.9999	0.9998	0.9997	0.9996	0.5530	0.9999	0.9997	0.5529	0.5530	0.5529	0.9996	0.9999	0.9998	0.9999	0.9997	0.5530	0.5529	0.5530	0.9999	0.5529	0.9999	0.9997
0.9999	0.9999	0.5529	0.5530	0.9999	0.5530	0.5531	0.9999	0.9999	0.5529	0.9999	0.9999	1.0000	0.9998	1.0000	0.5526	0.9999	0.9999	0.5529	0.9999	0.9999	0.9998	0.9999	0.5530	0.9999	0.9998	0.9999	0.5530	0.9998	0.9997	0.9997	0.9996	0.5530	0.9998	0.9996	0.5529	0.5530	0.5530	0.9996	0.9999	0.9997	0.9999	0.9997	0.5530	0.5529	0.5530	0.9999	0.5529	0.9999	0.9997
1.0000	0.9999	0.5529	0.5529	0.9997	0.5529	0.5531	0.9999	0.9999	0.5529	0.9999	0.9999	0.9998	1.0000	0.9998	0.5526	0.9997	0.9999	0.5529	0.9999	0.9997	0.9999	0.9999	0.5529	0.9999	0.9999	0.9999	0.5530	1.0000	0.9998	0.9998	0.9996	0.5529	0.9999	0.9998	0.5529	0.5530	0.5529	0.9996	0.9999	0.9998	0.9997	0.9998	0.5530	0.5529	0.5529	0.9999	0.5529	0.9999	0.9998
0.9998	0.9998	0.5529	0.5529	0.9999	0.5530	0.5531	0.9999	0.9998	0.5529	0.9999	0.9999	1.0000	0.9998	1.0000	0.5526	0.9999	0.9999	0.5529	0.9999	0.9999	0.9998	0.9999	0.5529	0.9999	0.9998	0.9999	0.5530	0.9998	0.9997	0.9997	0.9996	0.5529	0.9998	0.9996	0.5529	0.5530	0.5529	0.9996	0.9999	0.9997	0.9999	0.9996	0.5530	0.5529	0.5530	0.9999	0.5529	0.9999	0.9997
0.5526	0.5526	0.9977	0.9975	0.5526	0.9975	0.9955	0.5526	0.5526	0.9976	0.5526	0.5526	0.5526	0.5526	0.5526	1.0000	0.5526	0.5526	0.9976	0.5526	0.5526	0.5526	0.5526	0.9975	0.5526	0.5526	0.5526	0.9975	0.5526	0.5526	0.5526	0.5526	0.9975	0.5526	0.5526	0.9976	0.9975	0.9975	0.5526	0.5526	0.5526	0.5526	0.5526	0.9975	0.9976	0.9975	0.5526	0.9976	0.5526	0.5526
0.9998	0.9998	0.5529	0.5530	0.9999	0.5530	0.5531	0.9998	0.9998	0.5529	0.9998	0.9999	0.9999	0.9997	0.9999	0.5526	1.0000	0.9998	0.5529	0.9998	0.9999	0.9997	0.9999	0.5530	0.9998	0.9997	0.9998	0.5530	0.9998	0.9997	0.9996	0.9996	0.5530	0.9997	0.9996	0.5529	0.5530	0.5530	0.9996	0.9998	0.9997	0.9999	0.9996	0.5530	0.5529	0.5530	0.9998	0.5529	0.9998	0.9996
0.9999	0.9999	0.5529	0.5529	0.9998	0.5529	0.5531	1.0000	0.9999	0.5529	0.9999	0.9999	0.9999	0.9999	0.9999	0.5526	0.9998	1.0000	0.5529	0.9999	0.9998	0.9999	0.9999	0.5529	0.9999	0.9999	0.9999	0.5530	0.9999	0.9998	0.9998	0.9997	0.5529	0.9999	0.9997	0.5529	0.5530	0.5529	0.9996	0.9999	0.9998	0.9998	0.9997	0.5530	0.5529	0.5530	0.9999	0.5529	0.9999	0.9997
0.5529	0.5529	0.9995	0.9999	0.5529	0.9999	0.9964	0.5529	0.5529	0.9999	0.5529	0.5529	0.5529	0.5529	0.5529	0.9976	0.5529	0.5529	1.0000	0.5529	0.5529	0.5529	0.5529	0.9999	0.5529	0.5529	0.5529	0.9999	0.5529	0.5529	0.5529	0.5529	0.9999	0.5529	0.5529	1.0000	0.9999	0.9999	0.5529	0.5529	0.5529	0.5529	0.5529	0.9999	0.9999	0.9999	0.5529	0.9998	0.5529	0.5529
0.9999	0.9999	0.5529	0.5530	0.9998	0.5530	0.5531	0.9999	0.9999	0.5529	0.9999	0.9999	0.9999	0.9999	0.9999	0.5526	0.9998	0.9999	0.5529	1.0000	0.9998	0.9998	0.9999	0.5530	0.9999	0.9998	0.9998	0.5530	0.9999	0.9998	0.9997	0.9996	0.5530	0.9999	0.9997	0.5530	0.5530	0.5530	0.9996	0.9999	0.9997	0.9998	0.9997	0.5530	0.5529	0.5530	0.9999	0.5529	0.9999	0.9997
0.9998	0.9998	0.5529	0.5530	0.9999	0.5530	0.5531	0.9998	0.9998	0.5529	0.9998	0.9998	0.9999	0.9997	0.9999	0.5526	0.9999	0.9998	0.5529	0.9998	1.0000	0.9997	0.9999	0.5530	0.9998	0.9997	0.9998	0.5530	0.9997	0.9997	0.9996	0.9996	0.5530	0.9997	0.9996	0.5529	0.5530	0.5530	0.9996	0.9998	0.9997	0.9999	0.9996	0.5530	0.5529	0.5530	0.9998	0.5529	0.9998	0.9996
0.9999	0.9999	0.5529	0.5529	0.9997	0.5529	0.5531	0.9999	0.9999	0.5529	0.9999	0.9998	0.9998	0.9999	0.9998	0.5526	0.9997	0.9999	0.5529	0.9998	0.9997	1.0000	0.9998	0.5529	0.9999	1.0000	0.9999	0.5529	0.9999	0.9999	0.9999	0.9996	0.5529	0.9999	0.9998	0.5529	0.5529	0.5529	0.9997	0.9999	0.9998	0.9998	0.9999	0.5529	0.5529	0.5529	0.9998	0.5529	0.9999	0.9999
0.9999	0.9999	0.5529	0.5529	0.9998	0.5530	0.5531	0.9999	0.9999	0.5529	0.9999	0.9999	0.9999	0.9999	0.9999	0.5526	0.9999	0.9999	0.5529	0.9999	0.9999	0.9998	1.0000	0.5529	0.9999	0.9998	0.9999	0.5530	0.9999	0.9998	0.9997	0.9997	0.5530	0.9998	0.9997	0.5529	0.5530	0.5529	0.9996	0.9999	0.9997	0.9998	0.9997	0.5530	0.5529	0.5530	0.9999	0.5529	0.9999	0.9997
0.5529	0.5529	0.9995	1.0000	0.5530	1.0000	0.9964	0.5529	0.5530	0.9999	0.5529	0.5529	0.5530	0.5529	0.5529	0.9975	0.5530	0.5529	0.9999	0.5530	0.5530	0.5529	0.5529	1.0000	0.5529	0.5529	0.5529	0.9999	0.5529	0.5529	0.5529	0.5529	1.0000	0.5529	0.5529	0.9999	0.9999	0.9999	0.5529	0.5529	0.5529	0.5529	0.5529	0.9999	0.9998	0.9999	0.5530	0.9997	0.5529	0.5529
1.0000	0.9999	0.5529	0.5529	0.9998	0.5529	0.5531	0.9999	0.9999	0.5529	0.9999	0.9999	0.9999	0.9999	0.9999	0.5526	0.9998	0.9999	0.5529	0.9999	0.9998	0.9999	0.9999	0.5529	1.0000	0.9999	0.9999	0.5530	0.9999	0.9999	0.9998	0.9996	0.5529	0.9999	0.9998	0.5529	0.5530	0.5529	0.9997	0.9999	0.9998	0.9998	0.9998	0.5530	0.5529	0.5529	0.9999	0.5529	0.9999	0.9998
0.9999	0.9999	0.5529	0.5529	0.9997	0.5529	0.5531	0.9999	0.9998	0.5529	0.9999	0.9998	0.9998	0.9999	0.9998	0.5526	0.9997	0.9999	0.5529	0.9998	0.9997	1.0000	0.9998	0.5529	0.9999	1.0000	0.9999	0.5529	0.9999	0.9999	0.9999	0.9996	0.5529	0.9999	0.9998	0.5529	0.5529	0.5529	0.9997	0.9999	0.9998	0.9998	0.9998	0.5529	0.5529	0.5529	0.9998	0.5529	0.9999	0.9999
0.9999	0.9999	0.5529	0.5529	0.9998	0.5529	0.5531	0.9999	0.9999	0.5529	0.9999	0.9999	0.9999	0.9999	0.9999	0.5526	0.9998	0.9999	0.5529	0.9998	0.9998	0.9999	0.9999	0.5529	0.9999	0.9999	1.0000	0.5529	0.9999	0.9999	0.9998	0.9996	0.5529	0.9999	0.9997	0.5529	0.5529	0.5529	0.9997	1.0000	0.9998	0.9999	0.9998	0.5530	0.5529	0.5529	0.9998	0.5529	1.0000	0.9998
0.5529	0.5530	0.9994	1.0000	0.5530	0.9999	0.9964	0.5530	0.5530	0.9999	0.5530	0.5530	0.5530	0.5530	0.5530	0.9975	0.5530	0.5530	0.9999	0.5530	0.5530	0.5529	0.5530	0.9999	0.5530	0.5529	0.5529	1.0000	0.5530	0.5529	0.5529	0.5529	1.0000	0.5530	0.5529	0.9999	0.9999	1.0000	0.5529	0.5529	0.5529	0.5529	0.5529	1.0000	0.9998	0.9999	0.5530	0.9997	0.5529	0.5529
1.0000	1.0000	0.5529	0.5529	0.9998	0.5529	0.5531	0.9999	0.9999	0.5529	0.9999	0.9999	0.9998	1.0000	0.9998	0.5526	0.9998	0.9999	0.5529	0.9999	0.9997	0.9999	0.9999	0.5529	0.9999	0.9999	0.9999	0.5530	1.0000	0.9999	0.9998	0.9996	0.5529	0.9999	0.9998	0.5529	0.5529	0.5529	0.9997	0.9999	0.9998	0.9998	0.9998	0.5530	0.5529	0.5529	0.9999	0.5529	0.9999	0.9998
0.9999	0.9998	0.5529	0.5529	0.9997	0.5529	0.5531	0.9998	0.9998	0.5529	0.9998	0.9998	0.9997	0.9998	0.9997	0.5526	0.9997	0.9998	0.5529	0.9998	0.9997	0.9999	0.9998	0.5529	0.9999	0.9999	0.9999	0.5529	0.9999	1.0000	0.9999	0.9996	0.5529	0.9999	0.9999	0.5529	0.5529	0.5529	0.9997	0.9999	0.9998	0.9997	0.9999	0.5529	0.5529	0.5529	0.9997	0.5529	0.9999	0.9999
0.9998	0.9998	0.5529	0.5529	0.9996	0.5529	0.5531	0.9998	0.9997	0.5529	0.9998	0.9997	0.9997	0.9998	0.9997	0.5526	0.9996	0.9998	0.5529	0.9997	0.9996	0.9999	0.9997	0.5529	0.9998	0.9999	0.9998	0.5529	0.9998	0.9999	1.0000	0.9995	0.5529	0.9998	1.0000	0.5529	0.5529	0.5529	0.9997	0.9998	0.9998	0.9996	0.9999	0.5529	0.5529	0.5529	0.9997	0.5529	0.9998	0.9999
0.9996	0.9996	0.5529	0.5529	0.9996	0.5529	0.5531	0.9996	0.9996	0.5529	0.9996	0.9996	0.9996	0.9996	0.9996	0.5526	0.9996	0.9997	0.5529	0.9996	0.9996	0.9996	0.9997	0.5529	0.9996	0.9996	0.9996	0.5529	0.9996	0.9996	0.9995	1.0000	0.5529	0.9996	0.9995	0.5529	0.5529	0.5529	0.9995	0.9996	0.9996	0.9996	0.9995	0.5529	0.5529	0.5529	0.9996	0.5529	0.9996	0.9995
0.5529	0.5530	0.9994	1.0000	0.5530	0.9999	0.9964	0.5530	0.5530	0.9999	0.5529	0.5530	0.5530	0.5529	0.5529	0.9975	0.5530	0.5529	0.9999	0.5530	0.5530	0.5529	0.5530	1.0000	0.5529	0.5529	0.5529	1.0000	0.5529	0.5529	0.5529	0.5529	1.0000	0.5530	0.5529	0.9999	0.9999	1.0000	0.5529	0.5529	0.5529	0.5529	0.5529	0.9999	0.9998	0.9999	0.5530	0.9997	0.5529	0.5529
0.9999	0.9999	0.5529	0.5529	0.9998	0.5530	0.5531	0.9999	0.9999	0.5529	0.9999	0.9999	0.9998	0.9999	0.9998	0.5526	0.9997	0.9999	0.5529	0.9999	0.9997	0.9999	0.9998	0.5529	0.9999	0.9999	0.9999	0.5530	0.9999	0.9999	0.9998	0.9996	0.5530	1.0000	0.9998	0.5529	0.5530	0.5529	0.9997	0.9999	0.9998	0.9998	0.9998	0.5530	0.5529	0.5530	0.9998	0.5529	0.9999	0.9998
0.9998	0.9998	0.5529	0.5529	0.9996	0.5529	0.5531	0.9997	0.9997	0.5529	0.9997	0.9997	0.9996	0.9998	0.9996	0.5526	0.9996	0.9997	0.5529	0.9997	0.9996	0.9998	0.9997	0.5529	0.9998	0.9998	0.9997	0.5529	0.9998	0.9999	1.0000	0.9995	0.5529	0.9998	1.0000	0.5529	0.5529	0.5529	0.9996	0.9998	0.9998	0.9996	0.9999	0.5529	0.5529	0.5529	0.9997	0.5529	0.9997	0.9999
0.5529	0.5529	0.9995	1.0000	0.5529	0.9999	0.9964	0.5529	0.5529	0.9999	0.5529	0.5529	0.5529	0.5529	0.5529	0.9976	0.5529	0.5529	1.0000	0.5530	0.5529	0.5529	0.5529	0.9999	0.5529	0.5529	0.5529	0.9999	0.5529	0.5529	0.5529	0.5529	0.9999	0.5529	0.5529	1.0000	0.9999	1.0000	0.5529	0.5529	0.5529	0.5529	0.5529	0.9999	0.9999	0.9999	0.5530	0.9997	0.5529	0.5529
0.5529	0.5530	0.9995	0.9999	0.5530	1.0000	0.9964	0.5530	0.5530	0.9999	0.5530	0.5530	0.5530	0.5530	0.5530	0.9975	0.5530	0.5530	0.9999	0.5530	0.5530	0.5529	0.5530	0.9999	0.5530	0.5529	0.5529	0.9999	0.5529	0.5529	0.5529	0.5529	0.9999	0.5530	0.5529	0.9999	1.0000	0.9999	0.5529	0.5529	0.5529	0.5529	0.5529	0.9999	0.9998	0.9999	0.5530	0.9998	0.5529	0.5529
0.5529	0.5529	0.9994	1.0000	0.5529	0.9999	0.9964	0.5529	0.5530	0.9999	0.5529	0.5529	0.5530	0.5529	0.5529	0.9975	0.5530	0.5529	0.9999	0.5530	0.5530	0.5529	0.5529	0.9999	0.5529	0.5529	0.5529	1.0000	0.5529	0.5529	0.5529	0.5529	1.0000	0.5529	0.5529	1.0000	0.9999	1.0000	0.5529	0.5529	0.5529	0.5529	0.5529	0.9999	0.9998	0.9999	0.5530	0.9997	0.5529	0.5529
0.9997	0.9996	0.5529	0.5529	0.9996	0.5529	0.5531	0.9996	0.9996	0.5529	0.9996	0.9996	0.9996	0.9996	0.9996	0.5526	0.9996	0.9996	0.5529	0.9996	0.9996	0.9997	0.9996	0.5529	0.9997	0.9997	0.9997	0.5529	0.9997	0.9997	0.9997	0.9995	0.5529	0.9997	0.9996	0.5529	0.5529	0.5529	1.0000	0.9997	0.9997	0.9996	0.9997	0.5529	0.5529	0.5529	0.9996	0.5529	0.9997	0.9997
0.9999	0.9999	0.5529	0.5529	0.9998	0.5529	0.5531	0.9999	0.9999	0.5529	0.9999	0.9999	0.9999	0.9999	0.9999	0.5526	0.9998	0.9999	0.5529	0.9999	0.9998	0.9999	0.9999	0.5529	0.9999	0.9999	1.0000	0.5529	0.9999	0.9999	0.9998	0.9996	0.5529	0.9999	0.9998	0.5529	0.5529	0.5529	0.9997	1.0000	0.9998	0.9998	0.9998	0.5529	0.5529	0.5529	0.9998	0.5529	1.0000	0.9998
0.9998	0.9998	0.5529	0.5529	0.9997	0.5529	0.5531	0.9998	0.9998	0.5529	0.9998	0.9998	0.9997	0.9998	0.9997	0.5526	0.9997	0.9998	0.5529	0.9997	0.9997	0.9998	0.9997	0.5529	0.9998	0.9998	0.9998	0.5529	0.9998	0.9998	0.9998	0.9996	0.5529	0.9998	0.9998	0.5529	0.5529	0.5529	0.9997	0.9998	1.0000	0.9997	0.9998	0.5529	0.5529	0.5529	0.9997	0.5529	0.9998	0.9998
0.9998	0.9998	0.5529	0.5529	0.9999	0.5529	0.5531	0.9998	0.9998	0.5529	0.9998	0.9999	0.9999	0.9997	0.9999	0.5526	0.9999	0.9998	0.5529	0.9998	0.9999	0.9998	0.9998	0.5529	0.9998	0.9998	0.9999	0.5529	0.9998	0.9997	0.9996	0.9996	0.5529	0.9998	0.9996	0.5529	0.5529	0.5529	0.9996	0.9998	0.9997	1.0000	0.9996	0.5530	0.5529	0.5529	0.9998	0.5529	0.9999	0.9996
0.9998	0.9998	0.5529	0.5529	0.9996	0.5529	0.5531	0.9997	0.9997	0.5529	0.9998	0.9997	0.9997	0.9998	0.9996	0.5526	0.9996	0.9997	0.5529	0.9997	0.9996	0.9999	0.9997	0.5529	0.9998	0.9998	0.9998	0.5529	0.9998	0.9999	0.9999	0.9995	0.5529	0.9998	0.9999	0.5529	0.5529	0.5529	0.9997	0.9998	0.9998	0.9996	1.0000	0.5529	0.5529	0.5529	0.9997	0.5529	0.9998	1.0000
0.5530	0.5530	0.9994	0.9999	0.5530	0.9999	0.9964	0.5530	0.5530	0.9999	0.5530	0.5530	0.5530	0.5530	0.5530	0.9975	0.5530	0.5530	0.9999	0.5530	0.5530	0.5529	0.5530	0.9999	0.5530	0.5529	0.5530	1.0000	0.5530	0.5529	0.5529	0.5529	0.9999	0.5530	0.5529	0.9999	0.9999	0.9999	0.5529	0.5529	0.5529	0.5530	0.5529	1.0000	0.9998	0.9999	0.5530	0.9997	0.5530	0.5529
0.5529	0.5529	0.9996	0.9998	0.5529	0.9998	0.9963	0.5529	0.5529	0.9999	0.5529	0.5529	0.5529	0.5529	0.5529	0.9976	0.5529	0.5529	0.9999	0.5529	0.5529	0.5529	0.5529	0.9998	0.5529	0.5529	0.5529	0.9998	0.5529	0.5529	0.5529	0.5529	0.9998	0.5529	0.5529	0.9999	0.9998	0.9998	0.5529	0.5529	0.5529	0.5529	0.5529	0.9998	1.0000	0.9998	0.5529	0.9998	0.5529	0.5529
0.5529	0.5530	0.9995	0.9999	0.5530	0.9999	0.9964	0.5530	0.5530	0.9999	0.5530	0.5530	0.5530	0.5529	0.5530	0.9975	0.5530	0.5530	0.9999	0.5530	0.5530	0.5529	0.5530	0.9999	0.5529	0.5529	0.5529	0.9999	0.5529	0.5529	0.5529	0.5529	0.9999	0.5530	0.5529	0.9999	0.9999	0.9999	0.5529	0.5529	0.5529	0.5529	0.5529	0.9999	0.9998	1.0000	0.5530	0.9998	0.5529	0.5529
0.9999	0.9999	0.5529	0.5530	0.9998	0.5530	0.5531	0.9999	0.9999	0.5529	0.9999	0.9999	0.9999	0.9999	0.9999	0.5526	0.9998	0.9999	0.5529	0.9999	0.9998	0.9998	0.9999	0.5530	0.9999	0.9998	0.9998	0.5530	0.9999	0.9997	0.9997	0.9996	0.5530	0.9998	0.9997	0.5530	0.5530	0.5530	0.9996	0.9998	0.9997	0.9998	0.9997	0.5530	0.5529	0.5530	1.0000	0.5529	0.9998	0.9997
0.5529	0.5529	0.9997	0.9997	0.5529	0.9998	0.9963	0.5529	0.5529	0.9998	0.5529	0.5529	0.5529	0.5529	0.5529	0.9976	0.5529	0.5529	0.9998	0.5529	0.5529	0.5529	0.5529	0.9997	0.5529	0.5529	0.5529	0.9997	0.5529	0.5529	0.5529	0.5529	0.9997	0.5529	0.5529	0.9997	0.9998	0.9997	0.5529	0.5529	0.5529	0.5529	0.5529	0.9997	0.9998	0.9998	0.5529	1.0000	0.5529	0.5529
0.9999	0.9999	0.5529	0.5529	0.9998	0.5529	0.5531	0.9999	0.9999	0.5529	0.9999	0.9999	0.9999	0.9999	0.9999	0.5526	0.9998	0.9999	0.5529	0.9999	0.9998	0.9999	0.9999	0.5529	0.9999	0.9999	1.0000	0.5529	0.9999	0.9999	0.9998	0.9996	0.5529	0.9999	0.9997	0.5529	0.5529	0.5529	0.9997	1.0000	0.9998	0.9999	0.9998	0.5530	0.5529	0.5529	0.9998	0.5529	1.0000	0.9998
0.9998	0.9998	0.5529	0.5529	0.9996	0.5529	0.5531	0.9997	0.9997	0.5529	0.9998	0.9997	0.9997	0.9998	0.9997	0.5526	0.9996	0.9997	0.5529	0.9997	0.9996	0.9999	0.9997	0.5529	0.9998	0.9999	0.9998	0.5529	0.9998	0.9999	0.9999	0.9995	0.5529	0.9998	0.9999	0.5529	0.5529	0.5529	0.9997	0.9998	0.9998	0.9996	1.0000	0.5529	0.5529	0.5529	0.9997	0.5529	0.9998	1.0000
