1.0000	0.9999	0.6659	0.6659	0.6659	0.9999	0.6659	0.6659	0.6659	0.6659	0.6659	1.0000	0.9999	0.6659	0.6659	0.6659	0.6659	0.9999	0.6659	1.0000	1.0000	0.9999	1.0000	0.6659	0.9999	0.6659	0.6659	0.6659	0.6659	0.6659	1.0000	0.6659	0.9999	1.0000	0.6659	0.6659	0.6659	0.6659	0.9999	0.6659	0.9998	0.6659	1.0000	0.6659	0.6659	0.6659	0.6660	1.0000	0.6660	0.9998
0.9999	1.0000	0.6659	0.6659	0.6659	0.9999	0.6659	0.6659	0.6659	0.6659	0.6659	0.9999	1.0000	0.6659	0.6659	0.6659	0.6659	0.9999	0.6659	1.0000	0.9999	0.9999	0.9999	0.6659	0.9999	0.6659	0.6659	0.6659	0.6659	0.6659	0.9999	0.6659	0.9999	0.9999	0.6659	0.6659	0.6659	0.6659	0.9999	0.6659	0.9998	0.6659	0.9999	0.6659	0.6659	0.6659	0.6659	0.9999	0.6659	0.9998
0.6659	0.6659	1.0000	1.0000	1.0000	0.6659	1.0000	1.0000	1.0000	1.0000	1.0000	0.6659	0.6659	1.0000	1.0000	0.9999	1.0000	0.6659	0.9998	0.6659	0.6659	0.6660	0.6659	0.9999	0.6659	1.0000	1.0000	0.9999	1.0000	0.9999	0.6659	1.0000	0.6659	0.6659	0.9999	1.0000	0.9999	1.0000	0.6659	0.9998	0.6660	1.0000	0.6659	1.0000	1.0000	1.0000	0.9997	0.6659	0.9998	0.6660
0.6659	0.6659	1.0000	1.0000	1.0000	0.6659	1.0000	1.0000	1.0000	1.0000	1.0000	0.6659	0.6659	1.0000	1.0000	0.9999	1.0000	0.6659	0.9998	0.6659	0.6659	0.6660	0.6659	0.9999	0.6659	1.0000	1.0000	0.9999	1.0000	0.9999	0.6659	1.0000	0.6659	0.6659	0.9999	1.0000	0.9999	1.0000	0.6659	0.9998	0.6660	1.0000	0.6659	1.0000	1.0000	1.0000	0.9996	0.6659	0.9998	0.6660
0.6659	0.6659	1.0000	1.0000	1.0000	0.6659	1.0000	1.0000	1.0000	1.0000	1.0000	0.6659	0.6659	1.0000	1.0000	0.9999	1.0000	0.6659	0.9998	0.6659	0.6659	0.6660	0.6659	0.9999	0.6659	1.0000	1.0000	0.9999	1.0000	0.9999	0.6659	1.0000	0.6659	0.6659	0.9999	1.0000	0.9999	1.0000	0.6659	0.9998	0.6660	1.0000	0.6659	1.0000	1.0000	1.0000	0.9996	0.6659	0.9998	0.6660
0.9999	0.9999	0.6659	0.6659	0.6659	1.0000	0.6659	0.6659	0.6659	0.6659	0.6659	0.9999	0.9999	0.6659	0.6659	0.6659	0.6659	1.0000	0.6659	0.9999	0.9999	1.0000	0.9999	0.6659	0.9999	0.6659	0.6659	0.6659	0.6659	0.6659	0.9999	0.6659	0.9999	0.9999	0.6659	0.6659	0.6659	0.6659	0.9999	0.6660	0.9999	0.6659	0.9999	0.6659	0.6659	0.6659	0.6660	0.9999	0.6660	0.9999
0.6659	0.6659	1.0000	1.0000	1.0000	0.6659	1.0000	1.0000	1.0000	1.0000	1.0000	0.6659	0.6659	1.0000	1.0000	0.9999	1.0000	0.6659	0.9998	0.6659	0.6659	0.6660	0.6659	1.0000	0.6659	1.0000	1.0000	0.9999	1.0000	0.9999	0.6659	1.0000	0.6659	0.6659	0.9999	1.0000	0.9999	1.0000	0.6659	0.9998	0.6660	1.0000	0.6659	1.0000	1.0000	1.0000	0.9997	0.6659	0.9998	0.6660
0.6659	0.6659	1.0000	1.0000	1.0000	0.6659	1.0000	1.0000	1.0000	1.0000	1.0000	0.6659	0.6659	1.0000	1.0000	0.9999	1.0000	0.6659	0.9998	0.6659	0.6660	0.6660	0.6659	0.9999	0.6659	1.0000	1.0000	0.9999	1.0000	0.9999	0.6659	1.0000	0.6659	0.6659	0.9999	1.0000	0.9999	1.0000	0.6659	0.9998	0.6660	1.0000	0.6659	1.0000	1.0000	1.0000	0.9997	0.6659	0.9998	0.6660
0.6659	0.6659	1.0000	1.0000	1.0000	0.6659	1.0000	1.0000	1.0000	1.0000	1.0000	0.6659	0.6659	1.0000	0.9999	0.9999	1.0000	0.6659	0.9999	0.6659	0.6659	0.6660	0.6659	0.9999	0.6659	0.9999	1.0000	0.9999	1.0000	0.9999	0.6659	1.0000	0.6659	0.6659	0.9999	1.0000	0.9999	1.0000	0.6659	0.9998	0.6660	1.0000	0.6659	1.0000	1.0000	1.0000	0.9996	0.6659	0.9998	0.6660
0.6659	0.6659	1.0000	1.0000	1.0000	0.6659	1.0000	1.0000	1.0000	1.0000	1.0000	0.6659	0.6659	1.0000	1.0000	0.9999	1.0000	0.6659	0.9998	0.6659	0.6660	0.6660	0.6659	0.9999	0.6659	1.0000	1.0000	0.9999	1.0000	0.9999	0.6659	1.0000	0.6659	0.6659	0.9999	1.0000	0.9999	1.0000	0.6659	0.9998	0.6660	1.0000	0.6659	1.0000	1.0000	1.0000	0.9996	0.6659	0.9998	0.6660
0.6659	0.6659	1.0000	1.0000	1.0000	0.6659	1.0000	1.0000	1.0000	1.0000	1.0000	0.6659	0.6659	1.0000	0.9999	0.9999	1.0000	0.6659	0.9999	0.6659	0.6659	0.6659	0.6659	0.9999	0.6659	0.9999	1.0000	0.9999	1.0000	0.9999	0.6659	1.0000	0.6659	0.6659	0.9999	1.0000	0.9999	1.0000	0.6659	0.9998	0.6660	1.0000	0.6659	1.0000	0.9999	1.0000	0.9996	0.6659	0.9998	0.6660
1.0000	0.9999	0.6659	0.6659	0.6659	0.9999	0.6659	0.6659	0.6659	0.6659	0.6659	1.0000	0.9999	0.6659	0.6660	0.6659	0.6659	0.9999	0.6659	0.9999	1.0000	0.9999	0.9999	0.6659	0.9999	0.6659	0.6659	0.6659	0.6659	0.6659	1.0000	0.6659	0.9999	0.9999	0.6660	0.6659	0.6659	0.6659	0.9999	0.6660	0.9998	0.6659	0.9999	0.6659	0.6659	0.6659	0.6660	1.0000	0.6660	0.9998
0.9999	1.0000	0.6659	0.6659	0.6659	0.9999	0.6659	0.6659	0.6659	0.6659	0.6659	0.9999	1.0000	0.6659	0.6659	0.6659	0.6659	0.9999	0.6659	1.0000	0.9999	0.9999	1.0000	0.6659	1.0000	0.6659	0.6659	0.6659	0.6659	0.6659	0.9999	0.6659	1.0000	1.0000	0.6659	0.6659	0.6659	0.6659	1.0000	0.6659	0.9998	0.6659	1.0000	0.6659	0.6659	0.6659	0.6659	0.9999	0.6659	0.9998
0.6659	0.6659	1.0000	1.0000	1.0000	0.6659	1.0000	1.0000	1.0000	1.0000	1.0000	0.6659	0.6659	1.0000	1.0000	0.9999	1.0000	0.6659	0.9998	0.6659	0.6659	0.6660	0.6659	0.9999	0.6659	1.0000	1.0000	0.9999	1.0000	0.9999	0.6659	1.0000	0.6659	0.6659	0.9999	1.0000	0.9999	1.0000	0.6659	0.9998	0.6660	1.0000	0.6659	1.0000	1.0000	1.0000	0.9996	0.6659	0.9998	0.6660
0.6659	0.6659	1.0000	1.0000	1.0000	0.6659	1.0000	1.0000	0.9999	1.0000	0.9999	0.6660	0.6659	1.0000	1.0000	0.9999	0.9999	0.6659	0.9998	0.6659	0.6660	0.6660	0.6659	1.0000	0.6659	1.0000	1.0000	0.9999	1.0000	0.9998	0.6660	1.0000	0.6659	0.6659	0.9999	1.0000	0.9999	1.0000	0.6659	0.9999	0.6660	0.9999	0.6659	1.0000	1.0000	0.9999	0.9997	0.6660	0.9998	0.6660
0.6659	0.6659	0.9999	0.9999	0.9999	0.6659	0.9999	0.9999	0.9999	0.9999	0.9999	0.6659	0.6659	0.9999	0.9999	1.0000	0.9999	0.6659	0.9999	0.6659	0.6659	0.6659	0.6659	0.9998	0.6659	0.9999	0.9999	1.0000	0.9999	1.0000	0.6659	0.9999	0.6659	0.6659	0.9998	0.9999	1.0000	0.9999	0.6659	0.9997	0.6660	0.9999	0.6659	0.9999	0.9999	0.9999	0.9995	0.6659	0.9997	0.6660
0.6659	0.6659	1.0000	1.0000	1.0000	0.6659	1.0000	1.0000	1.0000	1.0000	1.0000	0.6659	0.6659	1.0000	0.9999	0.9999	1.0000	0.6659	0.9998	0.6659	0.6659	0.6659	0.6659	0.9999	0.6659	1.0000	1.0000	0.9999	1.0000	0.9999	0.6659	1.0000	0.6659	0.6659	0.9999	1.0000	0.9999	1.0000	0.6659	0.9998	0.6660	1.0000	0.6659	1.0000	1.0000	1.0000	0.9996	0.6659	0.9998	0.6660
0.9999	0.9999	0.6659	0.6659	0.6659	1.0000	0.6659	0.6659	0.6659	0.6659	0.6659	0.9999	0.9999	0.6659	0.6659	0.6659	0.6659	1.0000	0.6659	0.9999	0.9999	1.0000	0.9999	0.6659	0.9999	0.6659	0.6659	0.6659	0.6659	0.6659	0.9999	0.6659	0.9999	0.9999	0.6659	0.6659	0.6659	0.6659	0.9999	0.6660	1.0000	0.6659	0.9999	0.6659	0.6659	0.6659	0.6660	0.9999	0.6660	0.9999
0.6659	0.6659	0.9998	0.9998	0.9998	0.6659	0.9998	0.9998	0.9999	0.9998	0.9999	0.6659	0.6659	0.9998	0.9998	0.9999	0.9998	0.6659	1.0000	0.6659	0.6659	0.6659	0.6659	0.9998	0.6659	0.9998	0.9998	0.9999	0.9998	1.0000	0.6659	0.9998	0.6659	0.6659	0.9997	0.9998	0.9999	0.9998	0.6659	0.9997	0.6659	0.9999	0.6659	0.9998	0.9998	0.9998	0.9995	0.6659	0.9996	0.6660
1.0000	1.0000	0.6659	0.6659	0.6659	0.9999	0.6659	0.6659	0.6659	0.6659	0.6659	0.9999	1.0000	0.6659	0.6659	0.6659	0.6659	0.9999	0.6659	1.0000	0.9999	0.9999	1.0000	0.6659	0.9999	0.6659	0.6659	0.6659	0.6659	0.6659	0.9999	0.6659	1.0000	1.0000	0.6659	0.6659	0.6659	0.6659	1.0000	0.6659	0.9999	0.6659	1.0000	0.6659	0.6659	0.6659	0.6660	0.9999	0.6659	0.9998
1.0000	0.9999	0.6659	0.6659	0.6659	0.9999	0.6659	0.6660	0.6659	0.6660	0.6659	1.0000	0.9999	0.6659	0.6660	0.6659	0.6659	0.9999	0.6659	0.9999	1.0000	0.9999	0.9999	0.6659	0.9999	0.6660	0.6659	0.6659	0.6659	0.6659	1.0000	0.6660	0.9999	0.9999	0.6660	0.6660	0.6659	0.6659	0.9999	0.6660	0.9998	0.6659	0.9999	0.6659	0.6660	0.6659	0.6660	1.0000	0.6660	0.9998
0.9999	0.9999	0.6660	0.6660	0.6660	1.0000	0.6660	0.6660	0.6660	0.6660	0.6659	0.9999	0.9999	0.6660	0.6660	0.6659	0.6659	1.0000	0.6659	0.9999	0.9999	1.0000	0.9999	0.6660	0.9999	0.6660	0.6660	0.6659	0.6660	0.6659	0.9999	0.6660	0.9999	0.9999	0.6660	0.6660	0.6659	0.6660	0.9999	0.6660	0.9999	0.6659	0.9999	0.6660	0.6660	0.6659	0.6660	0.9999	0.6660	0.9999
1.0000	0.9999	0.6659	0.6659	0.6659	0.9999	0.6659	0.6659	0.6659	0.6659	0.6659	0.9999	1.0000	0.6659	0.6659	0.6659	0.6659	0.9999	0.6659	1.0000	0.9999	0.9999	1.0000	0.6659	1.0000	0.6659	0.6659	0.6659	0.6659	0.6659	0.9999	0.6659	1.0000	1.0000	0.6659	0.6659	0.6659	0.6659	1.0000	0.6659	0.9998	0.6659	1.0000	0.6659	0.6659	0.6659	0.6660	0.9999	0.6659	0.9998
0.6659	0.6659	0.9999	0.9999	0.9999	0.6659	1.0000	0.9999	0.9999	0.9999	0.9999	0.6659	0.6659	0.9999	1.0000	0.9998	0.9999	0.6659	0.9998	0.6659	0.6659	0.6660	0.6659	1.0000	0.6659	1.0000	0.9999	0.9999	0.9999	0.9998	0.6659	0.9999	0.6659	0.6659	0.9999	0.9999	0.9998	0.9999	0.6659	0.9999	0.6660	0.9999	0.6659	0.9999	1.0000	0.9999	0.9997	0.6659	0.9998	0.6660
0.9999	0.9999	0.6659	0.6659	0.6659	0.9999	0.6659	0.6659	0.6659	0.6659	0.6659	0.9999	1.0000	0.6659	0.6659	0.6659	0.6659	0.9999	0.6659	0.9999	0.9999	0.9999	1.0000	0.6659	1.0000	0.6659	0.6659	0.6659	0.6659	0.6659	0.9999	0.6659	0.9999	1.0000	0.6659	0.6659	0.6659	0.6659	1.0000	0.6659	0.9998	0.6659	1.0000	0.6659	0.6659	0.6659	0.6659	0.9999	0.6659	0.9997
0.6659	0.6659	1.0000	1.0000	1.0000	0.6659	1.0000	1.0000	0.9999	1.0000	0.9999	0.6659	0.6659	1.0000	1.0000	0.9999	1.0000	0.6659	0.9998	0.6659	0.6660	0.6660	0.6659	1.0000	0.6659	1.0000	1.0000	0.9999	1.0000	0.9998	0.6659	1.0000	0.6659	0.6659	0.9999	1.0000	0.9999	1.0000	0.6659	0.9999	0.6660	0.9999	0.6659	1.0000	1.0000	1.0000	0.9997	0.6659	0.9998	0.6660
0.6659	0.6659	1.0000	1.0000	1.0000	0.6659	1.0000	1.0000	1.0000	1.0000	1.0000	0.6659	0.6659	1.0000	1.0000	0.9999	1.0000	0.6659	0.9998	0.6659	0.6659	0.6660	0.6659	0.9999	0.6659	1.0000	1.0000	0.9999	1.0000	0.9999	0.6659	1.0000	0.6659	0.6659	0.9999	1.0000	0.9999	1.0000	0.6659	0.9998	0.6660	1.0000	0.6659	1.0000	1.0000	1.0000	0.9997	0.6659	0.9998	0.6660
0.6659	0.6659	0.9999	0.9999	0.9999	0.6659	0.9999	0.9999	0.9999	0.9999	0.9999	0.6659	0.6659	0.9999	0.9999	1.0000	0.9999	0.6659	0.9999	0.6659	0.6659	0.6659	0.6659	0.9999	0.6659	0.9999	0.9999	1.0000	0.9999	1.0000	0.6659	0.9999	0.6659	0.6659	0.9998	0.9999	1.0000	0.9999	0.6659	0.9998	0.6659	0.9999	0.6659	0.9999	0.9999	0.9999	0.9996	0.6659	0.9997	0.6660
0.6659	0.6659	1.0000	1.0000	1.0000	0.6659	1.0000	1.0000	1.0000	1.0000	1.0000	0.6659	0.6659	1.0000	1.0000	0.9999	1.0000	0.6659	0.9998	0.6659	0.6659	0.6660	0.6659	0.9999	0.6659	1.0000	1.0000	0.9999	1.0000	0.9999	0.6659	1.0000	0.6659	0.6659	0.9999	1.0000	0.9999	1.0000	0.6659	0.9998	0.6660	1.0000	0.6659	1.0000	1.0000	1.0000	0.9997	0.6659	0.9998	0.6660
0.6659	0.6659	0.9999	0.9999	0.9999	0.6659	0.9999	0.9999	0.9999	0.9999	0.9999	0.6659	0.6659	0.9999	0.9998	1.0000	0.9999	0.6659	1.0000	0.6659	0.6659	0.6659	0.6659	0.9998	0.6659	0.9998	0.9999	1.0000	0.9999	1.0000	0.6659	0.9999	0.6659	0.6659	0.9998	0.9999	1.0000	0.9999	0.6659	0.9997	0.6659	0.9999	0.6659	0.9999	0.9999	0.9999	0.9995	0.6659	0.9997	0.6660
1.0000	0.9999	0.6659	0.6659	0.6659	0.9999	0.6659	0.6659	0.6659	0.6659	0.6659	1.0000	0.9999	0.6659	0.6660	0.6659	0.6659	0.9999	0.6659	0.9999	1.0000	0.9999	0.9999	0.6659	0.9999	0.6659	0.6659	0.6659	0.6659	0.6659	1.0000	0.6659	0.9999	0.9999	0.6660	0.6659	0.6659	0.6659	0.9999	0.6660	0.9998	0.6659	0.9999	0.6659	0.6659	0.6659	0.6660	1.0000	0.6660	0.9998
0.6659	0.6659	1.0000	1.0000	1.0000	0.6659	1.0000	1.0000	1.0000	1.0000	1.0000	0.6659	0.6659	1.0000	1.0000	0.9999	1.0000	0.6659	0.9998	0.6659	0.6660	0.6660	0.6659	0.9999	0.6659	1.0000	1.0000	0.9999	1.0000	0.9999	0.6659	1.0000	0.6659	0.6659	0.9999	1.0000	0.9999	1.0000	0.6659	0.9998	0.6660	1.0000	0.6659	1.0000	1.0000	1.0000	0.9996	0.6659	0.9998	0.6660
0.9999	0.9999	0.6659	0.6659	0.6659	0.9999	0.6659	0.6659	0.6659	0.6659	0.6659	0.9999	1.0000	0.6659	0.6659	0.6659	0.6659	0.9999	0.6659	1.0000	0.9999	0.9999	1.0000	0.6659	0.9999	0.6659	0.6659	0.6659	0.6659	0.6659	0.9999	0.6659	1.0000	1.0000	0.6659	0.6659	0.6659	0.6659	0.9999	0.6659	0.9999	0.6659	1.0000	0.6659	0.6659	0.6659	0.6660	0.9999	0.6659	0.9998
1.0000	0.9999	0.6659	0.6659	0.6659	0.9999	0.6659	0.6659	0.6659	0.6659	0.6659	0.9999	1.0000	0.6659	0.6659	0.6659	0.6659	0.9999	0.6659	1.0000	0.9999	0.9999	1.0000	0.6659	1.0000	0.6659	0.6659	0.6659	0.6659	0.6659	0.9999	0.6659	1.0000	1.0000	0.6659	0.6659	0.6659	0.6659	1.0000	0.6659	0.9998	0.6659	1.0000	0.6659	0.6659	0.6659	0.6659	0.9999	0.6659	0.9998
0.6659	0.6659	0.9999	0.9999	0.9999	0.6659	0.9999	0.9999	0.9999	0.9999	0.9999	0.6660	0.6659	0.9999	0.9999	0.9998	0.9999	0.6659	0.9997	0.6659	0.6660	0.6660	0.6659	0.9999	0.6659	0.9999	0.9999	0.9998	0.9999	0.9998	0.6660	0.9999	0.6659	0.6659	1.0000	0.9999	0.9998	0.9999	0.6659	0.9999	0.6660	0.9999	0.6659	0.9999	0.9999	0.9999	0.9997	0.6660	0.9999	0.6660
0.6659	0.6659	1.0000	1.0000	1.0000	0.6659	1.0000	1.0000	1.0000	1.0000	1.0000	0.6659	0.6659	1.0000	1.0000	0.9999	1.0000	0.6659	0.9998	0.6659	0.6660	0.6660	0.6659	0.9999	0.6659	1.0000	1.0000	0.9999	1.0000	0.9999	0.6659	1.0000	0.6659	0.6659	0.9999	1.0000	0.9999	1.0000	0.6659	0.9998	0.6660	1.0000	0.6659	1.0000	1.0000	1.0000	0.9997	0.6659	0.9998	0.6660
0.6659	0.6659	0.9999	0.9999	0.9999	0.6659	0.9999	0.9999	0.9999	0.9999	0.9999	0.6659	0.6659	0.9999	0.9999	1.0000	0.9999	0.6659	0.9999	0.6659	0.6659	0.6659	0.6659	0.9998	0.6659	0.9999	0.9999	1.0000	0.9999	1.0000	0.6659	0.9999	0.6659	0.6659	0.9998	0.9999	1.0000	0.9999	0.6659	0.9997	0.6659	0.9999	0.6659	0.9999	0.9999	0.9999	0.9995	0.6659	0.9997	0.6660
0.6659	0.6659	1.0000	1.0000	1.0000	0.6659	1.0000	1.0000	1.0000	1.0000	1.0000	0.6659	0.6659	1.0000	1.0000	0.9999	1.0000	0.6659	0.9998	0.6659	0.6659	0.6660	0.6659	0.9999	0.6659	1.0000	1.0000	0.9999	1.0000	0.9999	0.6659	1.0000	0.6659	0.6659	0.9999	1.0000	0.9999	1.0000	0.6659	0.9998	0.6660	1.0000	0.6659	1.0000	1.0000	1.0000	0.9996	0.6659	0.9998	0.6660
0.9999	0.9999	0.6659	0.6659	0.6659	0.9999	0.6659	0.6659	0.6659	0.6659	0.6659	0.9999	1.0000	0.6659	0.6659	0.6659	0.6659	0.9999	0.6659	1.0000	0.9999	0.9999	1.0000	0.6659	1.0000	0.6659	0.6659	0.6659	0.6659	0.6659	0.9999	0.6659	0.9999	1.0000	0.6659	0.6659	0.6659	0.6659	1.0000	0.6659	0.9998	0.6659	1.0000	0.6659	0.6659	0.6659	0.6659	0.9999	0.6659	0.9998
0.6659	0.6659	0.9998	0.9998	0.9998	0.6660	0.9998	0.9998	0.9998	0.9998	0.9998	0.6660	0.6659	0.9998	0.9999	0.9997	0.9998	0.6660	0.9997	0.6659	0.6660	0.6660	0.6659	0.9999	0.6659	0.9999	0.9998	0.9998	0.9998	0.9997	0.6660	0.9998	0.6659	0.6659	0.9999	0.9998	0.9997	0.9998	0.6659	1.0000	0.6660	0.9998	0.6659	0.9998	0.9999	0.9998	0.9998	0.6660	0.9999	0.6660
0.9998	0.9998	0.6660	0.6660	0.6660	0.9999	0.6660	0.6660	0.6660	0.6660	0.6660	0.9998	0.9998	0.6660	0.6660	0.6660	0.6660	1.0000	0.6659	0.9999	0.9998	0.9999	0.9998	0.6660	0.9998	0.6660	0.6660	0.6659	0.6660	0.6659	0.9998	0.6660	0.9999	0.9998	0.6660	0.6660	0.6659	0.6660	0.9998	0.6660	1.0000	0.6660	0.9999	0.6660	0.6660	0.6660	0.6660	0.9999	0.6660	0.9999
0.6659	0.6659	1.0000	1.0000	1.0000	0.6659	1.0000	1.0000	1.0000	1.0000	1.0000	0.6659	0.6659	1.0000	0.9999	0.9999	1.0000	0.6659	0.9999	0.6659	0.6659	0.6659	0.6659	0.9999	0.6659	0.9999	1.0000	0.9999	1.0000	0.9999	0.6659	1.0000	0.6659	0.6659	0.9999	1.0000	0.9999	1.0000	0.6659	0.9998	0.6660	1.0000	0.6659	1.0000	1.0000	1.0000	0.9996	0.6659	0.9998	0.6660
1.0000	0.9999	0.6659	0.6659	0.6659	0.9999	0.6659	0.6659	0.6659	0.6659	0.6659	0.9999	1.0000	0.6659	0.6659	0.6659	0.6659	0.9999	0.6659	1.0000	0.9999	0.9999	1.0000	0.6659	1.0000	0.6659	0.6659	0.6659	0.6659	0.6659	0.9999	0.6659	1.0000	1.0000	0.6659	0.6659	0.6659	0.6659	1.0000	0.6659	0.9999	0.6659	1.0000	0.6659	0.6659	0.6659	0.6660	1.0000	0.6660	0.9998
0.6659	0.6659	1.0000	1.0000	1.0000	0.6659	1.0000	1.0000	1.0000	1.0000	1.0000	0.6659	0.6659	1.0000	1.0000	0.9999	1.0000	0.6659	0.9998	0.6659	0.6659	0.6660	0.6659	0.9999	0.6659	1.0000	1.0000	0.9999	1.0000	0.9999	0.6659	1.0000	0.6659	0.6659	0.9999	1.0000	0.9999	1.0000	0.6659	0.9998	0.6660	1.0000	0.6659	1.0000	1.0000	1.0000	0.9997	0.6659	0.9998	0.6660
0.6659	0.6659	1.0000	1.0000	1.0000	0.6659	1.0000	1.0000	1.0000	1.0000	0.9999	0.6659	0.6659	1.0000	1.0000	0.9999	1.0000	0.6659	0.9998	0.6659	0.6660	0.6660	0.6659	1.0000	0.6659	1.0000	1.0000	0.9999	1.0000	0.9999	0.6659	1.0000	0.6659	0.6659	0.9999	1.0000	0.9999	1.0000	0.6659	0.9999	0.6660	1.0000	0.6659	1.0000	1.0000	1.0000	0.9997	0.6659	0.9998	0.6660
0.6659	0.6659	1.0000	1.0000	1.0000	0.6659	1.0000	1.0000	1.0000	1.0000	1.0000	0.6659	0.6659	1.0000	0.9999	0.9999	1.0000	0.6659	0.9998	0.6659	0.6659	0.6659	0.6659	0.9999	0.6659	1.0000	1.0000	0.9999	1.0000	0.9999	0.6659	1.0000	0.6659	0.6659	0.9999	1.0000	0.9999	1.0000	0.6659	0.9998	0.6660	1.0000	0.6659	1.0000	1.0000	1.0000	0.9996	0.6659	0.9998	0.6660
0.6660	0.6659	0.9997	0.9996	0.9996	0.6660	0.9997	0.9997	0.9996	0.9996	0.9996	0.6660	0.6659	0.9996	0.9997	0.9995	0.9996	0.6660	0.9995	0.6660	0.6660	0.6660	0.6660	0.9997	0.6659	0.9997	0.9997	0.9996	0.9997	0.9995	0.6660	0.9996	0.6660	0.6659	0.9997	0.9997	0.9995	0.9996	0.6659	0.9998	0.6660	0.9996	0.6660	0.9997	0.9997	0.9996	1.0000	0.6660	0.9998	0.6660
1.0000	0.9999	0.6659	0.6659	0.6659	0.9999	0.6659	0.6659	0.6659	0.6659	0.6659	1.0000	0.9999	0.6659	0.6660	0.6659	0.6659	0.9999	0.6659	0.9999	1.0000	0.9999	0.9999	0.6659	0.9999	0.6659	0.6659	0.6659	0.6659	0.6659	1.0000	0.6659	0.9999	0.9999	0.6660	0.6659	0.6659	0.6659	0.9999	0.6660	0.9999	0.6659	1.0000	0.6659	0.6659	0.6659	0.6660	1.0000	0.6660	0.9998
0.6660	0.6659	0.9998	0.9998	0.9998	0.6660	0.9998	0.9998	0.9998	0.9998	0.9998	0.6660	0.6659	0.9998	0.9998	0.9997	0.9998	0.6660	0.9996	0.6659	0.6660	0.6660	0.6659	0.9998	0.6659	0.9998	0.9998	0.9997	0.9998	0.9997	0.6660	0.9998	0.6659	0.6659	0.9999	0.9998	0.9997	0.9998	0.6659	0.9999	0.6660	0.9998	0.6660	0.9998	0.9998	0.9998	0.9998	0.6660	1.0000	0.6660
0.9998	0.9998	0.6660	0.6660	0.6660	0.9999	0.6660	0.6660	0.6660	0.6660	0.6660	0.9998	0.9998	0.6660	0.6660	0.6660	0.6660	0.9999	0.6660	0.9998	0.9998	0.9999	0.9998	0.6660	0.9997	0.6660	0.6660	0.6660	0.6660	0.6660	0.9998	0.6660	0.9998	0.9998	0.6660	0.6660	0.6660	0.6660	0.9998	0.6660	0.9999	0.6660	0.9998	0.6660	0.6660	0.6660	0.6660	0.9998	0.6660	1.0000
