1:	0.3429 0.0302 0.2079 0.0166 0.0726 0.0666 0.1665 0.0967 	7
2:	0.1940 0.0204 0.1039 0.0035 0.5263 0.0199 0.0558 0.0763 	6
3:	0.5476 0.0023 0.1258 0.0261 0.0232 0.0026 0.0505 0.2219 	4
4:	0.2568 0.0046 0.2486 0.0089 0.1143 0.0358 0.1661 0.1648 	16
5:	0.1927 0.0122 0.3684 0.0023 0.0719 0.0269 0.2103 0.1152 	1
6:	0.1504 0.0928 0.1800 0.0904 0.1077 0.0761 0.1356 0.1671 	23
7:	0.1152 0.0014 0.1717 0.0016 0.1505 0.1876 0.1359 0.2361 	6
8:	0.3172 0.0056 0.1889 0.0249 0.1537 0.0936 0.1520 0.0640 	2
9:	0.1998 0.0000 0.3537 0.0009 0.0748 0.0248 0.1738 0.1722 	1
10:	0.1258 0.0025 0.2384 0.0082 0.1002 0.0422 0.2973 0.1854 	10
