1 9e-04
2 0.0012
3 9e-04
4 0.001
5 8e-04
6 0.0039
7 0.001
8 0.0012
9 0.0011
10 0.0013
11 9e-04
12 6e-04
13 0.001
14 9e-04
15 0.001
16 0.001
17 0.001
18 0.0012
19 0.0013
20 0.0011
21 0.0018
22 0.0012
23 0.0039
24 0.0024
25 0.0011
26 0.0035
27 8e-04
28 0.001
29 0.001
30 0.001
31 0.001
32 0.0013
33 0.001
34 0.0015
35 0.0041
36 9e-04
37 0.0011
38 0.0072
39 0.001
40 0.0012
41 0.0028
42 0.001
43 8e-04
44 0.0016
45 6e-04
46 0.001
47 9e-04
48 0.0011
49 0.0074
50 0.003
51 0.0017
52 0.0011
53 9e-04
54 0.0012
55 0.0025
56 0.0045
57 0.0025
58 0.0041
59 0.0039
60 0.0048
61 0.0018
62 0.0013
63 8e-04
64 0.0025
65 0.0012
66 0.0012
67 0.001
68 0.0011
69 0.0013
70 0.0013
71 0.0012
72 0.001
73 9e-04
74 0.0043
75 9e-04
76 0.0013
77 0.001
78 7e-04
79 0.0088
80 0.0012
81 0.001
82 0.0012
83 0.0012
84 0.0011
85 0.001
86 0.0013
87 0.0012
88 0.001
89 9e-04
90 0.0011
91 0.0014
92 9e-04
93 9e-04
94 0.0014
