1:	0.0027 0.0000 0.0000 0.0000 0.0000 0.0206 0.0000 0.1538 0.3536 0.0914 0.0048 0.0769 0.1685 0.1176 0.0101 0.0000 	13
2:	0.1801 0.0000 0.0000 0.1668 0.0000 0.0365 0.0714 0.0714 0.1074 0.1372 0.0714 0.0231 0.0050 0.0582 0.0714 0.0000 	14
3:	0.0556 0.0556 0.1667 0.0556 0.0556 0.0556 0.1111 0.0000 0.0000 0.0556 0.0556 0.0000 0.0556 0.0556 0.0556 0.1667 	18
4:	0.0909 0.1818 0.0340 0.0569 0.0000 0.0909 0.0000 0.0000 0.0199 0.0194 0.1927 0.2222 0.0306 0.0506 0.0100 0.0000 	11
5:	0.0000 0.3333 0.0000 0.0000 0.0000 0.1667 0.1667 0.0000 0.0000 0.0000 0.0000 0.1667 0.1667 0.0000 0.0000 0.0000 	6
6:	0.0053 0.4691 0.0534 0.0028 0.3483 0.0092 0.0025 0.0006 0.0145 0.0000 0.0000 0.0071 0.0052 0.0735 0.0053 0.0031 	17
7:	0.0000 0.0000 0.0000 0.0000 0.0000 0.0000 0.0000 0.0000 1.0000 0.0000 0.0000 0.0000 0.0000 0.0000 0.0000 0.0000 	1
8:	0.0000 0.0000 0.0000 0.0000 0.0000 0.0000 0.0000 0.0000 0.0000 0.0000 0.0000 1.0000 0.0000 0.0000 0.0000 0.0000 	1
9:	0.0000 0.0000 1.0000 0.0000 0.0000 0.0000 0.0000 0.0000 0.0000 0.0000 0.0000 0.0000 0.0000 0.0000 0.0000 0.0000 	1
10:	0.1824 0.0000 0.0000 0.2961 0.0000 0.0000 0.0000 0.0000 0.1866 0.0000 0.0000 0.2225 0.0000 0.1123 0.0000 0.0000 	1
11:	0.0000 0.0000 0.0000 0.5000 0.0000 0.0000 0.0000 0.0000 0.5000 0.0000 0.0000 0.0000 0.0000 0.0000 0.0000 0.0000 	2
12:	0.1955 0.0000 0.0000 0.2504 0.1250 0.0000 0.0000 0.0000 0.0000 0.0971 0.0000 0.0000 0.0493 0.1577 0.1250 0.0000 	8
13:	0.0000 0.0000 0.0000 0.0000 0.0000 0.0000 0.0000 0.0000 0.0000 1.0000 0.0000 0.0000 0.0000 0.0000 0.0000 0.0000 	1
