1 1 (0) 1 : 0.00000000099999999920 0.00000000099999999920 0.00000000099999999920 0.00000000099999999920 0.00000000099999999920 0.00000000099999999920 0.00000000099999999920 0.00000000099999999920 0.00000000099999999920 0.00000000099999999920 0.00000000099999999920 0.00000000099999999920 0.00000000099999999920 0.00000000099999999920 0.00000000099999999920 0.99999998500000009116
2 2 (0) 1 : 0.00000000099999999937 0.00000000099999999937 0.00000000099999999937 0.00000000099999999937 0.00000000099999999937 0.00000000099999999937 0.00000000099999999937 0.00000000099999999937 0.00000000099999999937 0.00000000099999999937 0.00000000099999999937 0.99999998499999998014 0.00000000099999999937 0.00000000099999999937 0.00000000099999999937 0.00000000099999999937
3 3 (0) 1 : 0.00000000099999999929 0.00000000099999999929 0.00000000099999999929 0.00000000099999999929 0.99999998500000031321 0.00000000099999999929 0.00000000099999999929 0.00000000099999999929 0.00000000099999999929 0.00000000099999999929 0.00000000099999999929 0.00000000099999999929 0.00000000099999999929 0.00000000099999999929 0.00000000099999999929 0.00000000099999999929
4 4 (0) 1 : 0.00000000099999999939 0.00000000099999999939 0.00000000099999999939 0.00000000099999999939 0.00000000099999999939 0.00000000099999999939 0.99999998500000020218 0.00000000099999999939 0.00000000099999999939 0.00000000099999999939 0.00000000099999999939 0.00000000099999999939 0.00000000099999999939 0.00000000099999999939 0.00000000099999999939 0.00000000099999999939
5 5 (0) 1 : 0.00000000099999999938 0.00000000099999999938 0.00000000099999999938 0.00000000099999999938 0.00000000099999999938 0.00000000099999999938 0.99999998500000020218 0.00000000099999999938 0.00000000099999999938 0.00000000099999999938 0.00000000099999999938 0.00000000099999999938 0.00000000099999999938 0.00000000099999999938 0.00000000099999999938 0.00000000099999999938
6 6 (0) 1 : 0.00000000099999999936 0.00000000099999999936 0.00000000099999999936 0.00000000099999999936 0.00000000099999999936 0.00000000099999999936 0.99999998500000020218 0.00000000099999999936 0.00000000099999999936 0.00000000099999999936 0.00000000099999999936 0.00000000099999999936 0.00000000099999999936 0.00000000099999999936 0.00000000099999999936 0.00000000099999999936
7 7 (0) 1 : 0.00000000099999999940 0.00000000099999999940 0.00000000099999999940 0.00000000099999999940 0.00000000099999999940 0.00000000099999999940 0.99999998500000009116 0.00000000099999999940 0.00000000099999999940 0.00000000099999999940 0.00000000099999999940 0.00000000099999999940 0.00000000099999999940 0.00000000099999999940 0.00000000099999999940 0.00000000099999999940
8 8 (0) 1 : 0.34144402628154846280 0.00000000099999999963 0.00000000099999999963 0.00000000099999999963 0.19037551555727519337 0.00000000099999999963 0.30241154759927840745 0.00000000099999999963 0.00000000099999999963 0.00000000099999999963 0.13126702022127073599 0.00000000099999999963 0.00000000099999999963 0.00000000099999999963 0.03450187934062724088 0.00000000099999999963
9 9 (0) 1 : 0.18752429013635310562 0.00000000099999999971 0.06268223210314755045 0.00000000099999999971 0.00000000099999999971 0.00000000099999999971 0.29399161809968793468 0.26761711356135770012 0.00000000099999999971 0.00000000099999999971 0.00000000099999999971 0.00000000099999999971 0.00000000099999999971 0.00000000099999999971 0.00000000099999999971 0.18818473509945379818
10 10 (0) 1 : 0.99999998500000042423 0.00000000099999999936 0.00000000099999999936 0.00000000099999999936 0.00000000099999999936 0.00000000099999999936 0.00000000099999999936 0.00000000099999999936 0.00000000099999999936 0.00000000099999999936 0.00000000099999999936 0.00000000099999999936 0.00000000099999999936 0.00000000099999999936 0.00000000099999999936 0.00000000099999999936
11 11 (0) 1 : 0.00000000099999999951 0.99999998500000031321 0.00000000099999999951 0.00000000099999999951 0.00000000099999999951 0.00000000099999999951 0.00000000099999999951 0.00000000099999999951 0.00000000099999999951 0.00000000099999999951 0.00000000099999999951 0.00000000099999999951 0.00000000099999999951 0.00000000099999999951 0.00000000099999999951 0.00000000099999999951
12 12 (0) 1 : 0.00000000099999999869 0.00000000099999999869 0.00000000099999999869 0.00000000099999999869 0.00000000099999999869 0.00000000099999999869 0.00000000099999999869 0.00000000099999999869 0.00000000099999999869 0.00000000099999999869 0.00000000099999999869 0.99999998499999998014 0.00000000099999999869 0.00000000099999999869 0.00000000099999999869 0.00000000099999999869
13 13 (0) 1 : 0.00000000099999999922 0.00000000099999999922 0.00000000099999999922 0.00000000099999999922 0.99999998500000031321 0.00000000099999999922 0.00000000099999999922 0.00000000099999999922 0.00000000099999999922 0.00000000099999999922 0.00000000099999999922 0.00000000099999999922 0.00000000099999999922 0.00000000099999999922 0.00000000099999999922 0.00000000099999999922
14 14 (0) 2 : 0.00000000099999999906 0.00000000099999999906 0.00000000099999999906 0.00000000099999999906 0.00000000099999999906 0.00000000099999999906 0.00000000099999999906 0.00000000099999999906 0.00000000099999999906 0.00000000099999999906 0.99999998499999998014 0.00000000099999999906 0.00000000099999999906 0.00000000099999999906 0.00000000099999999906 0.00000000099999999906
15 15 (0) 2 : 0.00000000099999999866 0.00000000099999999866 0.00000000099999999866 0.00000000099999999866 0.00000000099999999866 0.00000000099999999866 0.00000000099999999866 0.00000000099999999866 0.00000000099999999866 0.00000000099999999866 0.00000000099999999866 0.00000000099999999866 0.00000000099999999866 0.99999998499999986912 0.00000000099999999866 0.00000000099999999866
16 16 (0) 2 : 0.00000000099999999918 0.00000000099999999918 0.99999998500000031321 0.00000000099999999918 0.00000000099999999918 0.00000000099999999918 0.00000000099999999918 0.00000000099999999918 0.00000000099999999918 0.00000000099999999918 0.00000000099999999918 0.00000000099999999918 0.00000000099999999918 0.00000000099999999918 0.00000000099999999918 0.00000000099999999918
17 17 (0) 2 : 0.00000000099999999923 0.00000000099999999923 0.00000000099999999923 0.00000000099999999923 0.00000000099999999923 0.00000000099999999923 0.00000000099999999923 0.00000000099999999923 0.00000000099999999923 0.00000000099999999923 0.00000000099999999923 0.00000000099999999923 0.00000000099999999923 0.00000000099999999923 0.99999998499999986912 0.00000000099999999923
18 18 (0) 2 : 0.00000000099999999954 0.00000000099999999954 0.00000000099999999954 0.00000000099999999954 0.00000000099999999954 0.00000000099999999954 0.39955818049433855510 0.30217104907611913589 0.00000000099999999954 0.00000000099999999954 0.00000000099999999954 0.00000000099999999954 0.00000000099999999954 0.00000000099999999954 0.00000000099999999954 0.29827075742954251014
19 19 (0) 2 : 0.53007551485281589887 0.00000000099999999957 0.00000000099999999957 0.00000000099999999957 0.00000000099999999957 0.00000000099999999957 0.46992447114718444157 0.00000000099999999957 0.00000000099999999957 0.00000000099999999957 0.00000000099999999957 0.00000000099999999957 0.00000000099999999957 0.00000000099999999957 0.00000000099999999957 0.00000000099999999957
20 20 (0) 2 : 0.18131331504962178158 0.08902201208838327051 0.00000000099999999985 0.00000000099999999985 0.03489812849506820913 0.00000000099999999985 0.15232542896726899984 0.06642638595403109469 0.00000000099999999985 0.11279501720090143180 0.00000000099999999985 0.00000000099999999985 0.00000000099999999985 0.00000000099999999985 0.17326657995152836000 0.18995312429319688441
21 21 (0) 2 : 0.00000000099999999934 0.00000000099999999934 0.00000000099999999934 0.00000000099999999934 0.00000000099999999934 0.00000000099999999934 0.00000000099999999934 0.00000000099999999934 0.00000000099999999934 0.00000000099999999934 0.00000000099999999934 0.00000000099999999934 0.00000000099999999934 0.00000000099999999934 0.99999998499999998014 0.00000000099999999934
22 22 (0) 2 : 0.08822939820858632931 0.23404107692328668389 0.00000084751787337942 0.00000000099999999983 0.00006179020543312691 0.00000000099999999983 0.25203004046763893831 0.00000000099999999983 0.00000000099999999983 0.22196847164080027448 0.00000000099999999983 0.00000000099999999983 0.00000000099999999983 0.00000000099999999983 0.10411958775112287179 0.09954877928525839026
23 23 (0) 2 : 0.00000000099999999986 0.00000000099999999986 0.00000000099999999986 0.00000000099999999986 0.00000000099999999986 0.00000000099999999986 0.00000000099999999986 0.00000000099999999986 0.00000000099999999986 0.99999998500000009116 0.00000000099999999986 0.00000000099999999986 0.00000000099999999986 0.00000000099999999986 0.00000000099999999986 0.00000000099999999986
24 24 (0) 2 : 0.01499238376691795424 0.00000000099999999968 0.00000076639828532235 0.00000000099999999968 0.03542923101558772409 0.00000000099999999968 0.22964797535576472742 0.14231315418014686691 0.00000000099999999968 0.00000000099999999968 0.00000000099999999968 0.00000000099999999968 0.00000000099999999968 0.00000000099999999968 0.24422717807559829462 0.33338930220769885659
25 25 (0) 2 : 0.00000000099999999930 0.00000000099999999930 0.00000000099999999930 0.00000000099999999930 0.00000000099999999930 0.00000000099999999930 0.00000000099999999930 0.00000000099999999930 0.00000000099999999930 0.00000000099999999930 0.00000000099999999930 0.00000000099999999930 0.00000000099999999930 0.00000000099999999930 0.00000000099999999930 0.99999998500000009116
26 26 (0) 2 : 0.00000000099999999985 0.00000000099999999985 0.00000000099999999985 0.00000000099999999985 0.00000000099999999985 0.00000000099999999985 0.00000000099999999985 0.00000000099999999985 0.00000000099999999985 0.99999998500000020218 0.00000000099999999985 0.00000000099999999985 0.00000000099999999985 0.00000000099999999985 0.00000000099999999985 0.00000000099999999985
27 27 (0) 2 : 0.00000000099999999925 0.00000000099999999925 0.00000000099999999925 0.00000000099999999925 0.00000000099999999925 0.00000000099999999925 0.00000000099999999925 0.00000000099999999925 0.00000000099999999925 0.00000000099999999925 0.00000000099999999925 0.99999998500000009116 0.00000000099999999925 0.00000000099999999925 0.00000000099999999925 0.00000000099999999925
28 28 (0) 3 : 0.00000000099999999915 0.00000000099999999915 0.00000000099999999915 0.00000000099999999915 0.00000000099999999915 0.00000000099999999915 0.00000000099999999915 0.00000000099999999915 0.00000000099999999915 0.00000000099999999915 0.00000000099999999915 0.00000000099999999915 0.99999998499999998014 0.00000000099999999915 0.00000000099999999915 0.00000000099999999915
29 29 (0) 3 : 0.00000000099999999898 0.00000000099999999898 0.00000000099999999898 0.00000000099999999898 0.00000000099999999898 0.00000000099999999898 0.00000000099999999898 0.00000000099999999898 0.00000000099999999898 0.00000000099999999898 0.99999998499999998014 0.00000000099999999898 0.00000000099999999898 0.00000000099999999898 0.00000000099999999898 0.00000000099999999898
30 30 (0) 3 : 0.00000000099999999861 0.00000000099999999861 0.00000000099999999861 0.99999998500000009116 0.00000000099999999861 0.00000000099999999861 0.00000000099999999861 0.00000000099999999861 0.00000000099999999861 0.00000000099999999861 0.00000000099999999861 0.00000000099999999861 0.00000000099999999861 0.00000000099999999861 0.00000000099999999861 0.00000000099999999861
31 31 (0) 3 : 0.00000000099999999977 0.00000000099999999977 0.00000000099999999977 0.00000000099999999977 0.00000000099999999977 0.00000000099999999977 0.00000000099999999977 0.00000000099999999977 0.00000000099999999977 0.99999998500000009116 0.00000000099999999977 0.00000000099999999977 0.00000000099999999977 0.00000000099999999977 0.00000000099999999977 0.00000000099999999977
32 32 (0) 3 : 0.00000000099999999848 0.00000000099999999848 0.00000000099999999848 0.00000000099999999848 0.00000000099999999848 0.00000000099999999848 0.00000000099999999848 0.00000000099999999848 0.00000000099999999848 0.00000000099999999848 0.00000000099999999848 0.00000000099999999848 0.00000000099999999848 0.99999998499999998014 0.00000000099999999848 0.00000000099999999848
33 33 (0) 3 : 0.99999998500000031321 0.00000000099999999929 0.00000000099999999929 0.00000000099999999929 0.00000000099999999929 0.00000000099999999929 0.00000000099999999929 0.00000000099999999929 0.00000000099999999929 0.00000000099999999929 0.00000000099999999929 0.00000000099999999929 0.00000000099999999929 0.00000000099999999929 0.00000000099999999929 0.00000000099999999929
34 34 (0) 3 : 0.00000000099999999861 0.00000000099999999861 0.00000000099999999861 0.00000000099999999861 0.00000000099999999861 0.99999998500000020218 0.00000000099999999861 0.00000000099999999861 0.00000000099999999861 0.00000000099999999861 0.00000000099999999861 0.00000000099999999861 0.00000000099999999861 0.00000000099999999861 0.00000000099999999861 0.00000000099999999861
35 35 (0) 3 : 0.00000000099999999861 0.00000000099999999861 0.00000000099999999861 0.00000000099999999861 0.00000000099999999861 0.99999998500000020218 0.00000000099999999861 0.00000000099999999861 0.00000000099999999861 0.00000000099999999861 0.00000000099999999861 0.00000000099999999861 0.00000000099999999861 0.00000000099999999861 0.00000000099999999861 0.00000000099999999861
36 36 (0) 3 : 0.00000000099999999892 0.00000000099999999892 0.00000000099999999892 0.00000000099999999892 0.00000000099999999892 0.00000000099999999892 0.00000000099999999892 0.00000000099999999892 0.99999998499999998014 0.00000000099999999892 0.00000000099999999892 0.00000000099999999892 0.00000000099999999892 0.00000000099999999892 0.00000000099999999892 0.00000000099999999892
37 37 (0) 3 : 0.00000000099999999921 0.00000000099999999921 0.00000000099999999921 0.00000000099999999921 0.00000000099999999921 0.00000000099999999921 0.00000000099999999921 0.00000000099999999921 0.00000000099999999921 0.00000000099999999921 0.00000000099999999921 0.00000000099999999921 0.00000000099999999921 0.00000000099999999921 0.00000000099999999921 0.99999998499999998014
38 38 (0) 3 : 0.00000000099999999898 0.00000000099999999898 0.00000000099999999898 0.99999998500000009116 0.00000000099999999898 0.00000000099999999898 0.00000000099999999898 0.00000000099999999898 0.00000000099999999898 0.00000000099999999898 0.00000000099999999898 0.00000000099999999898 0.00000000099999999898 0.00000000099999999898 0.00000000099999999898 0.00000000099999999898
39 39 (0) 3 : 0.00000000099999999872 0.00000000099999999872 0.00000000099999999872 0.99999998500000020218 0.00000000099999999872 0.00000000099999999872 0.00000000099999999872 0.00000000099999999872 0.00000000099999999872 0.00000000099999999872 0.00000000099999999872 0.00000000099999999872 0.00000000099999999872 0.00000000099999999872 0.00000000099999999872 0.00000000099999999872
40 40 (0) 3 : 0.00000000099999999914 0.00000000099999999914 0.99999998500000020218 0.00000000099999999914 0.00000000099999999914 0.00000000099999999914 0.00000000099999999914 0.00000000099999999914 0.00000000099999999914 0.00000000099999999914 0.00000000099999999914 0.00000000099999999914 0.00000000099999999914 0.00000000099999999914 0.00000000099999999914 0.00000000099999999914
41 41 (0) 3 : 0.00000000099999999923 0.00000000099999999923 0.00000000099999999923 0.00000000099999999923 0.99999998500000031321 0.00000000099999999923 0.00000000099999999923 0.00000000099999999923 0.00000000099999999923 0.00000000099999999923 0.00000000099999999923 0.00000000099999999923 0.00000000099999999923 0.00000000099999999923 0.00000000099999999923 0.00000000099999999923
42 42 (0) 3 : 0.00000000099999999860 0.00000000099999999860 0.00000000099999999860 0.00000000099999999860 0.00000000099999999860 0.00000000099999999860 0.00000000099999999860 0.00000000099999999860 0.00000000099999999860 0.00000000099999999860 0.00000000099999999860 0.00000000099999999860 0.00000000099999999860 0.99999998499999998014 0.00000000099999999860 0.00000000099999999860
43 43 (0) 3 : 0.00000000099999999860 0.00000000099999999860 0.00000000099999999860 0.00000000099999999860 0.00000000099999999860 0.99999998500000009116 0.00000000099999999860 0.00000000099999999860 0.00000000099999999860 0.00000000099999999860 0.00000000099999999860 0.00000000099999999860 0.00000000099999999860 0.00000000099999999860 0.00000000099999999860 0.00000000099999999860
44 44 (0) 3 : 0.00000000099999999938 0.00000000099999999938 0.00000000099999999938 0.00000000099999999938 0.00000000099999999938 0.00000000099999999938 0.00000000099999999938 0.00000000099999999938 0.00000000099999999938 0.00000000099999999938 0.00000000099999999938 0.00000000099999999938 0.00000000099999999938 0.00000000099999999938 0.99999998499999986912 0.00000000099999999938
45 45 (0) 3 : 0.00000000099999999906 0.00000000099999999906 0.00000000099999999906 0.00000000099999999906 0.00000000099999999906 0.00000000099999999906 0.00000000099999999906 0.99999998500000009116 0.00000000099999999906 0.00000000099999999906 0.00000000099999999906 0.00000000099999999906 0.00000000099999999906 0.00000000099999999906 0.00000000099999999906 0.00000000099999999906
46 46 (0) 4 : 0.00000000099999999914 0.00000000099999999914 0.00000000099999999914 0.00000000099999999914 0.00000000099999999914 0.00000000099999999914 0.00000000099999999914 0.00000000099999999914 0.00000000099999999914 0.00000000099999999914 0.00000000099999999914 0.00000000099999999914 0.99999998500000009116 0.00000000099999999914 0.00000000099999999914 0.00000000099999999914
47 47 (0) 4 : 0.00000000099999999910 0.00000000099999999910 0.00000000099999999910 0.00000000099999999910 0.00000000099999999910 0.00000000099999999910 0.00000000099999999910 0.00000000099999999910 0.00000000099999999910 0.00000000099999999910 0.00000000099999999910 0.00000000099999999910 0.99999998500000009116 0.00000000099999999910 0.00000000099999999910 0.00000000099999999910
48 48 (0) 4 : 0.00000000099999999914 0.00000000099999999914 0.99999998500000031321 0.00000000099999999914 0.00000000099999999914 0.00000000099999999914 0.00000000099999999914 0.00000000099999999914 0.00000000099999999914 0.00000000099999999914 0.00000000099999999914 0.00000000099999999914 0.00000000099999999914 0.00000000099999999914 0.00000000099999999914 0.00000000099999999914
49 49 (0) 4 : 0.00000000099999999941 0.00000000099999999941 0.99999998500000020218 0.00000000099999999941 0.00000000099999999941 0.00000000099999999941 0.00000000099999999941 0.00000000099999999941 0.00000000099999999941 0.00000000099999999941 0.00000000099999999941 0.00000000099999999941 0.00000000099999999941 0.00000000099999999941 0.00000000099999999941 0.00000000099999999941
50 50 (0) 4 : 0.00000000099999999950 0.99999998500000042423 0.00000000099999999950 0.00000000099999999950 0.00000000099999999950 0.00000000099999999950 0.00000000099999999950 0.00000000099999999950 0.00000000099999999950 0.00000000099999999950 0.00000000099999999950 0.00000000099999999950 0.00000000099999999950 0.00000000099999999950 0.00000000099999999950 0.00000000099999999950
51 51 (0) 4 : 0.55619920849586046430 0.44380077750413993165 0.00000000099999999978 0.00000000099999999978 0.00000000099999999978 0.00000000099999999978 0.00000000099999999978 0.00000000099999999978 0.00000000099999999978 0.00000000099999999978 0.00000000099999999978 0.00000000099999999978 0.00000000099999999978 0.00000000099999999978 0.00000000099999999978 0.00000000099999999978
52 52 (0) 4 : 0.00000000099999999923 0.00000000099999999923 0.00000000099999999923 0.00000000099999999923 0.00000000099999999923 0.00000000099999999923 0.00000000099999999923 0.99999998500000009116 0.00000000099999999923 0.00000000099999999923 0.00000000099999999923 0.00000000099999999923 0.00000000099999999923 0.00000000099999999923 0.00000000099999999923 0.00000000099999999923
53 53 (0) 4 : 0.00000000099999999928 0.00000000099999999928 0.00000000099999999928 0.00000000099999999928 0.00000000099999999928 0.00000000099999999928 0.00000000099999999928 0.00000000099999999928 0.00000000099999999928 0.00000000099999999928 0.00000000099999999928 0.00000000099999999928 0.00000000099999999928 0.00000000099999999928 0.99999998499999986912 0.00000000099999999928
54 54 (0) 4 : 0.00000000099999999971 0.00000000099999999971 0.11995607000279844001 0.00000000099999999971 0.33697864450441417095 0.00000000099999999971 0.21916240329029243461 0.00000000099999999971 0.00000000099999999971 0.00000000099999999971 0.11047508370910882891 0.00000000099999999971 0.00000000099999999971 0.00000000099999999971 0.00000000099999999971 0.21342778749338628397
55 55 (0) 4 : 0.00000000099999999988 0.00000000099999999988 0.00000000099999999988 0.37411896080947698584 0.00000000099999999988 0.00000000099999999988 0.00000000099999999988 0.00000000099999999988 0.00000000099999999988 0.62588102519052302153 0.00000000099999999988 0.00000000099999999988 0.00000000099999999988 0.00000000099999999988 0.00000000099999999988 0.00000000099999999988
56 56 (0) 4 : 0.00000000099999999932 0.99999998500000031321 0.00000000099999999932 0.00000000099999999932 0.00000000099999999932 0.00000000099999999932 0.00000000099999999932 0.00000000099999999932 0.00000000099999999932 0.00000000099999999932 0.00000000099999999932 0.00000000099999999932 0.00000000099999999932 0.00000000099999999932 0.00000000099999999932 0.00000000099999999932
57 57 (0) 5 : 0.00000000099999999908 0.00000000099999999908 0.00000000099999999908 0.00000000099999999908 0.00000000099999999908 0.00000000099999999908 0.00000000099999999908 0.99999998500000020218 0.00000000099999999908 0.00000000099999999908 0.00000000099999999908 0.00000000099999999908 0.00000000099999999908 0.00000000099999999908 0.00000000099999999908 0.00000000099999999908
58 58 (0) 5 : 0.00000000099999999961 0.99999998500000031321 0.00000000099999999961 0.00000000099999999961 0.00000000099999999961 0.00000000099999999961 0.00000000099999999961 0.00000000099999999961 0.00000000099999999961 0.00000000099999999961 0.00000000099999999961 0.00000000099999999961 0.00000000099999999961 0.00000000099999999961 0.00000000099999999961 0.00000000099999999961
59 59 (0) 5 : 0.00000000099999999933 0.00000000099999999933 0.00000000099999999933 0.00000000099999999933 0.99999998500000031321 0.00000000099999999933 0.00000000099999999933 0.00000000099999999933 0.00000000099999999933 0.00000000099999999933 0.00000000099999999933 0.00000000099999999933 0.00000000099999999933 0.00000000099999999933 0.00000000099999999933 0.00000000099999999933
60 60 (0) 5 : 0.00000000099999999906 0.00000000099999999906 0.00000000099999999906 0.00000000099999999906 0.00000000099999999906 0.00000000099999999906 0.00000000099999999906 0.00000000099999999906 0.00000000099999999906 0.00000000099999999906 0.00000000099999999906 0.00000000099999999906 0.99999998500000009116 0.00000000099999999906 0.00000000099999999906 0.00000000099999999906
61 61 (0) 5 : 0.00000000099999999993 0.00000000099999999993 0.00000000099999999993 0.00000000099999999993 0.00000000099999999993 0.00000000099999999993 0.00000000099999999993 0.00000000099999999993 0.00000000099999999993 0.00000000099999999993 0.00000000099999999993 0.00000000099999999993 0.99999998499999998014 0.00000000099999999993 0.00000000099999999993 0.00000000099999999993
62 62 (0) 5 : 0.00000000099999999955 0.00000000099999999955 0.00000000099999999955 0.00000000099999999955 0.00000000099999999955 0.00000000099999999955 0.00000000099999999955 0.00000000099999999955 0.00000000099999999955 0.00000000099999999955 0.00000000099999999955 0.00000000099999999955 0.00000000099999999955 0.99999998500000009116 0.00000000099999999955 0.00000000099999999955
63 63 (0) 6 : 0.00000000099999999898 0.00000000099999999898 0.00000000099999999898 0.00000000099999999898 0.00000000099999999898 0.00000000099999999898 0.00000000099999999898 0.00000000099999999898 0.99999998499999998014 0.00000000099999999898 0.00000000099999999898 0.00000000099999999898 0.00000000099999999898 0.00000000099999999898 0.00000000099999999898 0.00000000099999999898
64 64 (0) 6 : 0.00000000099999999913 0.00000000099999999913 0.00000000099999999913 0.00000000099999999913 0.00000000099999999913 0.00000000099999999913 0.00000000099999999913 0.00000000099999999913 0.00000000099999999913 0.00000000099999999913 0.00000000099999999913 0.00000000099999999913 0.99999998500000009116 0.00000000099999999913 0.00000000099999999913 0.00000000099999999913
65 65 (0) 6 : 0.00000000099999999915 0.00000000099999999915 0.00000000099999999915 0.00000000099999999915 0.00000000099999999915 0.00000000099999999915 0.00000000099999999915 0.00000000099999999915 0.99999998500000020218 0.00000000099999999915 0.00000000099999999915 0.00000000099999999915 0.00000000099999999915 0.00000000099999999915 0.00000000099999999915 0.00000000099999999915
66 66 (0) 6 : 0.03253377272127272457 0.00000000099999999985 0.00000000099999999985 0.00000000099999999985 0.00000000099999999985 0.05073912150516116104 0.12287899571257476783 0.09113713228341226158 0.00000000099999999985 0.00000000099999999985 0.00000000099999999985 0.00000000099999999985 0.66919074512291221168 0.03352022265466684386 0.00000000099999999985 0.00000000099999999985
67 67 (0) 6 : 0.00000000099999999911 0.00000000099999999911 0.00000000099999999911 0.00000000099999999911 0.00000000099999999911 0.00000000099999999911 0.00000000099999999911 0.00000000099999999911 0.00000000099999999911 0.00000000099999999911 0.00000000099999999911 0.00000000099999999911 0.99999998499999998014 0.00000000099999999911 0.00000000099999999911 0.00000000099999999911
68 68 (0) 6 : 0.00000000099999999974 0.00000000099999999974 0.00000000099999999974 0.14102711909529302980 0.00000000099999999974 0.00165229813077597616 0.00000000099999999974 0.00000000099999999974 0.07903843475881222602 0.00000000099999999974 0.00000000099999999974 0.00000000099999999974 0.77828213601511875286 0.00000000099999999974 0.00000000099999999974 0.00000000099999999974
69 69 (0) 6 : 0.21671292184823784388 0.12144347969187942182 0.00000697647370915365 0.00000000100000000000 0.08811194876787405150 0.00000000100000000000 0.12405484282385971506 0.06583260563494648665 0.07107489970383744360 0.04778365870434034962 0.08996236805022175820 0.00986210282419885780 0.06490511377135423088 0.00958490640099668792 0.09022610114679779914 0.00043807215774605506
70 70 (0) 6 : 0.00000000099999999912 0.00000000099999999912 0.00000000099999999912 0.00000000099999999912 0.00000000099999999912 0.00000000099999999912 0.00000000099999999912 0.00000000099999999912 0.00000000099999999912 0.00000000099999999912 0.00000000099999999912 0.00000000099999999912 0.99999998500000009116 0.00000000099999999912 0.00000000099999999912 0.00000000099999999912
71 71 (0) 6 : 0.99999998500000042423 0.00000000099999999923 0.00000000099999999923 0.00000000099999999923 0.00000000099999999923 0.00000000099999999923 0.00000000099999999923 0.00000000099999999923 0.00000000099999999923 0.00000000099999999923 0.00000000099999999923 0.00000000099999999923 0.00000000099999999923 0.00000000099999999923 0.00000000099999999923 0.00000000099999999923
72 72 (0) 6 : 0.00000000099999999902 0.00000000099999999902 0.00000000099999999902 0.00000000099999999902 0.00000000099999999902 0.00000000099999999902 0.00000000099999999902 0.00000000099999999902 0.00000000099999999902 0.00000000099999999902 0.00000000099999999902 0.00000000099999999902 0.99999998500000009116 0.00000000099999999902 0.00000000099999999902 0.00000000099999999902
73 73 (0) 6 : 0.00000000099999999921 0.00000000099999999921 0.00000000099999999921 0.00000000099999999921 0.00000000099999999921 0.00000000099999999921 0.00000000099999999921 0.00000000099999999921 0.99999998500000009116 0.00000000099999999921 0.00000000099999999921 0.00000000099999999921 0.00000000099999999921 0.00000000099999999921 0.00000000099999999921 0.00000000099999999921
74 74 (0) 6 : 0.00000000099999999959 0.00000000099999999959 0.00000000099999999959 0.15063447351801595442 0.00000000099999999959 0.00000000099999999959 0.00000000099999999959 0.00000000099999999959 0.00000000099999999959 0.00000000099999999959 0.00000000099999999959 0.00000000099999999959 0.84936551248198399744 0.00000000099999999959 0.00000000099999999959 0.00000000099999999959
75 75 (0) 6 : 0.00000000099999999952 0.00000000099999999952 0.00000000099999999952 0.00000000099999999952 0.00000000099999999952 0.00000000099999999952 0.00000000099999999952 0.00000000099999999952 0.99999998500000020218 0.00000000099999999952 0.00000000099999999952 0.00000000099999999952 0.00000000099999999952 0.00000000099999999952 0.00000000099999999952 0.00000000099999999952
76 76 (0) 6 : 0.00000000099999999976 0.00000000099999999976 0.00000000099999999976 0.18643352736283549942 0.00000000099999999976 0.00000000099999999976 0.00000000099999999976 0.00000000099999999976 0.00000000099999999976 0.00000000099999999976 0.00000000099999999976 0.00000000099999999976 0.81356645863716448019 0.00000000099999999976 0.00000000099999999976 0.00000000099999999976
77 77 (0) 6 : 0.00000000099999999976 0.00000000099999999976 0.00000000099999999976 0.20010091192341680766 0.00000000099999999976 0.00000000099999999976 0.00000000099999999976 0.00000000099999999976 0.00000000099999999976 0.00000000099999999976 0.00000000099999999976 0.00000000099999999976 0.79989907407658333849 0.00000000099999999976 0.00000000099999999976 0.00000000099999999976
78 78 (0) 6 : 0.00000000099999999964 0.00000000099999999964 0.00000000099999999964 0.22945247577101138270 0.00000000099999999964 0.00000000099999999964 0.00000000099999999964 0.00000000099999999964 0.77054751022898870794 0.00000000099999999964 0.00000000099999999964 0.00000000099999999964 0.00000000099999999964 0.00000000099999999964 0.00000000099999999964 0.00000000099999999964
79 79 (0) 6 : 0.00000000099999999933 0.00000000099999999933 0.00000000099999999933 0.00000000099999999933 0.00000000099999999933 0.00000000099999999933 0.00000000099999999933 0.00000000099999999933 0.99999998500000020218 0.00000000099999999933 0.00000000099999999933 0.00000000099999999933 0.00000000099999999933 0.00000000099999999933 0.00000000099999999933 0.00000000099999999933
80 80 (0) 7 : 0.00000000099999999937 0.00000000099999999937 0.00000000099999999937 0.00000000099999999937 0.00000000099999999937 0.00000000099999999937 0.99999998500000020218 0.00000000099999999937 0.00000000099999999937 0.00000000099999999937 0.00000000099999999937 0.00000000099999999937 0.00000000099999999937 0.00000000099999999937 0.00000000099999999937 0.00000000099999999937
81 81 (0) 8 : 0.00000000099999999938 0.99999998500000031321 0.00000000099999999938 0.00000000099999999938 0.00000000099999999938 0.00000000099999999938 0.00000000099999999938 0.00000000099999999938 0.00000000099999999938 0.00000000099999999938 0.00000000099999999938 0.00000000099999999938 0.00000000099999999938 0.00000000099999999938 0.00000000099999999938 0.00000000099999999938
82 82 (0) 9 : 0.00000000099999999885 0.00000000099999999885 0.00000000099999999885 0.99999998500000020218 0.00000000099999999885 0.00000000099999999885 0.00000000099999999885 0.00000000099999999885 0.00000000099999999885 0.00000000099999999885 0.00000000099999999885 0.00000000099999999885 0.00000000099999999885 0.00000000099999999885 0.00000000099999999885 0.00000000099999999885
83 83 (0) 10 : 0.11230631049487747875 0.22254778357381668763 0.00000000099999999993 0.00000000099999999993 0.00000000099999999993 0.00000000099999999993 0.18661298187411431981 0.00000000099999999993 0.00000000099999999993 0.29613201831797653085 0.00000000099999999993 0.00000000099999999993 0.00000000099999999993 0.00000000099999999993 0.18240067361929515610 0.00000022211991971517
84 84 (0) 11 : 0.00000000099999999945 0.00000000099999999945 0.00000000099999999945 0.00000000099999999945 0.00000000099999999945 0.00000000099999999945 0.99999998500000009116 0.00000000099999999945 0.00000000099999999945 0.00000000099999999945 0.00000000099999999945 0.00000000099999999945 0.00000000099999999945 0.00000000099999999945 0.00000000099999999945 0.00000000099999999945
85 85 (0) 11 : 0.00000000099999999943 0.00000000099999999943 0.00000000099999999943 0.00000000099999999943 0.00000000099999999943 0.00000000099999999943 0.00000000099999999943 0.00000000099999999943 0.00000000099999999943 0.99999998500000020218 0.00000000099999999943 0.00000000099999999943 0.00000000099999999943 0.00000000099999999943 0.00000000099999999943 0.00000000099999999943
86 86 (0) 12 : 0.00000000099999999969 0.00000000099999999969 0.00000000099999999969 0.00000000099999999969 0.00000000099999999969 0.00000000099999999969 0.00000000099999999969 0.00000000099999999969 0.00000000099999999969 0.99999998500000009116 0.00000000099999999969 0.00000000099999999969 0.00000000099999999969 0.00000000099999999969 0.00000000099999999969 0.00000000099999999969
87 87 (0) 12 : 0.00000245722464228212 0.00000000099999999981 0.00000000099999999981 0.00000000099999999981 0.00000000099999999981 0.00000000099999999981 0.00000000099999999981 0.00000000099999999981 0.00000000099999999981 0.56731511858903105328 0.00000000099999999981 0.00000000099999999981 0.00000000099999999981 0.00000000099999999981 0.00000000099999999981 0.43268241118632677633
88 88 (0) 12 : 0.26139817551347044322 0.00000000099999999971 0.00000000099999999971 0.00000000099999999971 0.39442319660821378857 0.00000000099999999971 0.00000000099999999971 0.00000000099999999971 0.00000000099999999971 0.00000000099999999971 0.00000000099999999971 0.00000000099999999971 0.00000000099999999971 0.00000000099999999971 0.00000000099999999971 0.34417861487831613587
89 89 (0) 12 : 0.00000000099999999978 0.00000000099999999978 0.00000000099999999978 0.00000000099999999978 0.00000000099999999978 0.00000000099999999978 0.00008325890613846591 0.00000000099999999978 0.00000000099999999978 0.43590106114581078645 0.00000000099999999978 0.00000000099999999978 0.00000000099999999978 0.00000000099999999978 0.56401566694805060909 0.00000000099999999978
90 90 (0) 12 : 0.00000000099999999966 0.00000000099999999966 0.00000000099999999966 0.00000000099999999966 0.00000000099999999966 0.00000000099999999966 0.00000000099999999966 0.00000000099999999966 0.99999998500000009116 0.00000000099999999966 0.00000000099999999966 0.00000000099999999966 0.00000000099999999966 0.00000000099999999966 0.00000000099999999966 0.00000000099999999966
91 91 (0) 12 : 0.00000000099999999905 0.00000000099999999905 0.00000000099999999905 0.00000000099999999905 0.00000000099999999905 0.00000000099999999905 0.00000000099999999905 0.00000000099999999905 0.00000000099999999905 0.00000000099999999905 0.99999998499999998014 0.00000000099999999905 0.00000000099999999905 0.00000000099999999905 0.00000000099999999905 0.00000000099999999905
92 92 (0) 12 : 0.00000000099999999936 0.00000000099999999936 0.00000000099999999936 0.00000000099999999936 0.00000000099999999936 0.00000000099999999936 0.00000000099999999936 0.00000000099999999936 0.00000000099999999936 0.00000000099999999936 0.00000000099999999936 0.00000000099999999936 0.00000000099999999936 0.00000000099999999936 0.99999998499999986912 0.00000000099999999936
93 93 (0) 12 : 0.99999998500000031321 0.00000000099999999924 0.00000000099999999924 0.00000000099999999924 0.00000000099999999924 0.00000000099999999924 0.00000000099999999924 0.00000000099999999924 0.00000000099999999924 0.00000000099999999924 0.00000000099999999924 0.00000000099999999924 0.00000000099999999924 0.00000000099999999924 0.00000000099999999924 0.00000000099999999924
94 94 (0) 13 : 0.00000000099999999925 0.00000000099999999925 0.00000000099999999925 0.00000000099999999925 0.00000000099999999925 0.00000000099999999925 0.00000000099999999925 0.00000000099999999925 0.00000000099999999925 0.00000000099999999925 0.00000000099999999925 0.00000000099999999925 0.00000000099999999925 0.00000000099999999925 0.00000000099999999925 0.99999998500000009116
