1:	0.2727 0.0335 0.2556 0.0158 0.0430 0.0389 0.1384 0.2022 	7
2:	0.1363 0.0183 0.1095 0.0025 0.5571 0.0158 0.0456 0.1148 	6
3:	0.6718 0.0011 0.1661 0.0045 0.0000 0.0088 0.0826 0.0650 	4
4:	0.1849 0.0046 0.3215 0.0070 0.0957 0.0285 0.1522 0.2057 	16
5:	0.1183 0.0100 0.3664 0.0000 0.0223 0.0254 0.2149 0.2426 	1
6:	0.1341 0.0933 0.1869 0.0914 0.0965 0.0844 0.1312 0.1823 	23
7:	0.1615 0.0023 0.1157 0.0013 0.1423 0.2415 0.0465 0.2889 	6
8:	0.1703 0.0065 0.2391 0.0195 0.1430 0.0956 0.1043 0.2218 	2
9:	0.0569 0.0000 0.3090 0.0005 0.0344 0.0189 0.2302 0.3501 	1
10:	0.1017 0.0017 0.1619 0.0082 0.1204 0.0122 0.3160 0.2779 	10
