1.0000 0.6681 0.5128 0.4147 0.5207 0.5214 0.4408 0.4972 0.4803 0.4530 0.4806 0.5847 0.4672 0.4514 0.5382 0.4846 0.4780 0.5227 0.6081 0.4601 0.4500 0.6185 0.5474 0.4664 0.4754 0.4988 0.4425 0.4799 0.4689 0.5416 0.4714 0.5211 0.4737 0.5436 0.4603 0.4998 0.5270 0.5117 0.4198 0.4471 0.5211 0.5231 0.6064 0.4523 0.4211 0.5108 0.5631 0.4212 0.5329 0.5932
0.6681 1.0000 0.4940 0.4471 0.5568 0.5175 0.4807 0.5109 0.4929 0.5045 0.4571 0.5583 0.4691 0.4796 0.5177 0.5025 0.4869 0.5439 0.6604 0.5192 0.4446 0.6569 0.5879 0.5008 0.5054 0.5031 0.4791 0.5116 0.5137 0.5608 0.4809 0.5283 0.4933 0.5069 0.4648 0.4752 0.5166 0.4762 0.4185 0.4741 0.5008 0.4803 0.5730 0.4765 0.4319 0.4932 0.5478 0.4396 0.5476 0.5369
0.5128 0.4940 1.0000 0.4711 0.4571 0.5459 0.4446 0.4773 0.4987 0.3966 0.5129 0.5636 0.4507 0.4118 0.5383 0.4706 0.4392 0.5601 0.4815 0.4106 0.5486 0.5007 0.5075 0.4828 0.4385 0.4429 0.4928 0.5307 0.4594 0.5050 0.4607 0.4827 0.4561 0.4775 0.4811 0.4688 0.5524 0.5538 0.3905 0.5228 0.4463 0.4624 0.5243 0.4660 0.3971 0.4767 0.5342 0.4704 0.4725 0.4562
0.4147 0.4471 0.4711 1.0000 0.4625 0.4923 0.4898 0.5110 0.4526 0.4644 0.5022 0.4937 0.4372 0.4212 0.4849 0.5104 0.4772 0.4945 0.4703 0.4125 0.4359 0.4734 0.4740 0.4749 0.4505 0.4645 0.4891 0.4682 0.4997 0.4857 0.4481 0.4709 0.5312 0.4715 0.5412 0.4316 0.4728 0.4532 0.3796 0.4643 0.4505 0.4521 0.4703 0.4809 0.3795 0.4792 0.5077 0.4918 0.4717 0.4393
0.5207 0.5568 0.4571 0.4625 1.0000 0.5087 0.4954 0.4576 0.4882 0.5371 0.4247 0.5453 0.5420 0.4849 0.5005 0.4917 0.5321 0.5175 0.5589 0.5685 0.4470 0.5976 0.4718 0.5197 0.5017 0.5629 0.4819 0.4745 0.5701 0.5151 0.4767 0.5416 0.4923 0.5132 0.4637 0.4572 0.4779 0.4997 0.4488 0.4136 0.4598 0.4473 0.5310 0.5097 0.4540 0.5398 0.5529 0.4621 0.5637 0.4936
0.5214 0.5175 0.5459 0.4923 0.5087 1.0000 0.4658 0.5677 0.5621 0.4966 0.4805 0.5363 0.4831 0.4393 0.5351 0.5208 0.5406 0.5488 0.5322 0.4364 0.5066 0.5504 0.5157 0.5264 0.5275 0.4922 0.5221 0.5223 0.5341 0.5389 0.4513 0.5180 0.5509 0.6055 0.5925 0.5595 0.5077 0.4818 0.4420 0.4728 0.5116 0.4928 0.5520 0.5646 0.4058 0.5009 0.5086 0.5938 0.5200 0.5187
0.4408 0.4807 0.4446 0.4898 0.4954 0.4658 1.0000 0.4874 0.5189 0.4614 0.5182 0.4784 0.4043 0.4420 0.4801 0.5150 0.4808 0.5145 0.4920 0.5055 0.4456 0.5269 0.4785 0.5617 0.4234 0.4606 0.5020 0.4640 0.5113 0.4845 0.4988 0.4754 0.4609 0.4388 0.5213 0.4570 0.5936 0.4700 0.4042 0.5159 0.4541 0.4593 0.4682 0.5184 0.4377 0.5271 0.5180 0.5017 0.4512 0.4450
0.4972 0.5109 0.4773 0.5110 0.4576 0.5677 0.4874 1.0000 0.5352 0.4738 0.5141 0.5631 0.4518 0.4742 0.5590 0.4899 0.5033 0.5919 0.5244 0.4512 0.4932 0.5262 0.5328 0.5121 0.4744 0.5131 0.5466 0.5116 0.4712 0.6289 0.4590 0.5762 0.5540 0.5630 0.5062 0.5277 0.5242 0.5029 0.4047 0.5224 0.5134 0.5365 0.5141 0.5363 0.4289 0.5107 0.4839 0.4654 0.5541 0.5257
0.4803 0.4929 0.4987 0.4526 0.4882 0.5621 0.5189 0.5352 1.0000 0.4697 0.5258 0.5175 0.4255 0.4289 0.5709 0.4946 0.5244 0.5745 0.4949 0.5072 0.4930 0.5004 0.4970 0.6303 0.4955 0.5144 0.5563 0.5284 0.4920 0.5003 0.5175 0.5613 0.4975 0.5297 0.5238 0.5232 0.5709 0.5063 0.4429 0.5035 0.5295 0.4960 0.5172 0.5884 0.4531 0.5729 0.5125 0.5290 0.5161 0.4950
0.4530 0.5045 0.3966 0.4644 0.5371 0.4966 0.4614 0.4738 0.4697 1.0000 0.4138 0.4608 0.4384 0.4287 0.4642 0.4532 0.4701 0.4914 0.4830 0.5107 0.4346 0.4955 0.5184 0.4427 0.4205 0.5334 0.4723 0.4526 0.4832 0.4441 0.4377 0.5422 0.5053 0.5173 0.4395 0.4221 0.4367 0.4072 0.4041 0.3869 0.4798 0.4512 0.4522 0.4631 0.4349 0.4759 0.4716 0.4589 0.5739 0.4508
0.4806 0.4571 0.5129 0.5022 0.4247 0.4805 0.5182 0.5141 0.5258 0.4138 1.0000 0.5179 0.4253 0.4713 0.6218 0.5436 0.4406 0.5274 0.4570 0.4536 0.5005 0.4650 0.5123 0.4915 0.4150 0.4472 0.5275 0.5448 0.4484 0.4935 0.5510 0.5295 0.4519 0.4862 0.5571 0.4852 0.5917 0.4962 0.3681 0.5642 0.4910 0.5345 0.5173 0.5194 0.4203 0.4965 0.5288 0.4669 0.5004 0.4826
0.5847 0.5583 0.5636 0.4937 0.5453 0.5363 0.4784 0.5631 0.5175 0.4608 0.5179 1.0000 0.4841 0.4875 0.5819 0.5069 0.5007 0.5620 0.5505 0.4481 0.5461 0.5693 0.5631 0.5017 0.5205 0.4926 0.5038 0.5628 0.5523 0.6522 0.5079 0.5502 0.5376 0.5281 0.5010 0.5092 0.5918 0.5262 0.4460 0.4853 0.5248 0.5364 0.5872 0.5010 0.4399 0.5313 0.6387 0.4519 0.5723 0.5300
0.4672 0.4691 0.4507 0.4372 0.5420 0.4831 0.4043 0.4518 0.4255 0.4384 0.4253 0.4841 1.0000 0.4981 0.4895 0.4337 0.4411 0.4755 0.4941 0.4745 0.3954 0.4716 0.4351 0.4294 0.4335 0.5369 0.4379 0.4434 0.4516 0.4940 0.4327 0.5500 0.4372 0.4631 0.4819 0.4280 0.4365 0.4729 0.4059 0.4221 0.4353 0.4274 0.4718 0.4292 0.3955 0.4518 0.4597 0.4189 0.5035 0.4516
0.4514 0.4796 0.4118 0.4212 0.4849 0.4393 0.4420 0.4742 0.4289 0.4287 0.4713 0.4875 0.4981 1.0000 0.4368 0.4645 0.3697 0.4128 0.4621 0.5598 0.4075 0.4872 0.4304 0.4249 0.4037 0.4762 0.4126 0.4600 0.4015 0.4955 0.4360 0.5122 0.4091 0.4222 0.4792 0.3999 0.4596 0.4044 0.3442 0.4684 0.4377 0.4316 0.4592 0.4010 0.4145 0.4045 0.4471 0.3822 0.4886 0.4334
0.5382 0.5177 0.5383 0.4849 0.5005 0.5351 0.4801 0.5590 0.5709 0.4642 0.6218 0.5819 0.4895 0.4368 1.0000 0.5277 0.4855 0.6231 0.5126 0.4703 0.4871 0.5069 0.5257 0.5223 0.4788 0.5200 0.5827 0.5598 0.4824 0.5492 0.5642 0.5891 0.4718 0.5786 0.5360 0.5446 0.6093 0.6235 0.4179 0.5407 0.5260 0.5806 0.5550 0.5271 0.4669 0.5550 0.5180 0.4853 0.5631 0.5205
0.4846 0.5025 0.4706 0.5104 0.4917 0.5208 0.5150 0.4899 0.4946 0.4532 0.5436 0.5069 0.4337 0.4645 0.5277 1.0000 0.4685 0.4938 0.4809 0.4443 0.4954 0.4946 0.4908 0.5089 0.4503 0.4570 0.4917 0.5474 0.4970 0.4982 0.4757 0.4871 0.4697 0.5075 0.5272 0.5203 0.5335 0.4484 0.3928 0.5005 0.5109 0.4867 0.5165 0.5165 0.4255 0.4846 0.5150 0.5157 0.4709 0.4695
0.4780 0.4869 0.4392 0.4772 0.5321 0.5406 0.4808 0.5033 0.5244 0.4701 0.4406 0.5007 0.4411 0.3697 0.4855 0.4685 1.0000 0.5351 0.5243 0.4171 0.4549 0.5040 0.4826 0.5060 0.5762 0.5065 0.5106 0.4758 0.5383 0.4808 0.4316 0.4809 0.5675 0.5350 0.4699 0.4915 0.4571 0.4536 0.4928 0.4171 0.4946 0.4317 0.5131 0.5825 0.3769 0.5695 0.5513 0.4778 0.5166 0.5333
0.5227 0.5439 0.5601 0.4945 0.5175 0.5488 0.5145 0.5919 0.5745 0.4914 0.5274 0.5620 0.4755 0.4128 0.6231 0.4938 0.5351 1.0000 0.5444 0.5023 0.4911 0.5345 0.5699 0.5480 0.4905 0.5673 0.5963 0.5021 0.5663 0.5535 0.5075 0.5619 0.5075 0.5415 0.5259 0.5011 0.5565 0.6140 0.4587 0.5724 0.4898 0.5042 0.5279 0.5827 0.4663 0.5960 0.5199 0.5322 0.5373 0.5186
0.6081 0.6604 0.4815 0.4703 0.5589 0.5322 0.4920 0.5244 0.4949 0.4830 0.4570 0.5505 0.4941 0.4621 0.5126 0.4809 0.5243 0.5444 1.0000 0.4724 0.4651 0.6662 0.5781 0.5231 0.5378 0.5461 0.5164 0.4821 0.5383 0.5667 0.4776 0.5413 0.5251 0.5136 0.4756 0.4717 0.5250 0.4858 0.4797 0.4516 0.4964 0.4755 0.5504 0.5338 0.4382 0.5321 0.5211 0.4757 0.5588 0.5469
0.4601 0.5192 0.4106 0.4125 0.5685 0.4364 0.5055 0.4512 0.5072 0.5107 0.4536 0.4481 0.4745 0.5598 0.4703 0.4443 0.4171 0.5023 0.4724 1.0000 0.4168 0.5224 0.4829 0.4616 0.4123 0.5633 0.4746 0.4490 0.4635 0.4404 0.4951 0.5636 0.4288 0.4362 0.4621 0.4120 0.4847 0.4414 0.4002 0.4542 0.4351 0.4450 0.4402 0.4652 0.4651 0.4538 0.4387 0.4368 0.5287 0.4481
0.4500 0.4446 0.5486 0.4359 0.4470 0.5066 0.4456 0.4932 0.4930 0.4346 0.5005 0.5461 0.3954 0.4075 0.4871 0.4954 0.4549 0.4911 0.4651 0.4168 1.0000 0.4956 0.4558 0.4502 0.4234 0.4228 0.5051 0.5121 0.4692 0.4686 0.4330 0.4759 0.4221 0.4816 0.4654 0.5022 0.5408 0.4499 0.3896 0.4777 0.4304 0.4221 0.4997 0.4932 0.4151 0.4310 0.5018 0.4997 0.4625 0.4449
0.6185 0.6569 0.5007 0.4734 0.5976 0.5504 0.5269 0.5262 0.5004 0.4955 0.4650 0.5693 0.4716 0.4872 0.5069 0.4946 0.5040 0.5345 0.6662 0.5224 0.4956 1.0000 0.5382 0.5334 0.5197 0.5191 0.4926 0.4981 0.5271 0.5687 0.4752 0.5338 0.5095 0.5250 0.4954 0.4595 0.5426 0.5165 0.4388 0.4887 0.5141 0.4878 0.5857 0.5027 0.4521 0.5370 0.5522 0.4574 0.5442 0.5397
0.5474 0.5879 0.5075 0.4740 0.4718 0.5157 0.4785 0.5328 0.4970 0.5184 0.5123 0.5631 0.4351 0.4304 0.5257 0.4908 0.4826 0.5699 0.5781 0.4829 0.4558 0.5382 1.0000 0.4616 0.4792 0.4990 0.5135 0.5031 0.5100 0.5424 0.4816 0.5467 0.5373 0.5087 0.4921 0.4366 0.5170 0.4896 0.4000 0.5184 0.5527 0.5428 0.5544 0.4969 0.4240 0.5065 0.5136 0.4470 0.5971 0.4808
0.4664 0.5008 0.4828 0.4749 0.5197 0.5264 0.5617 0.5121 0.6303 0.4427 0.4915 0.5017 0.4294 0.4249 0.5223 0.5089 0.5060 0.5480 0.5231 0.4616 0.4502 0.5334 0.4616 1.0000 0.5273 0.4723 0.5313 0.4810 0.5361 0.5315 0.4929 0.4990 0.4971 0.5190 0.5059 0.4865 0.5523 0.4935 0.4180 0.4744 0.4700 0.4533 0.5166 0.5715 0.4163 0.5783 0.5202 0.5122 0.4667 0.4620
0.4754 0.5054 0.4385 0.4505 0.5017 0.5275 0.4234 0.4744 0.4955 0.4205 0.4150 0.5205 0.4335 0.4037 0.4788 0.4503 0.5762 0.4905 0.5378 0.4123 0.4234 0.5197 0.4792 0.5273 1.0000 0.4418 0.4884 0.4428 0.5234 0.5135 0.4288 0.4635 0.5171 0.5181 0.4651 0.4472 0.4477 0.4408 0.4151 0.3896 0.4764 0.4466 0.5192 0.5373 0.3633 0.4961 0.5033 0.4516 0.5135 0.4686
0.4988 0.5031 0.4429 0.4645 0.5629 0.4922 0.4606 0.5131 0.5144 0.5334 0.4472 0.4926 0.5369 0.4762 0.5200 0.4570 0.5065 0.5673 0.5461 0.5633 0.4228 0.5191 0.4990 0.4723 0.4418 1.0000 0.5384 0.4751 0.4556 0.4891 0.4534 0.6202 0.4830 0.4842 0.4465 0.4345 0.4654 0.4868 0.4433 0.4567 0.4654 0.4676 0.4641 0.4970 0.4435 0.5446 0.4809 0.4436 0.5835 0.5268
0.4425 0.4791 0.4928 0.4891 0.4819 0.5221 0.5020 0.5466 0.5563 0.4723 0.5275 0.5038 0.4379 0.4126 0.5827 0.4917 0.5106 0.5963 0.5164 0.4746 0.5051 0.4926 0.5135 0.5313 0.4884 0.5384 1.0000 0.5085 0.4917 0.5205 0.5127 0.5548 0.4892 0.5013 0.5266 0.4786 0.5451 0.5338 0.4065 0.5358 0.4678 0.4670 0.4849 0.5757 0.4235 0.5310 0.4872 0.5265 0.5450 0.4762
0.4799 0.5116 0.5307 0.4682 0.4745 0.5223 0.4640 0.5116 0.5284 0.4526 0.5448 0.5628 0.4434 0.4600 0.5598 0.5474 0.4758 0.5021 0.4821 0.4490 0.5121 0.4981 0.5031 0.4810 0.4428 0.4751 0.5085 1.0000 0.4485 0.5045 0.5541 0.5114 0.4869 0.4863 0.5119 0.5168 0.5844 0.5083 0.4044 0.5076 0.5289 0.4956 0.5596 0.5004 0.4150 0.4898 0.5285 0.4706 0.5054 0.4573
0.4689 0.5137 0.4594 0.4997 0.5701 0.5341 0.5113 0.4712 0.4920 0.4832 0.4484 0.5523 0.4516 0.4015 0.4824 0.4970 0.5383 0.5663 0.5383 0.4635 0.4692 0.5271 0.5100 0.5361 0.5234 0.4556 0.4917 0.4485 1.0000 0.5161 0.4515 0.4868 0.5291 0.5158 0.5301 0.4440 0.4835 0.4697 0.4459 0.4521 0.4690 0.4426 0.5024 0.5574 0.3829 0.5428 0.5323 0.5167 0.4807 0.4587
0.5416 0.5608 0.5050 0.4857 0.5151 0.5389 0.4845 0.6289 0.5003 0.4441 0.4935 0.6522 0.4940 0.4955 0.5492 0.4982 0.4808 0.5535 0.5667 0.4404 0.4686 0.5687 0.5424 0.5315 0.5135 0.4891 0.5205 0.5045 0.5161 1.0000 0.4757 0.5756 0.5291 0.5245 0.5094 0.4661 0.5528 0.5085 0.4087 0.4908 0.5090 0.5381 0.5586 0.5022 0.3906 0.5235 0.5503 0.4491 0.5417 0.5032
0.4714 0.4809 0.4607 0.4481 0.4767 0.4513 0.4988 0.4590 0.5175 0.4377 0.5510 0.5079 0.4327 0.4360 0.5642 0.4757 0.4316 0.5075 0.4776 0.4951 0.4330 0.4752 0.4816 0.4929 0.4288 0.4534 0.5127 0.5541 0.4515 0.4757 1.0000 0.4979 0.4861 0.4658 0.4956 0.4270 0.5909 0.5053 0.4527 0.4682 0.4835 0.4884 0.5066 0.4799 0.4744 0.4945 0.4894 0.4603 0.5055 0.5157
0.5211 0.5283 0.4827 0.4709 0.5416 0.5180 0.4754 0.5762 0.5613 0.5422 0.5295 0.5502 0.5500 0.5122 0.5891 0.4871 0.4809 0.5619 0.5413 0.5636 0.4759 0.5338 0.5467 0.4990 0.4635 0.6202 0.5548 0.5114 0.4868 0.5756 0.4979 1.0000 0.5097 0.5424 0.5100 0.4875 0.5387 0.5250 0.4220 0.5211 0.5339 0.5817 0.5088 0.5122 0.4758 0.5285 0.4919 0.4722 0.6396 0.5155
0.4737 0.4933 0.4561 0.5312 0.4923 0.5509 0.4609 0.5540 0.4975 0.5053 0.4519 0.5376 0.4372 0.4091 0.4718 0.4697 0.5675 0.5075 0.5251 0.4288 0.4221 0.5095 0.5373 0.4971 0.5171 0.4830 0.4892 0.4869 0.5291 0.5291 0.4861 0.5097 1.0000 0.5703 0.4633 0.4577 0.4498 0.4470 0.4759 0.4189 0.5416 0.5106 0.5131 0.5146 0.3797 0.5523 0.4989 0.5015 0.5318 0.5029
0.5436 0.5069 0.4775 0.4715 0.5132 0.6055 0.4388 0.5630 0.5297 0.5173 0.4862 0.5281 0.4631 0.4222 0.5786 0.5075 0.5350 0.5415 0.5136 0.4362 0.4816 0.5250 0.5087 0.5190 0.5181 0.4842 0.5013 0.4863 0.5158 0.5245 0.4658 0.5424 0.5703 1.0000 0.4929 0.5627 0.4655 0.5221 0.4310 0.4552 0.5824 0.5425 0.5877 0.5190 0.3972 0.5661 0.5225 0.4914 0.5513 0.5528
0.4603 0.4648 0.4811 0.5412 0.4637 0.5925 0.5213 0.5062 0.5238 0.4395 0.5571 0.5010 0.4819 0.4792 0.5360 0.5272 0.4699 0.5259 0.4756 0.4621 0.4654 0.4954 0.4921 0.5059 0.4651 0.4465 0.5266 0.5119 0.5301 0.5094 0.4956 0.5100 0.4633 0.4929 1.0000 0.4728 0.5288 0.4932 0.3923 0.5391 0.4811 0.4828 0.4994 0.5098 0.4222 0.5080 0.4940 0.5415 0.5025 0.4541
0.4998 0.4752 0.4688 0.4316 0.4572 0.5595 0.4570 0.5277 0.5232 0.4221 0.4852 0.5092 0.4280 0.3999 0.5446 0.5203 0.4915 0.5011 0.4717 0.4120 0.5022 0.4595 0.4366 0.4865 0.4472 0.4345 0.4786 0.5168 0.4440 0.4661 0.4270 0.4875 0.4577 0.5627 0.4728 1.0000 0.5276 0.4877 0.4263 0.4641 0.5008 0.4588 0.5627 0.5177 0.4166 0.4708 0.4945 0.4850 0.4508 0.5115
0.5270 0.5166 0.5524 0.4728 0.4779 0.5077 0.5936 0.5242 0.5709 0.4367 0.5917 0.5918 0.4365 0.4596 0.6093 0.5335 0.4571 0.5565 0.5250 0.4847 0.5408 0.5426 0.5170 0.5523 0.4477 0.4654 0.5451 0.5844 0.4835 0.5528 0.5909 0.5387 0.4498 0.4655 0.5288 0.5276 1.0000 0.5305 0.4204 0.5472 0.4951 0.5173 0.5507 0.5262 0.4567 0.5020 0.5568 0.4989 0.4910 0.4755
0.5117 0.4762 0.5538 0.4532 0.4997 0.4818 0.4700 0.5029 0.5063 0.4072 0.4962 0.5262 0.4729 0.4044 0.6235 0.4484 0.4536 0.6140 0.4858 0.4414 0.4499 0.5165 0.4896 0.4935 0.4408 0.4868 0.5338 0.5083 0.4697 0.5085 0.5053 0.5250 0.4470 0.5221 0.4932 0.4877 0.5305 1.0000 0.4186 0.5736 0.5021 0.5199 0.5609 0.4913 0.4536 0.5660 0.4752 0.4627 0.4901 0.4628
0.4198 0.4185 0.3905 0.3796 0.4488 0.4420 0.4042 0.4047 0.4429 0.4041 0.3681 0.4460 0.4059 0.3442 0.4179 0.3928 0.4928 0.4587 0.4797 0.4002 0.3896 0.4388 0.4000 0.4180 0.4151 0.4433 0.4065 0.4044 0.4459 0.4087 0.4527 0.4220 0.4759 0.4310 0.3923 0.4263 0.4204 0.4186 1.0000 0.3553 0.4232 0.3590 0.4098 0.4674 0.4454 0.5111 0.4064 0.4462 0.4239 0.5029
0.4471 0.4741 0.5228 0.4643 0.4136 0.4728 0.5159 0.5224 0.5035 0.3869 0.5642 0.4853 0.4221 0.4684 0.5407 0.5005 0.4171 0.5724 0.4516 0.4542 0.4777 0.4887 0.5184 0.4744 0.3896 0.4567 0.5358 0.5076 0.4521 0.4908 0.4682 0.5211 0.4189 0.4552 0.5391 0.4641 0.5472 0.5736 0.3553 1.0000 0.4837 0.4838 0.4773 0.4915 0.4189 0.4842 0.4774 0.4440 0.4442 0.4362
0.5211 0.5008 0.4463 0.4505 0.4598 0.5116 0.4541 0.5134 0.5295 0.4798 0.4910 0.5248 0.4353 0.4377 0.5260 0.5109 0.4946 0.4898 0.4964 0.4351 0.4304 0.5141 0.5527 0.4700 0.4764 0.4654 0.4678 0.5289 0.4690 0.5090 0.4835 0.5339 0.5416 0.5824 0.4811 0.5008 0.4951 0.5021 0.4232 0.4837 1.0000 0.5353 0.5644 0.4823 0.4101 0.5623 0.4899 0.4318 0.5510 0.4962
0.5231 0.4803 0.4624 0.4521 0.4473 0.4928 0.4593 0.5365 0.4960 0.4512 0.5345 0.5364 0.4274 0.4316 0.5806 0.4867 0.4317 0.5042 0.4755 0.4450 0.4221 0.4878 0.5428 0.4533 0.4466 0.4676 0.4670 0.4956 0.4426 0.5381 0.4884 0.5817 0.5106 0.5425 0.4828 0.4588 0.5173 0.5199 0.3590 0.4838 0.5353 1.0000 0.5169 0.4412 0.4341 0.4989 0.4678 0.4316 0.5507 0.4862
0.6064 0.5730 0.5243 0.4703 0.5310 0.5520 0.4682 0.5141 0.5172 0.4522 0.5173 0.5872 0.4718 0.4592 0.5550 0.5165 0.5131 0.5279 0.5504 0.4402 0.4997 0.5857 0.5544 0.5166 0.5192 0.4641 0.4849 0.5596 0.5024 0.5586 0.5066 0.5088 0.5131 0.5877 0.4994 0.5627 0.5507 0.5609 0.4098 0.4773 0.5644 0.5169 1.0000 0.5056 0.4219 0.5282 0.6046 0.4727 0.5211 0.5474
0.4523 0.4765 0.4660 0.4809 0.5097 0.5646 0.5184 0.5363 0.5884 0.4631 0.5194 0.5010 0.4292 0.4010 0.5271 0.5165 0.5825 0.5827 0.5338 0.4652 0.4932 0.5027 0.4969 0.5715 0.5373 0.4970 0.5757 0.5004 0.5574 0.5022 0.4799 0.5122 0.5146 0.5190 0.5098 0.5177 0.5262 0.4913 0.4674 0.4915 0.4823 0.4412 0.5056 1.0000 0.3933 0.5150 0.5266 0.5272 0.4985 0.4804
0.4211 0.4319 0.3971 0.3795 0.4540 0.4058 0.4377 0.4289 0.4531 0.4349 0.4203 0.4399 0.3955 0.4145 0.4669 0.4255 0.3769 0.4663 0.4382 0.4651 0.4151 0.4521 0.4240 0.4163 0.3633 0.4435 0.4235 0.4150 0.3829 0.3906 0.4744 0.4758 0.3797 0.3972 0.4222 0.4166 0.4567 0.4536 0.4454 0.4189 0.4101 0.4341 0.4219 0.3933 1.0000 0.4370 0.4091 0.4603 0.4572 0.4647
0.5108 0.4932 0.4767 0.4792 0.5398 0.5009 0.5271 0.5107 0.5729 0.4759 0.4965 0.5313 0.4518 0.4045 0.5550 0.4846 0.5695 0.5960 0.5321 0.4538 0.4310 0.5370 0.5065 0.5783 0.4961 0.5446 0.5310 0.4898 0.5428 0.5235 0.4945 0.5285 0.5523 0.5661 0.5080 0.4708 0.5020 0.5660 0.5111 0.4842 0.5623 0.4989 0.5282 0.5150 0.4370 1.0000 0.5390 0.4914 0.5180 0.5038
0.5631 0.5478 0.5342 0.5077 0.5529 0.5086 0.5180 0.4839 0.5125 0.4716 0.5288 0.6387 0.4597 0.4471 0.5180 0.5150 0.5513 0.5199 0.5211 0.4387 0.5018 0.5522 0.5136 0.5202 0.5033 0.4809 0.4872 0.5285 0.5323 0.5503 0.4894 0.4919 0.4989 0.5225 0.4940 0.4945 0.5568 0.4752 0.4064 0.4774 0.4899 0.4678 0.6046 0.5266 0.4091 0.5390 1.0000 0.4530 0.5254 0.5326
0.4212 0.4396 0.4704 0.4918 0.4621 0.5938 0.5017 0.4654 0.5290 0.4589 0.4669 0.4519 0.4189 0.3822 0.4853 0.5157 0.4778 0.5322 0.4757 0.4368 0.4997 0.4574 0.4470 0.5122 0.4516 0.4436 0.5265 0.4706 0.5167 0.4491 0.4603 0.4722 0.5015 0.4914 0.5415 0.4850 0.4989 0.4627 0.4462 0.4440 0.4318 0.4316 0.4727 0.5272 0.4603 0.4914 0.4530 1.0000 0.4362 0.4384
0.5329 0.5476 0.4725 0.4717 0.5637 0.5200 0.4512 0.5541 0.5161 0.5739 0.5004 0.5723 0.5035 0.4886 0.5631 0.4709 0.5166 0.5373 0.5588 0.5287 0.4625 0.5442 0.5971 0.4667 0.5135 0.5835 0.5450 0.5054 0.4807 0.5417 0.5055 0.6396 0.5318 0.5513 0.5025 0.4508 0.4910 0.4901 0.4239 0.4442 0.5510 0.5507 0.5211 0.4985 0.4572 0.5180 0.5254 0.4362 1.0000 0.5297
0.5932 0.5369 0.4562 0.4393 0.4936 0.5187 0.4450 0.5257 0.4950 0.4508 0.4826 0.5300 0.4516 0.4334 0.5205 0.4695 0.5333 0.5186 0.5469 0.4481 0.4449 0.5397 0.4808 0.4620 0.4686 0.5268 0.4762 0.4573 0.4587 0.5032 0.5157 0.5155 0.5029 0.5528 0.4541 0.5115 0.4755 0.4628 0.5029 0.4362 0.4962 0.4862 0.5474 0.4804 0.4647 0.5038 0.5326 0.4384 0.5297 1.0000
