1 1 (0) 1 : 0.23541786336842152050 0.11596025012776374485 0.07575967210523984474 0.00000000099999999999 0.23254081764515241448 0.00000002290505936050 0.00000000099999999999 0.09837081663383463737 0.00000000099999999999 0.00000000099999999999 0.24195055321452846320
2 2 (0) 1 : 0.99999999000000028282 0.00000000099999999980 0.00000000099999999980 0.00000000099999999980 0.00000000099999999980 0.00000000099999999980 0.00000000099999999980 0.00000000099999999980 0.00000000099999999980 0.00000000099999999980 0.00000000099999999980
3 3 (0) 1 : 0.00000000099999999971 0.00000000099999999971 0.00000000099999999971 0.00000000099999999971 0.00000000099999999971 0.00000000099999999971 0.00000000099999999971 0.00000000099999999971 0.99999999000000006077 0.00000000099999999971 0.00000000099999999971
4 4 (0) 1 : 0.99999999000000017180 0.00000000099999999983 0.00000000099999999983 0.00000000099999999983 0.00000000099999999983 0.00000000099999999983 0.00000000099999999983 0.00000000099999999983 0.00000000099999999983 0.00000000099999999983 0.00000000099999999983
5 5 (0) 1 : 0.00000000099999999983 0.00000000099999999983 0.00000000099999999983 0.00000000099999999983 0.00000000099999999983 0.00000000099999999983 0.00000000099999999983 0.00000000099999999983 0.00000000099999999983 0.99999998999999994975 0.00000000099999999983
6 6 (0) 1 : 0.35891834508647346702 0.03910211418192387212 0.05646174196772817122 0.02271128643654799287 0.24831523787885589893 0.00000000099999999999 0.00000000099999999999 0.02532804477854602720 0.00431747133933114806 0.24484575533059355079 0.00000000099999999999
7 7 (0) 1 : 0.38307635594610101037 0.00000000099999999996 0.00000000099999999996 0.02346734532308717217 0.00000000099999999996 0.00000000099999999996 0.00000000099999999996 0.00000000099999999996 0.00000000099999999996 0.43649364122813810729 0.15696265050267360630
8 8 (0) 2 : 0.08586656335361421422 0.00000000099999999997 0.00000000099999999997 0.00000000099999999997 0.26593362735941933339 0.04443830299359469160 0.09816315464628569409 0.00000000099999999997 0.00000000099999999997 0.32027579765835195724 0.18532254898873398719
9 9 (0) 2 : 0.00000000099999999976 0.00000000099999999976 0.00000000099999999976 0.00000000099999999976 0.00000000099999999976 0.00000000099999999976 0.00000000099999999976 0.00000000099999999976 0.00000000099999999976 0.00000000099999999976 0.99999998999999994975
10 10 (0) 2 : 0.00000000099999999962 0.00000000099999999962 0.00000000099999999962 0.00000000099999999962 0.00000000099999999962 0.00000000099999999962 0.00000000099999999962 0.00000000099999999962 0.00000000099999999962 0.00000000099999999962 0.99999999000000006077
11 11 (0) 2 : 0.00000000099999999990 0.12383864010867806638 0.00000000099999999990 0.00000000099999999990 0.00000000099999999990 0.00000000099999999990 0.00000000099999999990 0.00000000099999999990 0.00000000099999999990 0.00000000099999999990 0.87616135089132185509
12 12 (0) 2 : 0.37491079937172516745 0.00000000099999999994 0.00000000099999999994 0.02646525297657124909 0.00000000099999999994 0.00000000099999999994 0.59862393965170357379 0.00000000099999999994 0.00000000099999999994 0.00000000099999999994 0.00000000099999999994
13 13 (0) 2 : 0.00000000099999999971 0.00000000099999999971 0.00000000099999999971 0.00000000099999999971 0.00000000099999999971 0.00000000099999999971 0.00000000099999999971 0.00000000099999999971 0.99999999000000006077 0.00000000099999999971 0.00000000099999999971
14 14 (0) 3 : 0.99999999000000028282 0.00000000099999999979 0.00000000099999999979 0.00000000099999999979 0.00000000099999999979 0.00000000099999999979 0.00000000099999999979 0.00000000099999999979 0.00000000099999999979 0.00000000099999999979 0.00000000099999999979
15 15 (0) 3 : 0.58799759736465218030 0.00000000099999999993 0.00000000099999999993 0.00000000099999999993 0.00000000099999999993 0.00000000099999999993 0.41200239363534812975 0.00000000099999999993 0.00000000099999999993 0.00000000099999999993 0.00000000099999999993
16 16 (0) 3 : 0.00000000099999999994 0.00000000099999999994 0.00000000099999999994 0.00000000099999999994 0.00000000099999999994 0.00000000099999999994 0.50749317769351187657 0.28824901850622641764 0.20425779580026157123 0.00000000099999999994 0.00000000099999999994
17 17 (0) 3 : 0.00000000099999999968 0.00000000099999999968 0.00000000099999999968 0.00000000099999999968 0.00000000099999999968 0.00000000099999999968 0.00000000099999999968 0.99999999000000006077 0.00000000099999999968 0.00000000099999999968 0.00000000099999999968
18 18 (0) 4 : 0.99999999000000028282 0.00000000099999999984 0.00000000099999999984 0.00000000099999999984 0.00000000099999999984 0.00000000099999999984 0.00000000099999999984 0.00000000099999999984 0.00000000099999999984 0.00000000099999999984 0.00000000099999999984
19 19 (0) 4 : 0.00000000099999999975 0.00000000099999999975 0.00000000099999999975 0.00000000099999999975 0.99999999000000017180 0.00000000099999999975 0.00000000099999999975 0.00000000099999999975 0.00000000099999999975 0.00000000099999999975 0.00000000099999999975
20 20 (0) 4 : 0.00000000099999999982 0.00000000099999999982 0.00000000099999999982 0.00000000099999999982 0.00000000099999999982 0.00000000099999999982 0.00000000099999999982 0.00000000099999999982 0.00000000099999999982 0.99999998999999994975 0.00000000099999999982
21 21 (0) 4 : 0.99999999000000028282 0.00000000099999999982 0.00000000099999999982 0.00000000099999999982 0.00000000099999999982 0.00000000099999999982 0.00000000099999999982 0.00000000099999999982 0.00000000099999999982 0.00000000099999999982 0.00000000099999999982
22 22 (0) 4 : 0.00000000099999999977 0.00000000099999999977 0.00000000099999999977 0.00000000099999999977 0.99999999000000006077 0.00000000099999999977 0.00000000099999999977 0.00000000099999999977 0.00000000099999999977 0.00000000099999999977 0.00000000099999999977
23 23 (0) 4 : 0.00000000099999999974 0.00000000099999999974 0.00000000099999999974 0.00000000099999999974 0.00000000099999999974 0.00000000099999999974 0.00000000099999999974 0.99999999000000006077 0.00000000099999999974 0.00000000099999999974 0.00000000099999999974
24 24 (0) 4 : 0.24039138959921754757 0.00000000099999999995 0.00000000099999999995 0.00000000099999999995 0.21980122556262826627 0.00000000099999999995 0.00000000099999999995 0.17601842287129379483 0.36378893373016135682 0.00000002223669901895 0.00000000099999999995
25 25 (0) 4 : 0.00000000099999999984 0.00000000099999999984 0.00000000099999999984 0.00000000099999999984 0.00000000099999999984 0.00000000099999999984 0.00000000099999999984 0.00000000099999999984 0.00000000099999999984 0.99999999000000006077 0.00000000099999999984
26 26 (0) 4 : 0.00000000100000000000 0.03653072686188973961 0.00000000100000000000 0.00000003391364671693 0.03470612756060835469 0.04505059051826115768 0.11567036253212277519 0.00000000100000000000 0.13491070023977227987 0.49020281994223213751 0.14292863543146686056
27 27 (0) 4 : 0.22327052000154029576 0.00000000099999999999 0.00000016739719232612 0.00000000099999999999 0.21361921063970198964 0.00000000099999999999 0.24834644447401327261 0.21086900323869373075 0.00000000099999999999 0.00000000099999999999 0.10389464924885852271
28 28 (0) 4 : 0.00000000099999999995 0.00000000099999999995 0.00000000099999999995 0.00000000099999999995 0.40771026762955464573 0.02733168864704157638 0.00000000099999999995 0.00000000099999999995 0.56495803572340375087 0.00000000099999999995 0.00000000099999999995
29 29 (0) 4 : 0.30509789189396879783 0.02391042780805191156 0.08238310351249006347 0.00000005085157384104 0.06027757804775234901 0.02993274018102819178 0.00000000100000000000 0.00000000100000000000 0.00073670010891310040 0.30499376617900625375 0.19266773941721546115
30 30 (0) 4 : 0.00000000099999999971 0.00000000099999999971 0.00000000099999999971 0.00000000099999999971 0.99999999000000006077 0.00000000099999999971 0.00000000099999999971 0.00000000099999999971 0.00000000099999999971 0.00000000099999999971 0.00000000099999999971
31 31 (0) 4 : 0.48051117369833989956 0.00000000099999999991 0.00000000099999999991 0.00000000099999999991 0.00000000099999999991 0.00000000099999999991 0.51948881730165996640 0.00000000099999999991 0.00000000099999999991 0.00000000099999999991 0.00000000099999999991
32 32 (0) 4 : 0.00000000099999999975 0.00000000099999999975 0.00000000099999999975 0.00000000099999999975 0.00000000099999999975 0.00000000099999999975 0.99999999000000006077 0.00000000099999999975 0.00000000099999999975 0.00000000099999999975 0.00000000099999999975
33 33 (0) 4 : 0.00000000099999999992 0.00000000099999999992 0.00000000099999999992 0.04464474950574020412 0.00000000099999999992 0.00000000099999999992 0.48413489794901859442 0.00000000099999999992 0.47122034454524119873 0.00000000099999999992 0.00000000099999999992
34 34 (0) 5 : 0.00000000099999999998 0.01711301903571443156 0.00000000099999999998 0.00000000099999999998 0.28495316527250147409 0.00105491557191190479 0.00001921596408772070 0.14970314506481793848 0.00000000099999999998 0.54715653409096631776 0.00000000099999999998
35 35 (0) 6 : 0.00000000099999999989 0.00000000099999999989 0.00000000099999999989 0.00000000099999999989 0.00000000099999999989 0.00000000099999999989 0.99999998999999994975 0.00000000099999999989 0.00000000099999999989 0.00000000099999999989 0.00000000099999999989
36 36 (0) 6 : 0.47781378437770338774 0.00000000099999999991 0.00000000099999999991 0.00000000099999999991 0.00000000099999999991 0.00000000099999999991 0.00000000099999999991 0.00000000099999999991 0.00000000099999999991 0.00000000099999999991 0.52218620662229631169
37 37 (0) 6 : 0.00000000099999999913 0.00000000099999999913 0.00000000099999999913 0.00000000099999999913 0.00000000099999999913 0.99999999000000017180 0.00000000099999999913 0.00000000099999999913 0.00000000099999999913 0.00000000099999999913 0.00000000099999999913
38 38 (0) 6 : 0.00000000099999999992 0.00000000099999999992 0.00000000099999999992 0.00000000099999999992 0.00000000099999999992 0.00000000099999999992 0.45807438767866426321 0.00000000099999999992 0.00000000099999999992 0.54192560332133576928 0.00000000099999999992
39 39 (0) 6 : 0.00000000099999999993 0.00000000099999999993 0.00000000099999999993 0.00000000099999999993 0.00000000099999999993 0.00000000099999999993 0.00000000099999999993 0.00000000099999999993 0.28015329590134657733 0.71984669509865328862 0.00000000099999999993
40 40 (0) 6 : 0.00000000099999999979 0.00000000099999999979 0.00000000099999999979 0.00000000099999999979 0.00000000099999999979 0.00000000099999999979 0.00000000099999999979 0.99999999000000006077 0.00000000099999999979 0.00000000099999999979 0.00000000099999999979
41 41 (0) 6 : 0.00000000099999999973 0.99999999000000028282 0.00000000099999999973 0.00000000099999999973 0.00000000099999999973 0.00000000099999999973 0.00000000099999999973 0.00000000099999999973 0.00000000099999999973 0.00000000099999999973 0.00000000099999999973
42 42 (0) 6 : 0.22971592238167964917 0.01484320240387498879 0.04719279140950288776 0.00000000099999999999 0.00000000099999999999 0.01659995875998932641 0.29643042994948598512 0.13029328324716279996 0.07588201181986305166 0.10808404082387862433 0.08095835720456258378
43 43 (0) 6 : 0.00000000099999999979 0.00000000099999999979 0.00000000099999999979 0.00000000099999999979 0.00000000099999999979 0.00000000099999999979 0.00000000099999999979 0.00000000099999999979 0.00000000099999999979 0.00000000099999999979 0.99999999000000006077
44 44 (0) 6 : 0.07975200083831539277 0.02732918737296592335 0.04559254302059714825 0.00869973184860725786 0.14401937566299169435 0.00000000100000000000 0.14609412555643935816 0.00000000100000000000 0.03462580057266170103 0.41027270975270940800 0.10361452337471202534
45 45 (0) 6 : 0.00000000099999999977 0.00000000099999999977 0.00000000099999999977 0.00000000099999999977 0.00000000099999999977 0.00000000099999999977 0.00000000099999999977 0.99999999000000006077 0.00000000099999999977 0.00000000099999999977 0.00000000099999999977
46 46 (0) 6 : 0.00000000099999999865 0.00000000099999999865 0.00000000099999999865 0.99999999000000006077 0.00000000099999999865 0.00000000099999999865 0.00000000099999999865 0.00000000099999999865 0.00000000099999999865 0.00000000099999999865 0.00000000099999999865
47 47 (0) 6 : 0.00000000099999999973 0.00000000099999999973 0.00000000099999999973 0.00000000099999999973 0.00000000099999999973 0.00000000099999999973 0.00000000099999999973 0.00000000099999999973 0.00000000099999999973 0.00000000099999999973 0.99999999000000006077
48 48 (0) 6 : 0.00000000099999999983 0.00000000099999999983 0.00000000099999999983 0.00000000099999999983 0.00000000099999999983 0.00000000099999999983 0.99999998999999994975 0.00000000099999999983 0.00000000099999999983 0.00000000099999999983 0.00000000099999999983
49 49 (0) 6 : 0.00000000099999999770 0.99999998999999994975 0.00000000099999999770 0.00000000099999999770 0.00000000099999999770 0.00000000099999999770 0.00000000099999999770 0.00000000099999999770 0.00000000099999999770 0.00000000099999999770 0.00000000099999999770
50 50 (0) 6 : 0.00000000099999999963 0.00000000099999999963 0.99999999000000017180 0.00000000099999999963 0.00000000099999999963 0.00000000099999999963 0.00000000099999999963 0.00000000099999999963 0.00000000099999999963 0.00000000099999999963 0.00000000099999999963
51 51 (0) 6 : 0.04973327575020399655 0.07024064973349135321 0.06307027983893301326 0.02229806883984167612 0.09577972599986284141 0.02077407469002789595 0.33583316741712532227 0.00000000099999999999 0.00000000099999999999 0.34218204553047198990 0.00008871020004187037
52 52 (0) 6 : 0.00000000099999999919 0.00000000099999999919 0.00000000099999999919 0.99999999000000017180 0.00000000099999999919 0.00000000099999999919 0.00000000099999999919 0.00000000099999999919 0.00000000099999999919 0.00000000099999999919 0.00000000099999999919
53 53 (0) 6 : 0.00000000099999999980 0.00000000099999999980 0.00000000099999999980 0.00000000099999999980 0.00000000099999999980 0.00000000099999999980 0.99999999000000006077 0.00000000099999999980 0.00000000099999999980 0.00000000099999999980 0.00000000099999999980
54 54 (0) 6 : 0.00000000099999999980 0.00000000099999999980 0.00000000099999999980 0.00000000099999999980 0.00000000099999999980 0.00000000099999999980 0.00000000099999999980 0.00000000099999999980 0.00000000099999999980 0.99999998999999994975 0.00000000099999999980
55 55 (0) 6 : 0.00000000099999999973 0.00000000099999999973 0.00000000099999999973 0.00000000099999999973 0.00000000099999999973 0.00000000099999999973 0.00000000099999999973 0.99999998999999994975 0.00000000099999999973 0.00000000099999999973 0.00000000099999999973
56 56 (0) 6 : 0.00000000099999999967 0.00000000099999999967 0.00000000099999999967 0.00000000099999999967 0.00000000099999999967 0.00000000099999999967 0.00000000099999999967 0.00000000099999999967 0.99999998999999994975 0.00000000099999999967 0.00000000099999999967
57 57 (0) 6 : 0.00000000099999999979 0.00000000099999999979 0.00000000099999999979 0.00000000099999999979 0.00000000099999999979 0.00000000099999999979 0.00000000099999999979 0.00000000099999999979 0.00000000099999999979 0.99999998999999994975 0.00000000099999999979
58 58 (0) 7 : 0.00000000099999999988 0.00000000099999999988 0.59381555921035789058 0.00000000099999999988 0.00000000099999999988 0.00000000099999999988 0.00000000099999999988 0.40618443178964225293 0.00000000099999999988 0.00000000099999999988 0.00000000099999999988
59 59 (0) 7 : 0.38453248733535178028 0.00000000099999999997 0.07755332601300599094 0.00000000099999999997 0.00000000099999999997 0.00024890683512452988 0.00000000099999999997 0.33082230647499516474 0.00000000099999999997 0.00000000099999999997 0.20684296734152252117
60 60 (0) 7 : 0.63969992569568512319 0.00000000099999999997 0.00000000099999999997 0.00000000099999999997 0.00000000099999999997 0.00000000099999999997 0.00000000099999999997 0.00000000099999999997 0.00000000099999999997 0.36030006530431496481 0.00000000099999999997
61 61 (0) 7 : 0.00000000099999999992 0.00000000099999999992 0.00000000099999999992 0.00000000099999999992 0.00000000099999999992 0.00000000099999999992 0.00000000099999999992 0.00000000099999999992 0.37063582876648171194 0.62936416223351832055 0.00000000099999999992
62 62 (0) 7 : 0.00000000099999999904 0.00000000099999999904 0.00000000099999999904 0.00000000099999999904 0.00000000099999999904 0.99999999000000006077 0.00000000099999999904 0.00000000099999999904 0.00000000099999999904 0.00000000099999999904 0.00000000099999999904
63 63 (0) 7 : 0.00000000099999999997 0.01495814222468028198 0.13599870008812545152 0.00000000099999999997 0.14882591988753596235 0.00000000099999999997 0.25664100888840724046 0.00000000099999999997 0.06156061946326017720 0.15313893066952313782 0.22887667477846782016
64 64 (0) 8 : 0.00000374777310130841 0.00000000099999999997 0.00000000099999999997 0.02924012812926864158 0.43720665203788194875 0.04433794081264137710 0.48921152524710670439 0.00000000099999999997 0.00000000099999999997 0.00000000099999999997 0.00000000099999999997
65 65 (0) 8 : 0.00000000099999999974 0.00000000099999999974 0.00000000099999999974 0.00000000099999999974 0.00000000099999999974 0.00000000099999999974 0.00000000099999999974 0.00000000099999999974 0.99999998999999994975 0.00000000099999999974 0.00000000099999999974
66 66 (0) 9 : 0.00000000099999999976 0.00000000099999999976 0.00000000099999999976 0.00000000099999999976 0.99999999000000006077 0.00000000099999999976 0.00000000099999999976 0.00000000099999999976 0.00000000099999999976 0.00000000099999999976 0.00000000099999999976
67 67 (0) 10 : 0.00000000099999999984 0.00000000099999999984 0.00000000099999999984 0.00000000099999999984 0.00000000099999999984 0.00000000099999999984 0.99999998999999994975 0.00000000099999999984 0.00000000099999999984 0.00000000099999999984 0.00000000099999999984
68 68 (0) 10 : 0.33546709079023939726 0.00000000099999999998 0.00014563626105308555 0.00868543402850171717 0.07287795013001631406 0.00000000099999999998 0.19926536260366656261 0.00000000099999999998 0.20152388596959333600 0.18203463621692944630 0.00000000099999999998
69 69 (0) 10 : 0.00000000099999999994 0.00000000099999999994 0.41232583821312446259 0.03776984811087903682 0.26893532218487770091 0.00000000099999999994 0.00000000099999999994 0.00000000099999999994 0.28096898449111895602 0.00000000099999999994 0.00000000099999999994
70 70 (0) 10 : 0.30596158685740304506 0.00000000099999999998 0.21580197065040940263 0.01179653939313852519 0.42887677557501152625 0.03064331483396363909 0.00000002345600813020 0.00691978523406577666 0.00000000099999999998 0.00000000099999999998 0.00000000099999999998
71 71 (0) 10 : 0.00000000099999999995 0.00000000099999999995 0.00000000099999999995 0.00000000099999999995 0.20020804339808243033 0.00000000099999999995 0.49005019289816564854 0.30974175570375200861 0.00000000099999999995 0.00000000099999999995 0.00000000099999999995
72 72 (0) 10 : 0.00000000099999999973 0.00000000099999999973 0.00000000099999999973 0.00000000099999999973 0.99999999000000017180 0.00000000099999999973 0.00000000099999999973 0.00000000099999999973 0.00000000099999999973 0.00000000099999999973 0.00000000099999999973
73 73 (0) 10 : 0.00000000099999999999 0.00000000099999999999 0.05989393298529038095 0.00550297311238421086 0.00000000099999999999 0.00000000099999999999 0.34263563518711759315 0.00000000099999999999 0.00000000099999999999 0.37414693403343107780 0.21782051868177673692
74 74 (0) 10 : 0.00000000099999999948 0.00000000099999999948 0.99999999000000006077 0.00000000099999999948 0.00000000099999999948 0.00000000099999999948 0.00000000099999999948 0.00000000099999999948 0.00000000099999999948 0.00000000099999999948 0.00000000099999999948
75 75 (0) 10 : 0.00000000099999999999 0.00000000099999999999 0.15828510387639269097 0.01443641754838076267 0.00000000099999999999 0.02176293107434390528 0.28919212034028718428 0.02019411724858965335 0.22928363289682057724 0.26684567301518524740 0.00000000099999999999
76 76 (0) 10 : 0.00000000099999999953 0.00000000099999999953 0.99999999000000017180 0.00000000099999999953 0.00000000099999999953 0.00000000099999999953 0.00000000099999999953 0.00000000099999999953 0.00000000099999999953 0.00000000099999999953 0.00000000099999999953
