1:	0.2402 0.0222 0.0687 0.0066 0.0570 0.0000 0.0189 0.0177 0.4253 0.0000 0.1435 	7
2:	0.0534 0.0206 0.0443 0.0044 0.5102 0.0074 0.0000 0.0000 0.0768 0.1161 0.1667 	6
3:	0.0000 0.0000 0.0000 0.0000 0.0000 0.0000 0.0000 0.3221 0.3970 0.2299 0.0511 	4
4:	0.1747 0.0038 0.2460 0.0028 0.0275 0.0064 0.0052 0.0867 0.2031 0.1480 0.0960 	16
5:	0.5472 0.0171 0.2850 0.0000 0.0000 0.0011 0.0000 0.1497 0.0000 0.0000 0.0000 	1
6:	0.1792 0.0918 0.0104 0.0883 0.1177 0.0451 0.0503 0.1361 0.0364 0.1842 0.0605 	23
7:	0.1905 0.0025 0.0248 0.0000 0.0726 0.1667 0.1346 0.1228 0.1707 0.0428 0.0720 	6
8:	0.0000 0.0000 0.2186 0.0146 0.0000 0.0221 0.0000 0.0000 0.0000 0.2446 0.5000 	2
9:	0.0000 0.0000 1.0000 0.0000 0.0000 0.0000 0.0000 0.0000 0.0000 0.0000 0.0000 	1
10:	0.0823 0.0000 0.1971 0.0078 0.0218 0.0052 0.2846 0.0337 0.0641 0.2321 0.0712 	10
